FLMS05510_1:101		
187.856	-33.8079	
188.32	-33.8079	
188.785	-33.8079	
189.249	-81.64249	
189.713	-86.67989	
190.178	-99.27522	
190.642	-86.67989	
191.106	-99.27522	
191.57	-119.43318	
192.034	-6.13122	
192.498	-36.32458	
192.963	-51.42682	
193.427	-96.75594	
193.89	-16.19403	
194.354	69.28792	
194.818	24.0474	
195.282	46.67175	
195.746	104.45244	
196.21	34.10368	
196.673	212.33614	
197.137	119.51695	
197.601	111.98514	
198.064	149.63525	
198.528	234.89351	
198.991	179.73932	
199.454	182.24736	
199.918	224.86898	
200.381	227.37526	
200.844	279.98477	
201.308	292.50459	
201.771	204.81526	
202.234	355.06798	
202.697	322.54242	
203.16	267.46255	
203.623	365.07263	
204.086	355.06798	
204.549	335.05415	
205.012	315.03425	
205.475	347.5635	
205.938	320.0398	
206.4	375.07578	
206.863	300.01534	
207.326	279.98477	
207.788	342.56004	
208.251	357.56928	
208.714	279.98477	
209.176	327.5474	
209.639	387.5776	
210.101	335.05415	
210.563	402.57669	
211.026	307.52522	
211.488	332.55199	
211.95	337.55621	
212.412	300.01534	
212.874	284.99299	
213.337	307.52522	
213.799	365.07263	
214.261	332.55199	
214.723	277.48052	
215.184	264.95782	
215.646	297.51185	
216.108	290.00082	
216.57	365.07263	
217.032	282.48893	
217.493	345.06182	
217.955	332.55199	
218.417	372.57513	
218.878	284.99299	
219.34	320.0398	
219.801	345.06182	
220.263	360.07049	
220.724	290.00082	
221.185	274.97617	
221.647	272.47173	
222.108	269.96719	
222.569	272.47173	
223.03	262.45299	
223.491	315.03425	
223.952	330.04974	
224.413	322.54242	
224.874	345.06182	
225.335	264.95782	
225.796	300.01534	
226.257	332.55199	
226.718	345.06182	
227.179	279.98477	
227.639	320.0398	
228.1	332.55199	
228.561	274.97617	
229.021	274.97617	
229.482	347.5635	
229.942	282.48893	
230.403	290.00082	
230.863	254.93793	
231.323	295.00827	
231.784	227.37526	
232.244	254.93793	
232.704	332.55199	
233.164	375.07578	
233.625	279.98477	
234.085	357.56928	
234.545	315.03425	
235.005	405.07622	
235.465	340.05817	
235.925	327.5474	
236.384	232.38753	
236.844	315.03425	
237.304	244.91649	
237.764	277.48052	
238.223	312.53134	
238.683	330.04974	
239.143	239.9052	
239.602	340.05817	
240.062	302.51873	
240.521	300.01534	
240.98	327.5474	
241.44	342.56004	
241.899	282.48893	
242.358	305.02202	
242.818	302.51873	
243.277	297.51185	
243.736	249.9274	
244.195	279.98477	
244.654	264.95782	
245.113	350.06509	
245.572	272.47173	
246.031	407.57565	
246.49	312.53134	
246.949	360.07049	
247.408	277.48052	
247.866	310.02833	
248.325	342.56004	
248.784	279.98477	
249.242	292.50459	
249.701	297.51185	
250.159	327.5474	
250.618	325.04496	
251.076	352.56658	
251.534	355.06798	
251.993	357.56928	
252.451	297.51185	
252.909	325.04496	
253.368	360.07049	
253.826	330.04974	
254.284	307.52522	
254.742	267.46255	
255.2	305.02202	
255.658	297.51185	
256.116	327.5474	
256.574	307.52522	
257.031	337.55621	
257.489	274.97617	
257.947	327.5474	
258.405	377.57633	
258.862	422.57027	
259.32	317.53707	
259.777	330.04974	
260.235	382.57715	
260.692	342.56004	
261.15	370.07439	
261.607	327.5474	
262.065	337.55621	
262.522	360.07049	
262.979	295.00827	
263.436	282.48893	
263.893	312.53134	
264.351	287.49695	
264.808	352.56658	
265.265	350.06509	
265.722	355.06798	
266.178	425.06904	
266.635	337.55621	
267.092	395.07757	
267.549	297.51185	
268.006	315.03425	
268.462	325.04496	
268.919	272.47173	
269.376	345.06182	
269.832	282.48893	
270.289	395.07757	
270.745	279.98477	
271.202	325.04496	
271.658	300.01534	
272.114	330.04974	
272.571	325.04496	
273.027	347.5635	
273.483	279.98477	
273.939	317.53707	
274.395	397.57737	
274.851	365.07263	
275.307	367.57356	
275.763	277.48052	
276.219	382.57715	
276.675	342.56004	
277.131	365.07263	
277.587	357.56928	
278.042	337.55621	
278.498	365.07263	
278.954	370.07439	
279.409	345.06182	
279.865	322.54242	
280.32	302.51873	
280.776	400.07708	
281.231	382.57715	
281.687	259.94807	
282.142	375.07578	
282.597	335.05415	
283.052	362.57161	
283.508	284.99299	
283.963	267.46255	
284.418	365.07263	
284.873	320.0398	
285.328	335.05415	
285.783	415.07337	
286.238	382.57715	
286.693	310.02833	
287.147	397.57737	
287.602	380.07679	
288.057	410.07498	
288.512	295.00827	
288.966	302.51873	
289.421	397.57737	
289.875	362.57161	
290.33	307.52522	
290.784	370.07439	
291.239	244.91649	
291.693	367.57356	
292.147	330.04974	
292.602	342.56004	
293.056	377.57633	
293.51	345.06182	
293.964	357.56928	
294.418	292.50459	
294.872	310.02833	
295.326	357.56928	
295.78	305.02202	
296.234	407.57565	
296.688	330.04974	
297.142	347.5635	
297.595	367.57356	
298.049	335.05415	
298.503	347.5635	
298.956	387.5776	
299.41	362.57161	
299.863	342.56004	
300.317	330.04974	
300.77	352.56658	
301.224	312.53134	
301.677	295.00827	
302.13	415.07337	
302.584	312.53134	
303.037	325.04496	
303.49	420.0714	
303.943	370.07439	
304.396	360.07049	
304.849	370.07439	
305.302	385.07742	
305.755	312.53134	
306.208	272.47173	
306.661	472.52825	
307.114	347.5635	
307.566	415.07337	
308.019	360.07049	
308.472	264.95782	
308.924	375.07578	
309.377	332.55199	
309.829	370.07439	
310.282	342.56004	
310.734	345.06182	
311.187	295.00827	
311.639	350.06509	
312.091	392.57767	
312.543	335.05415	
312.995	405.07622	
313.448	390.07768	
313.9	317.53707	
314.352	360.07049	
314.804	284.99299	
315.256	350.06509	
315.708	327.5474	
316.159	337.55621	
316.611	312.53134	
317.063	279.98477	
317.515	312.53134	
317.966	317.53707	
318.418	327.5474	
318.87	335.05415	
319.321	297.51185	
319.773	320.0398	
320.224	342.56004	
320.675	352.56658	
321.127	370.07439	
321.578	387.5776	
322.029	322.54242	
322.48	315.03425	
322.932	320.0398	
323.383	297.51185	
323.834	347.5635	
324.285	360.07049	
324.736	330.04974	
325.187	352.56658	
325.638	272.47173	
326.088	367.57356	
326.539	377.57633	
326.99	312.53134	
327.441	340.05817	
327.891	370.07439	
328.342	382.57715	
328.792	352.56658	
329.243	355.06798	
329.693	302.51873	
330.144	352.56658	
330.594	360.07049	
331.044	355.06798	
331.495	400.07708	
331.945	435.06323	
332.395	360.07049	
332.845	342.56004	
333.295	340.05817	
333.745	397.57737	
334.195	375.07578	
334.645	362.57161	
335.095	320.0398	
335.545	367.57356	
335.995	382.57715	
336.444	380.07679	
336.894	284.99299	
337.344	262.45299	
337.793	402.57669	
338.243	365.07263	
338.692	387.5776	
339.142	350.06509	
339.591	415.07337	
340.041	335.05415	
340.49	400.07708	
340.939	272.47173	
341.388	427.56773	
341.838	340.05817	
342.287	330.04974	
342.736	427.56773	
343.185	340.05817	
343.634	402.57669	
344.083	392.57767	
344.532	397.57737	
344.981	382.57715	
345.429	307.52522	
345.878	355.06798	
346.327	395.07757	
346.776	357.56928	
347.224	395.07757	
347.673	447.55388	
348.121	325.04496	
348.57	350.06509	
349.018	407.57565	
349.467	365.07263	
349.915	367.57356	
350.363	405.07622	
350.811	302.51873	
351.26	357.56928	
351.708	315.03425	
352.156	407.57565	
352.604	435.06323	
353.052	385.07742	
353.5	317.53707	
353.948	320.0398	
354.396	372.57513	
354.843	425.06904	
355.291	370.07439	
355.739	367.57356	
356.186	362.57161	
356.634	335.05415	
357.082	385.07742	
357.529	457.54473	
357.977	397.57737	
358.424	350.06509	
358.871	375.07578	
359.319	415.07337	
359.766	382.57715	
360.213	317.53707	
360.661	372.57513	
361.108	335.05415	
361.555	435.06323	
362.002	330.04974	
362.449	317.53707	
362.896	385.07742	
363.343	325.04496	
363.79	290.00082	
364.236	312.53134	
364.683	327.5474	
365.13	365.07263	
365.577	330.04974	
366.023	402.57669	
366.47	350.06509	
366.916	387.5776	
367.363	370.07439	
367.809	327.5474	
368.256	390.07768	
368.702	387.5776	
369.148	397.57737	
369.594	337.55621	
370.041	347.5635	
370.487	412.57423	
370.933	382.57715	
371.379	357.56928	
371.825	367.57356	
372.271	417.57243	
372.717	355.06798	
373.163	420.0714	
373.608	352.56658	
374.054	352.56658	
374.5	387.5776	
374.946	360.07049	
375.391	397.57737	
375.837	400.07708	
376.282	380.07679	
376.728	392.57767	
377.173	327.5474	
377.618	442.5579	
378.064	372.57513	
378.509	462.53961	
378.954	355.06798	
379.4	402.57669	
379.845	385.07742	
380.29	410.07498	
380.735	300.01534	
381.18	335.05415	
381.625	360.07049	
382.07	330.04974	
382.514	417.57243	
382.959	342.56004	
383.404	320.0398	
383.849	352.56658	
384.293	372.57513	
384.738	357.56928	
385.183	480.01877	
385.627	322.54242	
386.072	365.07263	
386.516	380.07679	
386.96	342.56004	
387.405	347.5635	
387.849	345.06182	
388.293	380.07679	
388.737	372.57513	
389.181	385.07742	
389.626	382.57715	
390.07	390.07768	
390.514	337.55621	
390.957	475.02518	
391.401	375.07578	
391.845	335.05415	
392.289	357.56928	
392.733	387.5776	
393.176	345.06182	
393.62	350.06509	
394.064	405.07622	
394.507	442.5579	
394.951	417.57243	
395.394	325.04496	
395.838	387.5776	
396.281	355.06798	
396.724	325.04496	
397.168	427.56773	
397.611	340.05817	
398.054	377.57633	
398.497	380.07679	
398.94	295.00827	
399.383	417.57243	
399.826	387.5776	
400.269	447.55388	
400.712	372.57513	
401.155	460.04221	
401.597	377.57633	
402.04	377.57633	
402.483	427.56773	
402.925	385.07742	
403.368	402.57669	
403.811	487.50846	
404.253	432.56482	
404.696	462.53961	
405.138	385.07742	
405.58	430.06632	
406.023	387.5776	
406.465	465.0369	
406.907	425.06904	
407.349	460.04221	
407.791	387.5776	
408.233	422.57027	
408.675	410.07498	
409.117	445.05593	
409.559	442.5579	
410.001	427.56773	
410.443	380.07679	
410.885	432.56482	
411.326	445.05593	
411.768	430.06632	
412.21	512.46816	
412.651	457.54473	
413.093	350.06509	
413.534	435.06323	
413.975	522.44948	
414.417	485.01199	
414.858	397.57737	
415.299	477.52202	
415.741	450.05173	
416.182	415.07337	
416.623	410.07498	
417.064	372.57513	
417.505	427.56773	
417.946	402.57669	
418.387	425.06904	
418.828	467.53411	
419.269	485.01199	
419.709	452.54949	
420.15	460.04221	
420.591	375.07578	
421.031	427.56773	
421.472	485.01199	
421.913	475.02518	
422.353	417.57243	
422.794	415.07337	
423.234	422.57027	
423.674	539.91331	
424.115	420.0714	
424.555	427.56773	
424.995	460.04221	
425.435	450.05173	
425.875	427.56773	
426.315	432.56482	
426.755	477.52202	
427.195	407.57565	
427.635	477.52202	
428.075	472.52825	
428.515	494.99733	
428.955	482.51542	
429.394	432.56482	
429.834	392.57767	
430.274	435.06323	
430.713	480.01877	
431.153	529.93452	
431.592	445.05593	
432.031	445.05593	
432.471	455.04716	
432.91	492.50113	
433.349	452.54949	
433.789	509.9726	
434.228	460.04221	
434.667	485.01199	
435.106	614.70824	
435.545	744.16366	
435.984	776.49066	
436.423	582.30702	
436.862	624.67482	
437.301	539.91331	
437.739	509.9726	
438.178	527.4396	
438.617	440.05977	
439.055	415.07337	
439.494	532.42936	
439.932	432.56482	
440.371	467.53411	
440.809	467.53411	
441.248	395.07757	
441.686	430.06632	
442.124	499.98945	
442.563	452.54949	
443.001	482.51542	
443.439	529.93452	
443.877	537.41875	
444.315	392.57767	
444.753	430.06632	
445.191	470.03123	
445.629	467.53411	
446.067	412.57423	
446.504	425.06904	
446.942	482.51542	
447.38	477.52202	
447.817	487.50846	
448.255	465.0369	
448.693	430.06632	
449.13	519.95429	
449.568	497.49343	
450.005	527.4396	
450.442	539.91331	
450.88	522.44948	
451.317	452.54949	
451.754	502.48537	
452.191	492.50113	
452.628	507.47695	
453.065	465.0369	
453.502	499.98945	
453.939	564.85394	
454.376	564.85394	
454.813	542.40778	
455.25	460.04221	
455.686	437.56154	
456.123	480.01877	
456.56	529.93452	
456.996	539.91331	
457.433	447.55388	
457.869	512.46816	
458.306	512.46816	
458.742	442.5579	
459.179	477.52202	
459.615	462.53961	
460.051	504.98121	
460.487	519.95429	
460.924	430.06632	
461.36	537.41875	
461.796	514.96363	
462.232	599.75571	
462.668	482.51542	
463.104	507.47695	
463.539	517.459	
463.975	504.98121	
464.411	497.49343	
464.847	440.05977	
465.282	537.41875	
465.718	417.57243	
466.153	514.96363	
466.589	562.36028	
467.024	462.53961	
467.46	457.54473	
467.895	547.39645	
468.33	460.04221	
468.766	589.78557	
469.201	604.74024	
469.636	502.48537	
470.071	512.46816	
470.506	467.53411	
470.941	507.47695	
471.376	460.04221	
471.811	534.9241	
472.246	509.9726	
472.681	557.3727	
473.115	572.33437	
473.55	562.36028	
473.985	524.94459	
474.419	552.38475	
474.854	537.41875	
475.288	594.77082	
475.723	549.89064	
476.157	470.03123	
476.592	539.91331	
477.026	517.459	
477.46	569.84098	
477.894	557.3727	
478.329	572.33437	
478.763	557.3727	
479.197	587.29281	
479.631	547.39645	
480.065	457.54473	
480.499	559.86654	
480.932	597.26331	
481.366	557.3727	
481.8	552.38475	
482.234	622.18331	
482.667	572.33437	
483.101	587.29281	
483.535	667.01693	
483.968	584.79996	
484.401	649.58504	
484.835	644.6037	
485.268	467.53411	
485.702	642.1129	
486.135	599.75571	
486.568	592.27824	
487.001	624.67482	
487.434	671.99667	
487.867	669.50684	
488.3	642.1129	
488.733	694.40119	
489.166	679.46564	
489.599	694.40119	
490.032	662.03683	
490.464	624.67482	
490.897	674.48642	
491.33	647.09441	
491.762	649.58504	
492.195	679.46564	
492.627	649.58504	
493.06	619.69171	
493.492	662.03683	
493.925	681.95511	
494.357	676.97607	
494.789	647.09441	
495.221	637.13103	
495.653	599.75571	
496.086	659.54665	
496.518	612.21638	
496.95	726.75075	
497.382	567.34751	
497.813	622.18331	
498.245	671.99667	
498.677	634.63997	
499.109	612.21638	
499.54	582.30702	
499.972	669.50684	
500.404	654.56602	
500.835	609.72442	
501.267	609.72442	
501.698	549.89064	
502.129	532.42936	
502.561	654.56602	
502.992	627.16624	
503.423	557.3727	
503.855	592.27824	
504.286	529.93452	
504.717	629.65757	
505.148	602.24802	
505.579	482.51542	
506.01	619.69171	
506.441	612.21638	
506.871	632.14881	
507.302	664.52692	
507.733	559.86654	
508.163	607.23238	
508.594	654.56602	
509.025	604.74024	
509.455	629.65757	
509.886	592.27824	
510.316	667.01693	
510.746	644.6037	
511.177	619.69171	
511.607	696.89014	
512.037	579.81399	
512.467	652.07557	
512.898	639.62201	
513.328	652.07557	
513.758	602.24802	
514.188	642.1129	
514.617	624.67482	
515.047	607.23238	
515.477	594.77082	
515.907	594.77082	
516.337	574.82767	
516.766	569.84098	
517.196	686.93381	
517.625	599.75571	
518.055	604.74024	
518.484	619.69171	
518.914	592.27824	
519.343	592.27824	
519.772	507.47695	
520.202	599.75571	
520.631	696.89014	
521.06	594.77082	
521.489	619.69171	
521.918	597.26331	
522.347	552.38475	
522.776	627.16624	
523.205	554.87877	
523.634	537.41875	
524.063	582.30702	
524.491	649.58504	
524.92	492.50113	
525.349	534.9241	
525.777	597.26331	
526.206	509.9726	
526.634	607.23238	
527.063	629.65757	
527.491	619.69171	
527.919	671.99667	
528.348	577.32088	
528.776	582.30702	
529.204	602.24802	
529.632	597.26331	
530.06	639.62201	
530.488	637.13103	
530.916	524.94459	
531.344	514.96363	
531.772	662.03683	
532.2	602.24802	
532.627	627.16624	
533.055	669.50684	
533.483	639.62201	
533.91	699.379	
534.338	699.379	
534.765	642.1129	
535.193	632.14881	
535.62	657.05638	
536.048	637.13103	
536.475	582.30702	
536.902	604.74024	
537.329	639.62201	
537.757	642.1129	
538.184	667.01693	
538.611	654.56602	
539.038	684.4445	
539.465	746.65087	
539.892	709.33359	
540.318	776.49066	
540.745	729.23857	
541.172	898.20873	
541.599	870.90197	
542.025	945.35108	
542.452	1094.02621	
542.878	975.10973	
543.305	1009.81314	
543.731	883.3154	
544.158	925.50534	
544.584	865.93601	
545.01	900.69066	
545.436	1046.97755	
545.862	1042.02335	
546.289	1133.62358	
546.715	1098.97701	
547.141	1012.29134	
547.567	915.58047	
547.993	818.74251	
548.418	811.2881	
548.844	764.05892	
549.27	769.03187	
549.696	806.31806	
550.121	761.57232	
550.547	764.05892	
550.972	818.74251	
551.398	681.95511	
551.823	741.67636	
552.249	639.62201	
552.674	599.75571	
553.099	647.09441	
553.525	674.48642	
553.95	629.65757	
554.375	711.82202	
554.8	622.18331	
555.225	667.01693	
555.65	669.50684	
556.075	567.34751	
556.5	584.79996	
556.925	694.40119	
557.349	617.20002	
557.774	662.03683	
558.199	577.32088	
558.623	684.4445	
559.048	629.65757	
559.472	612.21638	
559.897	659.54665	
560.321	502.48537	
560.746	504.98121	
561.17	642.1129	
561.594	574.82767	
562.018	567.34751	
562.443	539.91331	
562.867	629.65757	
563.291	664.52692	
563.715	549.89064	
564.139	542.40778	
564.562	612.21638	
564.986	607.23238	
565.41	619.69171	
565.834	547.39645	
566.257	549.89064	
566.681	534.9241	
567.105	602.24802	
567.528	607.23238	
567.952	627.16624	
568.375	667.01693	
568.798	579.81399	
569.222	569.84098	
569.645	557.3727	
570.068	582.30702	
570.491	497.49343	
570.914	512.46816	
571.337	597.26331	
571.76	617.20002	
572.183	579.81399	
572.606	577.32088	
573.029	554.87877	
573.452	587.29281	
573.875	602.24802	
574.297	602.24802	
574.72	527.4396	
575.143	559.86654	
575.565	562.36028	
575.988	519.95429	
576.41	559.86654	
576.832	592.27824	
577.255	686.93381	
577.677	599.75571	
578.099	532.42936	
578.521	662.03683	
578.943	624.67482	
579.365	676.97607	
579.787	632.14881	
580.209	629.65757	
580.631	619.69171	
581.053	574.82767	
581.475	706.84507	
581.897	544.90216	
582.318	617.20002	
582.74	602.24802	
583.162	649.58504	
583.583	622.18331	
584.005	604.74024	
584.426	557.3727	
584.847	564.85394	
585.269	622.18331	
585.69	634.63997	
586.111	584.79996	
586.532	542.40778	
586.954	644.6037	
587.375	644.6037	
587.796	709.33359	
588.217	629.65757	
588.637	599.75571	
589.058	554.87877	
589.479	599.75571	
589.9	622.18331	
590.32	632.14881	
590.741	542.40778	
591.162	579.81399	
591.582	686.93381	
592.003	549.89064	
592.423	629.65757	
592.844	599.75571	
593.264	662.03683	
593.684	662.03683	
594.104	452.54949	
594.524	642.1129	
594.945	537.41875	
595.365	624.67482	
595.785	604.74024	
596.205	504.98121	
596.625	624.67482	
597.044	547.39645	
597.464	619.69171	
597.884	549.89064	
598.304	589.78557	
598.723	614.70824	
599.143	587.29281	
599.562	632.14881	
599.982	577.32088	
600.401	627.16624	
600.821	609.72442	
601.24	647.09441	
601.659	584.79996	
602.078	562.36028	
602.498	537.41875	
602.917	557.3727	
603.336	567.34751	
603.755	594.77082	
604.174	599.75571	
604.593	552.38475	
605.011	582.30702	
605.43	597.26331	
605.849	614.70824	
606.268	477.52202	
606.686	629.65757	
607.105	529.93452	
607.523	572.33437	
607.942	569.84098	
608.36	632.14881	
608.779	597.26331	
609.197	597.26331	
609.615	724.26285	
610.033	657.05638	
610.451	833.64903	
610.87	1034.59145	
611.288	1222.6431	
611.706	1279.46331	
612.124	1163.30817	
612.541	1086.59942	
612.959	915.58047	
613.377	940.39014	
613.795	848.55249	
614.212	811.2881	
614.63	751.62503	
615.048	652.07557	
615.465	739.18897	
615.883	622.18331	
616.3	549.89064	
616.717	589.78557	
617.135	524.94459	
617.552	497.49343	
617.969	499.98945	
618.386	472.52825	
618.803	552.38475	
619.22	574.82767	
619.637	577.32088	
620.054	487.50846	
620.471	544.90216	
620.888	504.98121	
621.305	514.96363	
621.721	582.30702	
622.138	567.34751	
622.555	549.89064	
622.971	604.74024	
623.388	430.06632	
623.804	554.87877	
624.221	587.29281	
624.637	507.47695	
625.053	644.6037	
625.47	567.34751	
625.886	574.82767	
626.302	502.48537	
626.718	542.40778	
627.134	494.99733	
627.55	542.40778	
627.966	539.91331	
628.382	440.05977	
628.797	480.01877	
629.213	549.89064	
629.629	485.01199	
630.045	577.32088	
630.46	537.41875	
630.876	582.30702	
631.291	467.53411	
631.707	529.93452	
632.122	592.27824	
632.537	522.44948	
632.953	519.95429	
633.368	527.4396	
633.783	542.40778	
634.198	524.94459	
634.613	524.94459	
635.028	547.39645	
635.443	522.44948	
635.858	460.04221	
636.273	485.01199	
636.688	395.07757	
637.102	467.53411	
637.517	549.89064	
637.932	487.50846	
638.346	455.04716	
638.761	549.89064	
639.175	492.50113	
639.59	562.36028	
640.004	472.52825	
640.418	504.98121	
640.832	452.54949	
641.247	494.99733	
641.661	470.03123	
642.075	514.96363	
642.489	480.01877	
642.903	485.01199	
643.317	490.00484	
643.731	507.47695	
644.145	470.03123	
644.558	512.46816	
644.972	490.00484	
645.386	437.56154	
645.799	512.46816	
646.213	492.50113	
646.626	470.03123	
647.04	407.57565	
647.453	397.57737	
647.866	465.0369	
648.28	480.01877	
648.693	442.5579	
649.106	497.49343	
649.519	442.5579	
649.932	524.94459	
650.345	492.50113	
650.758	440.05977	
651.171	452.54949	
651.584	499.98945	
651.997	420.0714	
652.41	480.01877	
652.822	472.52825	
653.235	509.9726	
653.647	497.49343	
654.06	412.57423	
654.472	462.53961	
654.885	425.06904	
655.297	467.53411	
655.71	452.54949	
656.122	440.05977	
656.534	529.93452	
656.946	509.9726	
657.358	522.44948	
657.77	509.9726	
658.182	457.54473	
658.594	427.56773	
659.006	412.57423	
659.418	480.01877	
659.83	517.459	
660.241	422.57027	
660.653	467.53411	
661.065	445.05593	
661.476	397.57737	
661.888	427.56773	
662.299	415.07337	
662.71	492.50113	
663.122	475.02518	
663.533	527.4396	
663.944	537.41875	
664.355	460.04221	
664.767	475.02518	
665.178	539.91331	
665.589	502.48537	
666	457.54473	
666.41	477.52202	
666.821	445.05593	
667.232	472.52825	
667.643	420.0714	
668.053	447.55388	
668.464	522.44948	
668.875	415.07337	
669.285	445.05593	
669.696	342.56004	
670.106	477.52202	
670.516	430.06632	
670.927	455.04716	
671.337	405.07622	
671.747	480.01877	
672.157	437.56154	
672.567	437.56154	
672.977	410.07498	
673.387	440.05977	
673.797	437.56154	
674.207	432.56482	
674.617	477.52202	
675.027	387.5776	
675.436	442.5579	
675.846	442.5579	
676.256	390.07768	
676.665	432.56482	
677.075	447.55388	
677.484	405.07622	
677.893	410.07498	
678.303	417.57243	
678.712	445.05593	
679.121	447.55388	
679.53	410.07498	
679.939	442.5579	
680.348	427.56773	
680.757	494.99733	
681.166	487.50846	
681.575	437.56154	
681.984	445.05593	
682.393	412.57423	
682.802	504.98121	
683.21	417.57243	
683.619	462.53961	
684.027	445.05593	
684.436	395.07757	
684.844	420.0714	
685.253	382.57715	
685.661	465.0369	
686.069	420.0714	
686.477	470.03123	
686.886	457.54473	
687.294	395.07757	
687.702	475.02518	
688.11	402.57669	
688.518	422.57027	
688.926	352.56658	
689.333	455.04716	
689.741	430.06632	
690.149	450.05173	
690.557	395.07757	
690.964	405.07622	
691.372	330.04974	
691.779	427.56773	
692.187	497.49343	
692.594	425.06904	
693.001	485.01199	
693.409	467.53411	
693.816	457.54473	
694.223	412.57423	
694.63	415.07337	
695.037	475.02518	
695.444	417.57243	
695.851	437.56154	
696.258	440.05977	
696.665	390.07768	
697.072	400.07708	
697.479	402.57669	
697.885	442.5579	
698.292	422.57027	
698.698	427.56773	
699.105	387.5776	
699.511	395.07757	
699.918	430.06632	
700.324	395.07757	
700.73	407.57565	
701.137	427.56773	
701.543	440.05977	
701.949	377.57633	
702.355	325.04496	
702.761	407.57565	
703.167	382.57715	
703.573	387.5776	
703.979	417.57243	
704.385	460.04221	
704.79	367.57356	
705.196	390.07768	
705.602	412.57423	
706.007	372.57513	
706.413	427.56773	
706.818	417.57243	
707.224	387.5776	
707.629	440.05977	
708.034	450.05173	
708.439	442.5579	
708.845	372.57513	
709.25	447.55388	
709.655	477.52202	
710.06	342.56004	
710.465	470.03123	
710.87	365.07263	
711.275	427.56773	
711.679	492.50113	
712.084	390.07768	
712.489	347.5635	
712.893	355.06798	
713.298	447.55388	
713.702	415.07337	
714.107	322.54242	
714.511	427.56773	
714.916	420.0714	
715.32	432.56482	
715.724	420.0714	
716.128	370.07439	
716.533	432.56482	
716.937	412.57423	
717.341	390.07768	
717.745	427.56773	
718.149	402.57669	
718.552	380.07679	
718.956	345.06182	
719.36	392.57767	
719.764	457.54473	
720.167	380.07679	
720.571	437.56154	
720.974	380.07679	
721.378	405.07622	
721.781	362.57161	
722.185	432.56482	
722.588	387.5776	
722.991	432.56482	
723.394	445.05593	
723.797	390.07768	
724.2	365.07263	
724.603	442.5579	
725.006	335.05415	
725.409	365.07263	
725.812	397.57737	
726.215	415.07337	
726.618	370.07439	
727.02	355.06798	
727.423	385.07742	
727.826	367.57356	
728.228	415.07337	
728.631	402.57669	
729.033	370.07439	
729.435	400.07708	
729.838	382.57715	
730.24	440.05977	
730.642	300.01534	
731.044	317.53707	
731.446	477.52202	
731.848	355.06798	
732.25	442.5579	
732.652	352.56658	
733.054	382.57715	
733.456	412.57423	
733.857	440.05977	
734.259	445.05593	
734.661	430.06632	
735.062	395.07757	
735.464	360.07049	
735.865	357.56928	
736.267	425.06904	
736.668	382.57715	
737.069	375.07578	
737.47	382.57715	
737.872	482.51542	
738.273	410.07498	
738.674	494.99733	
739.075	395.07757	
739.476	345.06182	
739.877	480.01877	
740.278	382.57715	
740.678	370.07439	
741.079	390.07768	
741.48	440.05977	
741.88	392.57767	
742.281	405.07622	
742.681	407.57565	
743.082	372.57513	
743.482	367.57356	
743.882	470.03123	
744.283	340.05817	
744.683	402.57669	
745.083	355.06798	
745.483	457.54473	
745.883	307.52522	
746.283	412.57423	
746.683	375.07578	
747.083	380.07679	
747.483	412.57423	
747.883	352.56658	
748.282	380.07679	
748.682	390.07768	
749.082	352.56658	
749.481	400.07708	
749.881	355.06798	
750.28	357.56928	
750.679	337.55621	
751.079	380.07679	
751.478	352.56658	
751.877	375.07578	
752.276	367.57356	
752.675	372.57513	
753.074	437.56154	
753.473	370.07439	
753.872	320.0398	
754.271	352.56658	
754.67	350.06509	
755.069	442.5579	
755.467	457.54473	
755.866	402.57669	
756.265	405.07622	
756.663	462.53961	
757.062	395.07757	
757.46	427.56773	
757.858	385.07742	
758.257	335.05415	
758.655	400.07708	
759.053	390.07768	
759.451	392.57767	
759.849	350.06509	
760.247	420.0714	
760.645	407.57565	
761.043	452.54949	
761.441	514.96363	
761.839	417.57243	
762.237	282.48893	
762.634	347.5635	
763.032	450.05173	
763.429	395.07757	
763.827	337.55621	
764.224	430.06632	
764.622	417.57243	
765.019	362.57161	
765.416	360.07049	
765.814	352.56658	
766.211	327.5474	
766.608	392.57767	
767.005	345.06182	
767.402	472.52825	
767.799	330.04974	
768.196	362.57161	
768.593	355.06798	
768.989	355.06798	
769.386	390.07768	
769.783	417.57243	
770.179	279.98477	
770.576	395.07757	
770.972	415.07337	
771.369	337.55621	
771.765	372.57513	
772.161	412.57423	
772.558	455.04716	
772.954	345.06182	
773.35	407.57565	
773.746	430.06632	
774.142	355.06798	
774.538	390.07768	
774.934	410.07498	
775.33	367.57356	
775.726	352.56658	
776.121	320.0398	
776.517	347.5635	
776.913	372.57513	
777.308	402.57669	
777.704	310.02833	
778.099	427.56773	
778.495	407.57565	
778.89	330.04974	
779.285	400.07708	
779.68	307.52522	
780.076	352.56658	
780.471	332.55199	
780.866	412.57423	
781.261	437.56154	
781.656	452.54949	
782.051	370.07439	
782.445	360.07049	
782.84	335.05415	
783.235	322.54242	
783.63	375.07578	
784.024	397.57737	
784.419	387.5776	
784.813	445.05593	
785.208	365.07263	
785.602	305.02202	
785.996	347.5635	
786.391	322.54242	
786.785	450.05173	
787.179	430.06632	
787.573	385.07742	
787.967	392.57767	
788.361	315.03425	
788.755	327.5474	
789.149	377.57633	
789.543	300.01534	
789.936	320.0398	
790.33	295.00827	
790.724	417.57243	
791.117	382.57715	
791.511	322.54242	
791.904	357.56928	
792.298	360.07049	
792.691	357.56928	
793.084	380.07679	
793.477	375.07578	
793.871	467.53411	
794.264	417.57243	
794.657	347.5635	
795.05	342.56004	
795.443	350.06509	
795.836	322.54242	
796.228	382.57715	
796.621	447.55388	
797.014	340.05817	
797.406	377.57633	
797.799	350.06509	
798.192	370.07439	
798.584	422.57027	
798.976	387.5776	
799.369	412.57423	
799.761	327.5474	
800.153	382.57715	
800.546	415.07337	
800.938	347.5635	
801.33	390.07768	
801.722	342.56004	
802.114	300.01534	
802.506	365.07263	
802.897	292.50459	
803.289	337.55621	
803.681	350.06509	
804.073	402.57669	
804.464	350.06509	
804.856	365.07263	
805.247	332.55199	
805.639	407.57565	
806.03	350.06509	
806.421	422.57027	
806.813	315.03425	
807.204	350.06509	
807.595	382.57715	
807.986	417.57243	
808.377	460.04221	
808.768	380.07679	
809.159	392.57767	
809.55	405.07622	
809.941	407.57565	
810.331	422.57027	
810.722	272.47173	
811.113	380.07679	
811.503	405.07622	
811.894	382.57715	
812.284	410.07498	
812.675	405.07622	
813.065	382.57715	
813.455	380.07679	
813.846	395.07757	
814.236	352.56658	
814.626	330.04974	
815.016	375.07578	
815.406	297.51185	
815.796	425.06904	
816.186	345.06182	
816.575	337.55621	
816.965	345.06182	
817.355	397.57737	
817.745	350.06509	
818.134	380.07679	
818.524	452.54949	
818.913	385.07742	
819.303	372.57513	
819.692	332.55199	
820.081	272.47173	
820.47	325.04496	
820.86	425.06904	
821.249	365.07263	
821.638	315.03425	
822.027	355.06798	
822.416	365.07263	
822.805	395.07757	
823.193	305.02202	
823.582	385.07742	
823.971	400.07708	
824.36	330.04974	
824.748	315.03425	
825.137	345.06182	
825.525	395.07757	
825.914	347.5635	
826.302	402.57669	
826.69	300.01534	
827.079	380.07679	
827.467	400.07708	
827.855	307.52522	
828.243	405.07622	
828.631	302.51873	
829.019	382.57715	
829.407	382.57715	
829.795	392.57767	
830.182	395.07757	
830.57	395.07757	
830.958	445.05593	
831.345	395.07757	
831.733	395.07757	
832.12	315.03425	
832.508	340.05817	
832.895	370.07439	
833.283	335.05415	
833.67	360.07049	
834.057	370.07439	
834.444	337.55621	
834.831	422.57027	
835.218	269.96719	
835.605	382.57715	
835.992	377.57633	
836.379	402.57669	
836.766	410.07498	
837.152	337.55621	
837.539	320.0398	
837.926	382.57715	
838.312	345.06182	
838.699	382.57715	
839.085	332.55199	
839.472	342.56004	
839.858	355.06798	
840.244	365.07263	
840.63	335.05415	
841.017	390.07768	
841.403	330.04974	
841.789	395.07757	
842.175	395.07757	
842.561	415.07337	
842.946	327.5474	
843.332	327.5474	
843.718	325.04496	
844.104	340.05817	
844.489	350.06509	
844.875	337.55621	
845.26	347.5635	
845.646	335.05415	
846.031	367.57356	
846.416	347.5635	
846.802	377.57633	
847.187	417.57243	
847.572	375.07578	
847.957	352.56658	
848.342	422.57027	
848.727	382.57715	
849.112	392.57767	
849.497	370.07439	
849.882	400.07708	
850.266	375.07578	
850.651	350.06509	
851.036	350.06509	
851.42	337.55621	
851.805	447.55388	
852.189	385.07742	
852.574	422.57027	
852.958	352.56658	
853.342	357.56928	
853.726	452.54949	
854.11	390.07768	
854.495	415.07337	
854.879	435.06323	
855.263	337.55621	
855.646	355.06798	
856.03	327.5474	
856.414	390.07768	
856.798	350.06509	
857.181	342.56004	
857.565	355.06798	
857.949	337.55621	
858.332	357.56928	
858.716	312.53134	
859.099	375.07578	
859.482	355.06798	
859.866	417.57243	
860.249	332.55199	
860.632	380.07679	
861.015	370.07439	
861.398	430.06632	
861.781	417.57243	
862.164	355.06798	
862.547	377.57633	
862.929	387.5776	
863.312	372.57513	
863.695	402.57669	
864.077	355.06798	
864.46	397.57737	
864.842	362.57161	
865.225	350.06509	
865.607	380.07679	
865.99	340.05817	
866.372	252.43271	
866.754	400.07708	
867.136	382.57715	
867.518	397.57737	
867.9	317.53707	
868.282	279.98477	
868.664	352.56658	
869.046	380.07679	
869.428	382.57715	
869.809	457.54473	
870.191	382.57715	
870.573	360.07049	
870.954	322.54242	
871.336	315.03425	
871.717	392.57767	
872.099	320.0398	
872.48	347.5635	
872.861	290.00082	
873.242	335.05415	
873.623	370.07439	
874.004	332.55199	
874.385	377.57633	
874.766	307.52522	
875.147	375.07578	
875.528	417.57243	
875.909	410.07498	
876.29	392.57767	
876.67	347.5635	
877.051	360.07049	
877.431	312.53134	
877.812	357.56928	
878.192	360.07049	
878.573	387.5776	
878.953	417.57243	
879.333	370.07439	
879.713	322.54242	
880.093	387.5776	
880.473	387.5776	
880.853	407.57565	
881.233	307.52522	
881.613	390.07768	
881.993	292.50459	
882.373	327.5474	
882.753	387.5776	
883.132	352.56658	
883.512	332.55199	
883.891	385.07742	
884.271	322.54242	
884.65	392.57767	
885.029	445.05593	
885.409	325.04496	
885.788	385.07742	
886.167	395.07757	
886.546	365.07263	
886.925	380.07679	
887.304	335.05415	
887.683	315.03425	
888.062	360.07049	
888.441	415.07337	
888.82	322.54242	
889.198	320.0398	
889.577	405.07622	
889.955	422.57027	
890.334	330.04974	
890.712	395.07757	
891.091	362.57161	
891.469	415.07337	
891.847	350.06509	
892.226	387.5776	
892.604	385.07742	
892.982	355.06798	
893.36	385.07742	
893.738	362.57161	
894.116	332.55199	
894.493	405.07622	
894.871	355.06798	
895.249	400.07708	
895.627	385.07742	
896.004	385.07742	
896.382	385.07742	
896.759	415.07337	
897.137	352.56658	
897.514	335.05415	
897.891	335.05415	
898.269	355.06798	
898.646	385.07742	
899.023	415.07337	
899.4	365.07263	
899.777	279.98477	
900.154	430.06632	
900.531	290.00082	
900.908	325.04496	
901.284	390.07768	
901.661	357.56928	
902.038	242.41089	
902.414	312.53134	
902.791	355.06798	
903.167	352.56658	
903.544	367.57356	
903.92	345.06182	
904.296	415.07337	
904.672	269.96719	
905.049	325.04496	
905.425	352.56658	
905.801	305.02202	
906.177	335.05415	
906.553	362.57161	
906.929	365.07263	
907.304	385.07742	
907.68	395.07757	
908.056	400.07708	
908.431	340.05817	
908.807	400.07708	
909.182	300.01534	
909.558	345.06182	
909.933	332.55199	
910.309	392.57767	
910.684	347.5635	
911.059	397.57737	
911.434	325.04496	
911.809	420.0714	
912.184	295.00827	
912.559	282.48893	
912.934	282.48893	
913.309	365.07263	
913.684	302.51873	
914.058	440.05977	
914.433	465.0369	
914.808	325.04496	
915.182	405.07622	
915.557	395.07757	
915.931	342.56004	
916.305	360.07049	
916.68	380.07679	
917.054	410.07498	
917.428	375.07578	
917.802	390.07768	
918.176	337.55621	
918.55	377.57633	
918.924	317.53707	
919.298	340.05817	
919.672	272.47173	
920.045	382.57715	
920.419	317.53707	
920.793	332.55199	
921.166	387.5776	
921.54	365.07263	
921.913	415.07337	
922.287	287.49695	
922.66	385.07742	
923.033	372.57513	
923.406	290.00082	
923.78	355.06798	
924.153	302.51873	
924.526	350.06509	
924.899	340.05817	
925.271	367.57356	
925.644	380.07679	
926.017	335.05415	
926.39	382.57715	
926.762	367.57356	
927.135	352.56658	
927.508	432.56482	
927.88	380.07679	
928.252	330.04974	
928.625	402.57669	
928.997	355.06798	
929.369	360.07049	
929.741	347.5635	
930.114	432.56482	
930.486	415.07337	
930.858	385.07742	
931.229	332.55199	
931.601	332.55199	
931.973	355.06798	
932.345	415.07337	
932.717	355.06798	
933.088	330.04974	
933.46	390.07768	
933.831	274.97617	
934.203	360.07049	
934.574	350.06509	
934.945	352.56658	
935.317	332.55199	
935.688	365.07263	
936.059	362.57161	
936.43	367.57356	
936.801	315.03425	
937.172	370.07439	
937.543	375.07578	
937.914	420.0714	
938.284	372.57513	
938.655	340.05817	
939.026	257.44305	
939.396	375.07578	
939.767	302.51873	
940.137	415.07337	
940.508	282.48893	
940.878	362.57161	
941.248	360.07049	
941.618	350.06509	
941.989	345.06182	
942.359	345.06182	
942.729	395.07757	
943.099	372.57513	
943.469	357.56928	
943.838	430.06632	
944.208	375.07578	
944.578	350.06509	
944.948	325.04496	
945.317	337.55621	
945.687	387.5776	
946.056	380.07679	
946.426	417.57243	
946.795	410.07498	
947.164	342.56004	
947.533	342.56004	
947.903	387.5776	
948.272	297.51185	
948.641	412.57423	
949.01	325.04496	
949.379	330.04974	
949.748	377.57633	
950.116	372.57513	
950.485	340.05817	
950.854	400.07708	
951.222	382.57715	
951.591	337.55621	
951.959	390.07768	
952.328	412.57423	
952.696	392.57767	
953.065	380.07679	
953.433	337.55621	
953.801	392.57767	
954.169	390.07768	
954.537	365.07263	
954.905	362.57161	
955.273	367.57356	
955.641	370.07439	
956.009	392.57767	
956.377	370.07439	
956.744	345.06182	
957.112	347.5635	
957.479	342.56004	
957.847	310.02833	
958.214	412.57423	
958.582	395.07757	
958.949	312.53134	
959.316	325.04496	
959.684	402.57669	
960.051	325.04496	
960.418	295.00827	
960.785	310.02833	
961.152	345.06182	
961.519	300.01534	
961.885	365.07263	
962.252	365.07263	
962.619	307.52522	
962.986	284.99299	
963.352	352.56658	
963.719	279.98477	
964.085	415.07337	
964.452	372.57513	
964.818	330.04974	
965.184	330.04974	
965.55	337.55621	
965.916	370.07439	
966.283	380.07679	
966.649	342.56004	
967.015	267.46255	
967.38	332.55199	
967.746	272.47173	
968.112	372.57513	
968.478	395.07757	
968.843	317.53707	
969.209	375.07578	
969.575	380.07679	
969.94	340.05817	
970.305	375.07578	
970.671	372.57513	
971.036	335.05415	
971.401	352.56658	
971.766	382.57715	
972.132	325.04496	
972.497	415.07337	
972.862	335.05415	
973.227	259.94807	
973.591	259.94807	
973.956	385.07742	
974.321	345.06182	
974.686	370.07439	
975.05	392.57767	
975.415	337.55621	
975.779	375.07578	
976.144	410.07498	
976.508	312.53134	
976.872	410.07498	
977.236	332.55199	
977.601	390.07768	
977.965	402.57669	
978.329	295.00827	
978.693	367.57356	
979.057	390.07768	
979.421	362.57161	
979.784	345.06182	
980.148	355.06798	
980.512	312.53134	
980.875	292.50459	
981.239	390.07768	
981.602	310.02833	
981.966	355.06798	
982.329	370.07439	
982.692	425.06904	
983.056	382.57715	
983.419	357.56928	
983.782	420.0714	
984.145	407.57565	
984.508	420.0714	
984.871	350.06509	
985.234	397.57737	
985.597	317.53707	
985.959	347.5635	
986.322	322.54242	
986.685	342.56004	
987.047	347.5635	
987.41	372.57513	
987.772	287.49695	
988.134	300.01534	
988.497	365.07263	
988.859	312.53134	
989.221	269.96719	
989.583	377.57633	
989.945	332.55199	
990.307	375.07578	
990.669	340.05817	
991.031	352.56658	
991.393	322.54242	
991.755	300.01534	
992.116	430.06632	
992.478	382.57715	
992.839	325.04496	
993.201	415.07337	
993.562	432.56482	
993.924	352.56658	
994.285	350.06509	
994.646	430.06632	
995.007	405.07622	
995.369	365.07263	
995.73	360.07049	
996.091	322.54242	
996.451	292.50459	
996.812	340.05817	
997.173	365.07263	
997.534	277.48052	
997.895	295.00827	
998.255	350.06509	
998.616	332.55199	
998.976	355.06798	
999.337	322.54242	
999.697	425.06904	
1000.057	287.49695	
1000.418	355.06798	
1000.778	320.0398	
1001.138	310.02833	
1001.498	345.06182	
1001.858	262.45299	
1002.218	350.06509	
1002.578	467.53411	
1002.937	382.57715	
1003.297	360.07049	
1003.657	315.03425	
1004.016	252.43271	
1004.376	372.57513	
1004.735	355.06798	
1005.095	332.55199	
1005.454	380.07679	
1005.813	420.0714	
1006.173	360.07049	
1006.532	370.07439	
1006.891	234.89351	
1007.25	427.56773	
1007.609	332.55199	
1007.968	387.5776	
1008.327	352.56658	
1008.686	380.07679	
1009.044	352.56658	
1009.403	284.99299	
1009.762	397.57737	
1010.12	335.05415	
1010.479	347.5635	
1010.837	355.06798	
1011.195	405.07622	
1011.554	367.57356	
1011.912	345.06182	
1012.27	327.5474	
1012.628	295.00827	
1012.986	305.02202	
1013.344	417.57243	
1013.702	269.96719	
1014.06	367.57356	
1014.418	345.06182	
1014.775	350.06509	
1015.133	372.57513	
1015.491	347.5635	
1015.848	417.57243	
1016.206	340.05817	
1016.563	377.57633	
1016.92	380.07679	
1017.278	322.54242	
1017.635	382.57715	
1017.992	272.47173	
1018.349	347.5635	
1018.706	347.5635	
1019.063	315.03425	
1019.42	345.06182	
1019.777	305.02202	
1020.134	267.46255	
1020.49	367.57356	
1020.847	355.06798	
1021.203	395.07757	
1021.56	350.06509	
1021.916	387.5776	
1022.273	337.55621	
1022.629	335.05415	
1022.985	320.0398	
1023.342	297.51185	
1023.698	342.56004	
1024.054	277.48052	
1024.41	274.97617	
1024.766	392.57767	
1025.122	297.51185	
1025.477	330.04974	
1025.833	307.52522	
1026.189	350.06509	
1026.545	370.07439	
1026.9	342.56004	
1027.256	327.5474	
1027.611	367.57356	
1027.966	377.57633	
1028.322	297.51185	
1028.677	335.05415	
1029.032	337.55621	
1029.387	322.54242	
1029.742	367.57356	
1030.097	327.5474	
1030.452	380.07679	
1030.807	362.57161	
1031.162	284.99299	
1031.517	302.51873	
1031.871	342.56004	
1032.226	427.56773	
1032.581	427.56773	
1032.935	427.56773	
