FLMS05510_1:101		
187.856	-5.18792	
188.32	-5.18792	
188.785	-5.18792	
189.249	-42.93136	
189.713	-88.25416	
190.178	-156.30187	
190.642	-78.17952	
191.106	-32.86418	
191.57	-95.81124	
192.034	-37.89756	
192.498	-25.31487	
192.963	-42.93136	
193.427	-40.41441	
193.89	-55.51765	
194.354	2.358	
194.818	105.39408	
195.282	24.99025	
195.746	62.69238	
196.21	140.53852	
196.673	112.92667	
197.137	115.43733	
197.601	75.25471	
198.064	107.90504	
198.528	102.88301	
198.991	203.2483	
199.454	190.71125	
199.918	260.88742	
200.381	285.93198	
200.844	248.36154	
201.308	398.51477	
201.771	253.37218	
202.234	183.18785	
202.697	270.9064	
203.16	290.93975	
203.623	320.97829	
204.086	363.5095	
204.549	378.51401	
205.012	318.4756	
205.475	383.51476	
205.938	283.42796	
206.4	348.50161	
206.863	366.01049	
207.326	315.97282	
207.788	368.51138	
208.251	398.51477	
208.714	345.99996	
209.176	335.99243	
209.639	315.97282	
210.101	401.01444	
210.563	335.99243	
211.026	335.99243	
211.488	265.89711	
211.95	376.01349	
212.412	368.51138	
212.874	356.00598	
213.337	351.00316	
213.799	351.00316	
214.261	351.00316	
214.723	335.99243	
215.184	396.015	
215.646	263.39231	
216.108	318.4756	
216.57	253.37218	
217.032	315.97282	
217.493	315.97282	
217.955	333.49031	
218.417	340.99638	
218.878	303.45748	
219.34	330.9881	
219.801	310.96697	
220.263	328.48579	
220.724	373.51288	
221.185	303.45748	
221.647	298.45067	
222.108	363.5095	
222.569	300.95412	
223.03	413.51142	
223.491	218.28954	
223.952	335.99243	
224.413	308.4639	
224.874	318.4756	
225.335	348.50161	
225.796	351.00316	
226.257	361.00842	
226.718	356.00598	
227.179	275.91531	
227.639	270.9064	
228.1	253.37218	
228.561	298.45067	
229.021	356.00598	
229.482	340.99638	
229.942	333.49031	
230.403	378.51401	
230.863	330.9881	
231.323	340.99638	
231.784	253.37218	
232.244	303.45748	
232.704	300.95412	
233.164	268.4018	
233.625	318.4756	
234.085	288.43591	
234.545	278.41962	
235.005	283.42796	
235.465	310.96697	
235.925	376.01349	
236.384	345.99996	
236.844	300.95412	
237.304	338.49445	
237.764	303.45748	
238.223	335.99243	
238.683	381.01443	
239.143	368.51138	
239.602	381.01443	
240.062	348.50161	
240.521	401.01444	
240.98	313.46994	
241.44	361.00842	
241.899	338.49445	
242.358	330.9881	
242.818	363.5095	
243.277	288.43591	
243.736	388.51514	
244.195	315.97282	
244.654	373.51288	
245.113	328.48579	
245.572	376.01349	
246.031	361.00842	
246.49	285.93198	
246.949	263.39231	
247.408	361.00842	
247.866	295.94712	
248.325	328.48579	
248.784	315.97282	
249.242	328.48579	
249.701	338.49445	
250.159	345.99996	
250.618	285.93198	
251.076	401.01444	
251.534	315.97282	
251.993	305.96073	
252.451	280.92384	
252.909	340.99638	
253.368	303.45748	
253.826	396.015	
254.284	366.01049	
254.742	338.49445	
255.2	273.4109	
255.658	373.51288	
256.116	290.93975	
256.574	381.01443	
257.031	335.99243	
257.489	383.51476	
257.947	293.44348	
258.405	288.43591	
258.862	368.51138	
259.32	330.9881	
259.777	343.49822	
260.235	303.45748	
260.692	361.00842	
261.15	305.96073	
261.607	373.51288	
262.065	283.42796	
262.522	333.49031	
262.979	398.51477	
263.436	335.99243	
263.893	318.4756	
264.351	288.43591	
264.808	338.49445	
265.265	396.015	
265.722	345.99996	
266.178	345.99996	
266.635	371.01218	
267.092	376.01349	
267.549	361.00842	
268.006	361.00842	
268.462	351.00316	
268.919	378.51401	
269.376	371.01218	
269.832	318.4756	
270.289	328.48579	
270.745	313.46994	
271.202	345.99996	
271.658	353.50462	
272.114	431.00327	
272.571	436.00011	
273.027	348.50161	
273.483	345.99996	
273.939	358.50725	
274.395	373.51288	
274.851	300.95412	
275.307	340.99638	
275.763	381.01443	
276.219	401.01444	
276.675	378.51401	
277.131	313.46994	
277.587	348.50161	
278.042	343.49822	
278.498	348.50161	
278.954	345.99996	
279.409	373.51288	
279.865	345.99996	
280.32	333.49031	
280.776	401.01444	
281.231	391.01519	
281.687	428.50471	
282.142	320.97829	
282.597	373.51288	
283.052	398.51477	
283.508	378.51401	
283.963	340.99638	
284.418	388.51514	
284.873	288.43591	
285.328	376.01349	
285.783	421.00848	
286.238	353.50462	
286.693	376.01349	
287.147	351.00316	
287.602	436.00011	
288.057	298.45067	
288.512	358.50725	
288.966	361.00842	
289.421	373.51288	
289.875	411.01221	
290.33	445.99267	
290.784	371.01218	
291.239	298.45067	
291.693	358.50725	
292.147	483.45164	
292.602	361.00842	
293.056	393.51514	
293.51	515.8994	
293.964	630.5918	
294.418	812.21994	
294.872	971.08061	
295.326	1213.68396	
295.78	1310.01803	
296.234	1233.45447	
296.688	1258.16057	
297.142	1218.62706	
297.595	1042.95229	
298.049	988.43527	
298.503	764.99138	
298.956	578.25581	
299.41	488.44461	
299.863	376.01349	
300.317	388.51514	
300.77	431.00327	
301.224	406.01351	
301.677	340.99638	
302.13	401.01444	
302.584	386.015	
303.037	438.49839	
303.49	475.96151	
303.943	433.50174	
304.396	423.50732	
304.849	436.00011	
305.302	455.98376	
305.755	535.8596	
306.208	538.35422	
306.661	458.4813	
307.114	605.6748	
307.566	769.96426	
308.019	839.54868	
308.472	1052.86023	
308.924	1433.35186	
309.377	1861.11283	
309.829	2474.49188	
310.282	3299.09753	
310.734	3985.27491	
311.187	5262.13842	
311.639	6511.41421	
312.091	7687.82483	
312.543	9242.94375	
312.995	10882.57748	
313.448	12557.78886	
313.9	13917.37918	
314.352	14987.98062	
314.804	17036.38889	
315.256	19239.63092	
315.708	19063.75281	
316.159	16044.89638	
316.611	10723.34745	
317.063	5858.84081	
317.515	2652.12341	
317.966	1408.7003	
318.418	881.76383	
318.87	742.60911	
319.321	697.82347	
319.773	695.33455	
320.224	600.69034	
320.675	523.38516	
321.127	543.34318	
321.578	565.78904	
322.029	525.88023	
322.48	513.40397	
322.932	613.15084	
323.383	598.19797	
323.834	705.28971	
324.285	760.01814	
324.736	1025.61026	
325.187	1248.27907	
325.638	1620.45999	
326.088	1993.42983	
326.539	2274.56036	
326.99	2642.3987	
327.441	2936.14331	
327.891	3013.68242	
328.342	3231.44364	
328.792	3108.1027	
329.243	3460.80578	
329.693	3533.13213	
330.144	3778.67686	
330.594	4304.0268	
331.044	5122.0073	
331.495	5806.86396	
331.945	6943.01733	
332.395	8671.17418	
332.845	10818.90669	
333.295	13519.74873	
333.745	16800.35642	
334.195	20861.92022	
334.645	26142.18951	
335.095	33663.56208	
335.545	42144.73965	
335.995	52278.46718	
336.444	60973.44356	
336.894	63368.81188	
337.344	57775.63925	
337.793	45286.55671	
338.243	31282.0025	
338.692	19226.44064	
339.142	10618.61381	
339.591	4540.71234	
340.041	2137.77175	
340.49	1477.7057	
340.939	1169.18188	
341.388	1052.86023	
341.838	1008.26422	
342.287	1023.1325	
342.736	1018.17673	
343.185	916.51098	
343.634	1082.57626	
344.083	1193.90842	
344.532	1265.57087	
344.981	1238.39632	
345.429	1423.49214	
345.878	1694.202	
346.327	1934.64704	
346.776	2391.64553	
347.224	2843.98736	
347.673	3419.7989	
348.121	4105.2128	
348.57	4991.22808	
349.018	5936.76489	
349.467	7333.47407	
349.915	8145.63609	
350.363	9206.12947	
350.811	10217.17448	
351.26	12082.62236	
351.708	14721.38221	
352.156	18051.93743	
352.604	22030.04581	
353.052	24878.05025	
353.5	26292.91514	
353.948	26011.44274	
354.396	24621.58089	
354.843	25187.73896	
355.291	27901.97021	
355.739	33372.84438	
356.186	40993.77842	
356.634	48501.96334	
357.082	52923.27925	
357.529	49349.63227	
357.977	39602.85828	
358.424	25933.89442	
358.871	14510.10019	
359.319	7471.13447	
359.766	3894.03528	
360.213	2174.43178	
360.661	1448.13917	
361.108	1411.1658	
361.555	1203.79682	
362.002	1277.91982	
362.449	1359.37445	
362.896	1531.88309	
363.343	1605.70376	
363.79	1983.63543	
364.236	1888.08261	
364.683	1978.73782	
365.13	2132.88262	
365.577	2540.22979	
366.023	2965.2275	
366.47	3366.70744	
366.916	3759.43861	
367.363	3814.73944	
367.809	3877.21974	
368.256	3999.67429	
368.702	4313.59937	
369.148	5190.90582	
369.594	6285.63939	
370.041	7636.59775	
370.487	8574.09693	
370.933	8784.34058	
371.379	8446.86331	
371.825	7959.91822	
372.271	7787.89167	
372.717	8071.38085	
373.163	9328.03803	
373.608	11102.93445	
374.054	13591.29477	
374.5	15976.33152	
374.946	17131.20473	
375.391	16742.98117	
375.837	15096.75399	
376.282	12184.07963	
376.728	10260.56715	
377.173	9665.58484	
377.618	9848.93123	
378.064	11424.92135	
378.509	13673.98562	
378.954	16440.50848	
379.4	19400.10641	
379.845	21022.43778	
380.29	19430.88137	
380.735	15976.33152	
381.18	10855.29345	
381.625	6872.74795	
382.07	4121.99382	
382.514	2751.7454	
382.959	2103.54225	
383.404	2096.20566	
383.849	2303.84557	
384.293	2652.12341	
384.738	2972.49723	
385.183	3337.73713	
385.627	3422.21151	
386.072	3393.25652	
386.516	3489.74224	
386.96	3730.57484	
387.405	3934.86233	
387.849	4088.42926	
388.293	4126.78794	
388.737	4189.09281	
389.181	3968.47327	
389.626	3655.97447	
390.07	3129.87954	
390.514	2800.30459	
390.957	2486.66901	
391.401	2656.98539	
391.845	2868.24722	
392.289	3402.90907	
392.733	3932.46116	
393.176	4745.92423	
393.62	5176.65422	
394.064	5378.39418	
394.507	4976.95253	
394.951	4304.0268	
395.394	3574.09524	
395.838	3207.27081	
396.281	3209.68835	
396.724	3453.57043	
397.168	3692.07785	
397.611	4258.54606	
398.054	5069.71288	
398.497	6090.10784	
398.94	6870.40497	
399.383	6903.20281	
399.826	6480.8644	
400.269	5423.44278	
400.712	4167.52965	
401.155	3204.85322	
401.597	2698.3024	
402.04	2732.31497	
402.483	2882.80029	
402.925	3098.42261	
403.368	3547.5915	
403.811	4045.26001	
404.253	4793.59614	
404.696	5513.48966	
405.138	6299.76229	
405.58	5873.0125	
406.023	5444.77572	
406.465	4016.4712	
406.907	2953.11012	
407.349	2162.21342	
407.791	1640.13089	
408.233	1576.18342	
408.675	1517.111	
409.117	1522.03533	
409.559	1470.31508	
410.001	1342.1032	
410.443	1211.2123	
410.885	1181.54614	
411.326	1080.10037	
411.768	1305.08069	
412.21	1408.7003	
412.651	1664.71299	
413.093	1861.11283	
413.534	2147.54921	
413.975	2108.43298	
414.417	2105.98765	
414.858	2066.85326	
415.299	2164.65722	
415.741	2247.70738	
416.182	2027.70167	
416.623	2013.01537	
417.064	1949.34643	
417.505	1900.33882	
417.946	1986.08413	
418.387	2418.45678	
418.828	2688.58234	
419.269	3344.98046	
419.709	3595.77524	
420.15	3487.33117	
420.591	2851.26594	
421.031	2362.38811	
421.472	1922.39566	
421.913	1672.08621	
422.353	1487.55881	
422.794	1411.1658	
423.234	1393.90574	
423.674	1413.63122	
424.115	1524.49738	
424.555	1807.14796	
424.995	2052.17343	
425.435	2333.12147	
425.875	2843.98736	
426.315	3062.11406	
426.755	3052.42959	
427.195	2678.8613	
427.635	2179.31866	
428.075	1613.0822	
428.515	1339.63557	
428.955	1196.38064	
429.394	1184.01875	
429.834	1164.23562	
430.274	1179.07345	
430.713	1171.65489	
431.153	1307.5494	
431.592	1226.04112	
432.031	1423.49214	
432.471	1544.19113	
432.91	1777.69826	
433.349	2098.65125	
433.789	2274.56036	
434.228	2250.14888	
434.667	2005.6713	
435.106	1863.56498	
435.545	1699.11583	
435.984	1467.85139	
436.423	1109.80575	
436.862	911.54811	
437.301	854.45094	
437.739	817.18957	
438.178	745.09637	
438.617	732.65918	
439.055	757.5314	
439.494	859.41768	
439.932	819.67425	
440.371	1047.90642	
440.809	1134.55139	
441.248	1047.90642	
441.686	1055.33701	
442.124	1020.65466	
442.563	951.24176	
443.001	804.76485	
443.439	797.309	
443.877	789.85238	
444.315	737.63432	
444.753	871.83305	
445.191	819.67425	
445.629	725.19582	
446.067	777.42295	
446.504	899.13946	
446.942	901.62136	
447.38	966.12139	
447.817	1141.97353	
448.255	1141.97353	
448.693	1287.79759	
449.13	1154.34215	
449.568	1117.23028	
450.005	1013.22064	
450.442	1013.22064	
450.88	921.47352	
451.317	983.4772	
451.754	936.35914	
452.191	859.41768	
452.628	789.85238	
453.065	936.35914	
453.502	899.13946	
453.939	869.35015	
454.376	837.06468	
454.813	980.99805	
455.25	998.3504	
455.686	1094.95451	
456.123	1090.00345	
456.56	1132.07719	
456.996	1218.62706	
457.433	1114.75552	
457.869	1042.95229	
458.306	856.93435	
458.742	899.13946	
459.179	727.68369	
459.615	755.04456	
460.051	720.21982	
460.487	799.79437	
460.924	772.45058	
461.36	730.17148	
461.796	829.61215	
462.232	797.309	
462.668	832.09641	
463.104	891.69327	
463.539	901.62136	
463.975	971.08061	
464.411	1028.08793	
464.847	990.91417	
465.282	1000.82898	
465.718	911.54811	
466.153	946.28121	
466.589	985.95628	
467.024	856.93435	
467.46	732.65918	
467.895	727.68369	
468.33	705.28971	
468.766	760.01814	
469.201	660.48047	
469.636	772.45058	
470.071	764.99138	
470.506	745.09637	
470.941	822.15886	
471.376	891.69327	
471.811	787.36666	
472.246	889.21103	
472.681	899.13946	
473.115	797.309	
473.55	692.84555	
473.985	760.01814	
474.419	722.70786	
474.854	712.75515	
475.288	760.01814	
475.723	667.95066	
476.157	797.309	
476.592	638.06516	
477.026	757.5314	
477.46	742.60911	
477.894	720.21982	
478.329	740.12175	
478.763	725.19582	
479.197	725.19582	
479.631	856.93435	
480.065	985.95628	
480.499	1010.74247	
480.932	1033.04304	
481.366	968.60104	
481.8	968.60104	
482.234	918.99229	
482.667	911.54811	
483.101	829.61215	
483.535	822.15886	
483.968	797.309	
484.401	911.54811	
484.835	792.338	
485.268	876.79861	
485.702	777.42295	
486.135	804.76485	
486.568	871.83305	
487.001	856.93435	
487.434	894.17542	
487.867	983.4772	
488.3	963.64166	
488.733	1035.52048	
489.166	1052.86023	
489.599	988.43527	
490.032	983.4772	
490.464	968.60104	
490.897	1092.47902	
491.33	1137.02552	
491.762	995.87174	
492.195	1057.81371	
492.627	931.3976	
493.06	869.35015	
493.492	946.28121	
493.925	779.90901	
494.357	772.45058	
494.789	832.09641	
495.221	856.93435	
495.653	824.64337	
496.086	856.93435	
496.518	832.09641	
496.95	951.24176	
497.382	933.87841	
497.813	859.41768	
498.245	859.41768	
498.677	822.15886	
499.109	926.43573	
499.54	889.21103	
499.972	926.43573	
500.404	807.24997	
500.835	946.28121	
501.267	914.02959	
501.698	876.79861	
502.129	968.60104	
502.561	933.87841	
502.992	953.7219	
503.423	918.99229	
503.855	958.68195	
504.286	886.72872	
504.717	973.56009	
505.148	993.393	
505.579	916.51098	
506.01	1094.95451	
506.441	1062.76687	
506.871	1087.5278	
507.302	988.43527	
507.733	1057.81371	
508.163	983.4772	
508.594	953.7219	
509.025	921.47352	
509.455	856.93435	
509.886	951.24176	
510.316	854.45094	
510.746	760.01814	
511.177	812.21994	
511.607	725.19582	
512.037	832.09641	
512.467	859.41768	
512.898	822.15886	
513.328	817.18957	
513.758	829.61215	
514.188	906.5849	
514.617	936.35914	
515.047	921.47352	
515.477	938.83978	
515.907	961.16184	
516.337	983.4772	
516.766	973.56009	
517.196	1075.14835	
517.625	1015.69873	
518.055	1094.95451	
518.484	1057.81371	
518.914	1008.26422	
519.343	1033.04304	
519.772	894.17542	
520.202	914.02959	
520.631	921.47352	
521.06	732.65918	
521.489	869.35015	
521.918	889.21103	
522.347	864.38408	
522.776	747.58355	
523.205	832.09641	
523.634	837.06468	
524.063	742.60911	
524.491	819.67425	
524.92	804.76485	
525.349	936.35914	
525.777	894.17542	
526.206	896.65748	
526.634	777.42295	
527.063	859.41768	
527.491	909.06655	
527.919	884.24632	
528.348	864.38408	
528.776	869.35015	
529.204	886.72872	
529.632	886.72872	
530.06	884.24632	
530.488	844.51644	
530.916	866.86716	
531.344	819.67425	
531.772	914.02959	
532.2	884.24632	
532.627	829.61215	
533.055	829.61215	
533.483	906.5849	
533.91	909.06655	
534.338	928.9167	
534.765	916.51098	
535.193	966.12139	
535.62	988.43527	
536.048	980.99805	
536.475	985.95628	
536.902	1033.04304	
537.329	1107.33074	
537.757	1045.4294	
538.184	1070.196	
538.611	1117.23028	
539.038	1156.81564	
539.465	1124.6541	
539.892	1107.33074	
540.318	1169.18188	
540.745	1223.56985	
541.172	1337.16786	
541.599	1344.57075	
542.025	1396.37169	
542.452	1302.61191	
542.878	1324.82818	
543.305	1297.67411	
543.731	1337.16786	
544.158	1356.90736	
544.584	1359.37445	
545.01	1347.03822	
545.436	1509.72396	
545.862	1435.8166	
546.289	1578.64385	
546.715	1571.26234	
547.141	1396.37169	
547.567	1290.26684	
547.993	1297.67411	
548.418	1250.74956	
548.844	1223.56985	
549.27	1149.39494	
549.696	1107.33074	
550.121	1119.70497	
550.547	1196.38064	
550.972	1117.23028	
551.398	1085.05207	
551.823	1045.4294	
552.249	1020.65466	
552.674	1040.4751	
553.099	1075.14835	
553.525	1028.08793	
553.95	993.393	
554.375	980.99805	
554.8	956.20197	
555.225	1033.04304	
555.65	995.87174	
556.075	1003.30748	
556.5	1060.29033	
556.925	1018.17673	
557.349	988.43527	
557.774	894.17542	
558.199	839.54868	
558.623	772.45058	
559.048	856.93435	
559.472	847.00019	
559.897	819.67425	
560.321	832.09641	
560.746	966.12139	
561.17	983.4772	
561.594	809.735	
562.018	618.13441	
562.443	782.39498	
562.867	720.21982	
563.291	784.88086	
563.715	747.58355	
564.139	755.04456	
564.562	802.27966	
564.986	787.36666	
565.41	789.85238	
565.834	814.7048	
566.257	675.42005	
566.681	737.63432	
567.105	784.88086	
567.528	762.5048	
567.952	839.54868	
568.375	849.48386	
568.798	804.76485	
569.222	730.17148	
569.645	807.24997	
570.068	782.39498	
570.491	717.73168	
570.914	829.61215	
571.337	871.83305	
571.76	854.45094	
572.183	901.62136	
572.606	978.51881	
573.029	1035.52048	
573.452	1075.14835	
573.875	1211.2123	
574.297	1287.79759	
574.72	1243.33785	
575.143	1408.7003	
575.565	1324.82818	
575.988	1339.63557	
576.41	1347.03822	
576.832	1221.09849	
577.255	1319.89177	
577.677	1430.88704	
578.099	1517.111	
578.521	1622.9191	
578.943	1615.54153	
579.365	1654.88102	
579.787	1694.202	
580.209	1684.37348	
580.631	1681.91617	
581.053	1531.88309	
581.475	1502.33624	
581.897	1403.76909	
582.318	1462.92378	
582.74	1568.80169	
583.162	1686.83072	
583.583	1726.13676	
584.005	1672.08621	
584.426	1780.15279	
584.847	1826.77547	
585.269	1728.59278	
585.69	1723.68067	
586.111	1588.48484	
586.532	1593.4049	
586.954	1440.74585	
587.375	1465.38762	
587.796	1694.202	
588.217	1738.41615	
588.637	1927.29642	
589.058	1959.14466	
589.479	2025.25412	
589.9	1939.54711	
590.32	1794.87849	
590.741	1902.78986	
591.162	1738.41615	
591.582	1622.9191	
592.003	1497.41073	
592.423	1615.54153	
592.844	1586.0247	
593.264	1726.13676	
593.684	1745.78293	
594.104	1792.42438	
594.524	1905.24082	
594.945	1851.30355	
595.365	1900.33882	
595.785	1885.63116	
596.205	1748.23838	
596.625	1667.1708	
597.044	1635.2136	
597.464	1398.83756	
597.884	1396.37169	
598.304	1504.79889	
598.723	1590.9449	
599.143	1684.37348	
599.562	1787.51596	
599.982	1863.56498	
600.401	1961.59404	
600.821	1961.59404	
601.24	1915.044	
601.659	1785.06164	
602.078	1723.68067	
602.498	1561.41929	
602.917	1571.26234	
603.336	1554.03624	
603.755	1576.18342	
604.174	1649.96459	
604.593	1731.04873	
605.011	1632.75484	
605.43	1667.1708	
605.849	1640.13089	
606.268	1618.0008	
606.686	1509.72396	
607.105	1470.31508	
607.523	1349.50562	
607.942	1272.98048	
608.36	1161.76238	
608.779	1047.90642	
609.197	1003.30748	
609.615	1037.99783	
610.033	1082.57626	
610.451	1290.26684	
610.87	1356.90736	
611.288	1531.88309	
611.706	1583.56449	
612.124	1556.49733	
612.541	1438.28126	
612.959	1322.36002	
613.377	1188.96375	
613.795	1099.90524	
614.212	1141.97353	
614.63	1033.04304	
615.048	938.83978	
615.465	976.03949	
615.883	961.16184	
616.3	824.64337	
616.717	988.43527	
617.135	911.54811	
617.552	948.76153	
617.969	936.35914	
618.386	899.13946	
618.803	837.06468	
619.22	896.65748	
619.637	712.75515	
620.054	879.28126	
620.471	777.42295	
620.888	725.19582	
621.305	814.7048	
621.721	827.1278	
622.138	916.51098	
622.555	904.10317	
622.971	884.24632	
623.388	978.51881	
623.804	914.02959	
624.221	889.21103	
624.637	839.54868	
625.053	973.56009	
625.47	995.87174	
625.886	914.02959	
626.302	802.27966	
626.718	827.1278	
627.134	735.14679	
627.55	700.31231	
627.966	824.64337	
628.382	911.54811	
628.797	938.83978	
629.213	993.393	
629.629	980.99805	
630.045	1161.76238	
630.46	1124.6541	
630.876	1248.27907	
631.291	1206.26873	
631.707	1188.96375	
632.122	1166.70879	
632.537	1062.76687	
632.953	1070.196	
633.368	1055.33701	
633.783	990.91417	
634.198	822.15886	
634.613	874.31587	
635.028	886.72872	
635.443	983.4772	
635.858	1149.39494	
636.273	1268.04082	
636.688	1245.8085	
637.102	1314.95506	
637.517	1359.37445	
637.932	1485.09564	
638.346	1455.53182	
638.761	1573.72291	
639.175	1480.16909	
639.59	1354.44019	
640.004	1268.04082	
640.418	1184.01875	
640.832	1124.6541	
641.247	1067.7197	
641.661	936.35914	
642.075	1119.70497	
642.489	1240.86712	
642.903	1310.01803	
643.317	1337.16786	
643.731	1620.45999	
644.145	1618.0008	
644.558	1704.02937	
644.972	1821.86901	
645.386	1804.69421	
645.799	1745.78293	
646.213	1905.24082	
646.626	1851.30355	
647.04	1787.51596	
647.453	1728.59278	
647.866	1507.26146	
648.28	1430.88704	
648.693	1255.69031	
649.106	1169.18188	
649.519	1238.39632	
649.932	1359.37445	
650.345	1443.21037	
650.758	1583.56449	
651.171	1716.31197	
651.584	1883.17964	
651.997	2081.53066	
652.41	2005.6713	
652.822	2010.56741	
653.235	2110.87824	
653.647	2184.20527	
654.06	2118.21363	
654.472	2113.32344	
654.885	1924.84607	
655.297	1706.48603	
655.71	1590.9449	
656.122	1418.56183	
656.534	1277.91982	
656.946	1238.39632	
657.358	1280.38938	
657.77	1208.74055	
658.182	1448.13917	
658.594	1696.65895	
659.006	1873.37286	
659.418	1924.84607	
659.83	2152.43755	
660.241	2169.54463	
660.653	2154.88162	
661.065	2306.28558	
661.476	2274.56036	
661.888	2347.75594	
662.299	2240.38247	
662.71	2174.43178	
663.122	1839.04038	
663.533	1669.62854	
663.944	1637.67228	
664.355	1258.16057	
664.767	1206.26873	
665.178	1144.44741	
665.589	1193.90842	
666	1285.32826	
666.41	1485.09564	
666.821	1622.9191	
667.232	1821.86901	
667.643	1954.24568	
668.053	2186.64848	
668.464	2069.29966	
668.875	2069.29966	
669.285	2057.06698	
669.696	2088.86846	
670.106	1944.44691	
670.516	1841.49316	
670.927	1664.71299	
671.337	1472.77869	
671.747	1384.04118	
672.157	1258.16057	
672.567	1037.99783	
672.977	968.60104	
673.387	980.99805	
673.797	782.39498	
674.207	990.91417	
674.617	936.35914	
675.027	1139.49956	
675.436	1203.79682	
675.846	1263.10085	
676.256	1332.23222	
676.665	1393.90574	
677.075	1381.57485	
677.484	1295.2051	
677.893	1428.42215	
678.303	1265.57087	
678.712	1258.16057	
679.121	1042.95229	
679.53	1030.56553	
679.939	1008.26422	
680.348	921.47352	
680.757	837.06468	
681.166	715.24346	
681.575	692.84555	
681.984	672.93034	
682.393	653.0095	
682.802	710.26676	
683.21	730.17148	
683.619	737.63432	
684.027	732.65918	
684.436	737.63432	
684.844	662.97062	
685.253	677.90967	
685.661	695.33455	
686.069	643.04696	
686.477	784.88086	
686.886	866.86716	
687.294	814.7048	
687.702	809.735	
688.11	802.27966	
688.518	720.21982	
688.926	740.12175	
689.333	675.42005	
689.741	508.41283	
690.149	498.42945	
690.557	553.32002	
690.964	468.47054	
691.372	485.94817	
691.779	570.77601	
692.187	560.8017	
692.594	538.35422	
693.001	560.8017	
693.409	615.64267	
693.816	538.35422	
694.223	618.13441	
694.63	640.5561	
695.037	732.65918	
695.444	1462.92378	
695.851	3855.59598	
696.258	6295.05484	
696.665	8721.9956	
697.072	9247.54483	
697.479	8749.70812	
697.885	8069.05969	
698.292	6633.53909	
698.698	4540.71234	
699.105	2759.03081	
699.511	1694.202	
699.918	1070.196	
700.324	779.90901	
700.73	640.5561	
701.137	635.57413	
701.543	600.69034	
701.949	553.32002	
702.355	598.19797	
702.761	653.0095	
703.167	635.57413	
703.573	677.90967	
703.979	687.86727	
704.385	705.28971	
704.79	543.34318	
705.196	715.24346	
705.602	1112.28067	
706.007	2564.56562	
706.413	4191.48846	
706.818	5598.73561	
707.224	6422.09379	
707.629	5903.71222	
708.034	5482.69168	
708.439	4834.10201	
708.845	3590.95784	
709.25	2313.60523	
709.655	1371.70877	
710.06	1042.95229	
710.465	812.21994	
710.87	769.96426	
711.275	620.62607	
711.679	670.44054	
712.084	545.83753	
712.489	692.84555	
712.893	707.77828	
713.298	682.88864	
713.702	737.63432	
714.107	909.06655	
714.511	1277.91982	
714.916	1398.83756	
715.32	1381.57485	
715.724	1393.90574	
716.128	1411.1658	
716.533	1228.51232	
716.937	958.68195	
717.341	829.61215	
717.745	747.58355	
718.149	570.77601	
718.552	598.19797	
718.956	473.46461	
719.36	498.42945	
719.764	525.88023	
720.167	588.2276	
720.571	620.62607	
720.974	468.47054	
721.378	580.74889	
721.781	655.49991	
722.185	764.99138	
722.588	797.309	
722.991	794.82354	
723.394	782.39498	
723.797	869.35015	
724.2	774.93681	
724.603	879.28126	
725.006	799.79437	
725.409	886.72872	
725.812	832.09641	
726.215	1122.17957	
726.618	1677.00134	
727.02	2142.66061	
727.423	2554.83203	
727.826	2654.55443	
728.228	2506.14916	
728.631	2277.00115	
729.033	2137.77175	
729.435	1713.85559	
729.838	1265.57087	
730.24	993.393	
730.642	797.309	
731.044	710.26676	
731.446	685.378	
731.848	742.60911	
732.25	715.24346	
732.652	784.88086	
733.054	762.5048	
733.456	819.67425	
733.857	822.15886	
734.259	928.9167	
734.661	968.60104	
735.062	1045.4294	
735.464	1109.80575	
735.865	1159.28905	
736.267	1218.62706	
736.668	1287.79759	
737.069	1507.26146	
737.47	3139.55665	
737.872	5385.50823	
738.273	7482.79381	
738.674	9160.09735	
739.075	8964.2833	
739.476	8168.83215	
739.877	7482.79381	
740.278	6349.17983	
740.678	4447.53097	
741.079	2790.59467	
741.48	1632.75484	
741.88	1109.80575	
742.281	866.86716	
742.681	804.76485	
743.082	869.35015	
743.482	752.55765	
743.882	797.309	
744.283	988.43527	
744.683	859.41768	
745.083	1015.69873	
745.483	1040.4751	
745.883	1211.2123	
746.283	1272.98048	
746.683	1317.42345	
747.083	1319.89177	
747.483	1361.84147	
747.883	1433.35186	
748.282	1541.72967	
748.682	1672.08621	
749.082	2442.82397	
749.481	7158.26751	
749.881	13678.45436	
750.28	20450.80143	
750.679	27753.1324	
751.079	30959.533	
751.478	31264.21234	
751.877	31295.34501	
752.276	27495.50251	
752.675	21073.01565	
753.074	15843.58004	
753.473	10805.25928	
753.872	6734.4374	
754.271	3903.64301	
754.67	2303.84557	
755.069	1573.72291	
755.467	1218.62706	
755.866	1040.4751	
756.265	941.32034	
756.663	909.06655	
757.062	946.28121	
757.46	906.5849	
757.858	990.91417	
758.257	1114.75552	
758.655	1114.75552	
759.053	1107.33074	
759.451	1127.12854	
759.849	1164.23562	
760.247	1151.86859	
760.645	1181.54614	
761.043	1114.75552	
761.441	1233.45447	
761.839	1364.30841	
762.237	2836.70824	
762.634	9351.02722	
763.032	16778.29004	
763.429	23782.24481	
763.827	28735.41245	
764.224	27577.66908	
764.622	23899.23535	
765.019	21523.91377	
765.416	18804.29581	
765.814	13472.78156	
766.211	8333.40547	
766.608	4583.69372	
767.005	2630.24144	
767.402	1622.9191	
767.799	1305.08069	
768.196	1122.17957	
768.593	1030.56553	
768.989	946.28121	
769.386	976.03949	
769.783	1099.90524	
770.179	1067.7197	
770.576	1174.12782	
770.972	1462.92378	
771.369	2856.11803	
771.765	5271.6329	
772.161	8031.91546	
772.558	10075.48289	
772.954	10114.34824	
773.35	9323.43972	
773.746	8180.42863	
774.142	7520.09655	
774.538	6292.70104	
774.934	4562.20503	
775.33	2892.50114	
775.726	1912.59331	
776.121	1322.36002	
776.517	1129.6029	
776.913	963.64166	
777.308	802.27966	
777.704	764.99138	
778.099	670.44054	
778.495	613.15084	
778.89	575.76263	
779.285	543.34318	
779.68	480.95502	
780.076	478.45831	
780.471	468.47054	
780.866	431.00327	
781.261	468.47054	
781.656	463.4761	
782.051	510.90844	
782.445	470.96762	
782.84	483.45164	
783.235	460.97875	
783.63	538.35422	
784.024	503.42132	
784.419	478.45831	
784.813	443.49467	
785.208	563.29541	
785.602	480.95502	
785.996	578.25581	
786.391	555.814	
786.785	478.45831	
787.179	553.32002	
787.573	503.42132	
787.967	520.89	
788.361	520.89	
788.755	480.95502	
789.149	498.42945	
789.543	563.29541	
789.936	503.42132	
790.33	498.42945	
790.724	433.50174	
791.117	485.94817	
791.511	453.48612	
791.904	473.46461	
792.298	465.97337	
792.691	493.43721	
793.084	565.78904	
793.477	757.5314	
793.871	1897.88772	
794.264	3764.24849	
794.657	5143.39386	
795.05	6342.12138	
795.443	6087.75016	
795.836	5209.90532	
796.228	4416.45369	
796.621	3975.67429	
797.014	3586.14023	
797.406	2627.8098	
797.799	1704.02937	
798.192	1117.23028	
798.584	968.60104	
798.976	752.55765	
799.369	941.32034	
799.761	2008.11939	
800.153	3342.56607	
800.546	6113.68219	
800.938	8486.20325	
801.33	9803.11773	
801.722	10673.26707	
802.114	9626.59188	
802.506	8338.03833	
802.897	7193.3281	
803.289	6320.94364	
803.681	5188.53067	
804.073	3559.63947	
804.464	2318.48468	
804.856	1485.09564	
805.247	1000.82898	
805.639	784.88086	
806.03	608.1669	
806.421	633.08301	
806.813	593.21297	
807.204	692.84555	
807.595	575.76263	
807.986	520.89	
808.377	538.35422	
808.768	657.99024	
809.159	1139.49956	
809.55	2982.18938	
809.941	4772.14618	
810.331	7764.62724	
810.722	12569.03184	
811.113	16038.26176	
811.503	18456.796	
811.894	19331.96061	
812.284	17356.03499	
812.675	14574.61846	
813.065	12481.31615	
813.455	10873.48338	
813.846	9058.77076	
814.236	6502.01506	
814.626	4054.85462	
815.016	2298.96535	
815.406	1428.42215	
815.796	956.20197	
816.186	675.42005	
816.575	630.5918	
816.965	538.35422	
817.355	500.92543	
817.745	421.00848	
818.134	460.97875	
818.524	583.24188	
818.913	495.93338	
819.303	528.37521	
819.692	498.42945	
820.081	463.4761	
820.47	543.34318	
820.86	455.98376	
821.249	485.94817	
821.638	510.90844	
822.027	563.29541	
822.416	493.43721	
822.805	396.015	
823.193	520.89	
823.582	453.48612	
823.971	473.46461	
824.36	433.50174	
824.748	555.814	
825.137	518.39475	
825.525	1396.37169	
825.914	2333.12147	
826.302	3154.07059	
826.69	3841.17776	
827.079	3528.31191	
827.467	3081.48024	
827.855	2846.41361	
828.243	2654.55443	
828.631	2564.56562	
829.019	2215.96186	
829.407	1581.10421	
829.795	1181.54614	
830.182	849.48386	
830.57	635.57413	
830.958	645.53773	
831.345	508.41283	
831.733	480.95502	
832.12	453.48612	
832.508	426.00606	
832.895	440.99658	
833.283	445.99267	
833.67	448.49058	
834.057	433.50174	
834.444	440.99658	
834.831	478.45831	
835.218	535.8596	
835.605	396.015	
835.992	428.50471	
836.379	393.51514	
836.766	445.99267	
837.152	371.01218	
837.539	391.01519	
837.926	455.98376	
838.312	383.51476	
838.699	475.96151	
839.085	468.47054	
839.472	573.26937	
839.858	1467.85139	
840.244	2625.37811	
840.63	3696.89072	
841.017	4555.04124	
841.403	5376.02273	
841.789	6746.16452	
842.175	7806.50018	
842.561	8825.88755	
842.946	9026.5143	
843.332	8319.5059	
843.718	6811.81622	
844.104	5844.66749	
844.489	5347.56175	
844.875	4846.01284	
845.26	3896.43729	
845.646	2836.70824	
846.031	1699.11583	
846.416	1129.6029	
846.802	760.01814	
847.187	618.13441	
847.572	580.74889	
847.957	483.45164	
848.342	533.36489	
848.727	443.49467	
849.112	495.93338	
849.497	508.41283	
849.882	468.47054	
850.266	553.32002	
850.651	403.51403	
851.036	730.17148	
851.42	1423.49214	
851.805	1797.33252	
852.189	2098.65125	
852.574	2220.84651	
852.958	2044.83261	
853.342	1937.09711	
853.726	1892.9853	
854.11	1910.14255	
854.495	1902.78986	
854.879	1632.75484	
855.263	1411.1658	
855.646	993.393	
856.03	849.48386	
856.414	580.74889	
856.798	478.45831	
857.181	440.99658	
857.565	445.99267	
857.949	468.47054	
858.332	438.49839	
858.716	416.01053	
859.099	388.51514	
859.482	366.01049	
859.866	361.00842	
860.249	330.9881	
860.632	426.00606	
861.015	391.01519	
861.398	310.96697	
861.781	368.51138	
862.164	398.51477	
862.547	386.015	
862.929	388.51514	
863.312	438.49839	
863.695	431.00327	
864.077	361.00842	
864.46	440.99658	
864.842	555.814	
865.225	361.00842	
865.607	543.34318	
865.99	618.13441	
866.372	682.88864	
866.754	774.93681	
867.136	832.09641	
867.518	881.76383	
867.9	789.85238	
868.282	727.68369	
868.664	844.51644	
869.046	861.90092	
869.428	871.83305	
869.809	842.0326	
870.191	740.12175	
870.573	794.82354	
870.954	638.06516	
871.336	692.84555	
871.717	593.21297	
872.099	588.2276	
872.48	585.73479	
872.861	485.94817	
873.242	528.37521	
873.623	513.40397	
874.004	470.96762	
874.385	490.94096	
874.766	411.01221	
875.147	416.01053	
875.528	428.50471	
875.909	403.51403	
876.29	468.47054	
876.67	378.51401	
877.051	335.99243	
877.431	431.00327	
877.812	358.50725	
878.192	455.98376	
878.573	401.01444	
878.953	455.98376	
879.333	398.51477	
879.713	440.99658	
880.093	455.98376	
880.473	373.51288	
880.853	396.015	
881.233	505.91712	
881.613	433.50174	
881.993	455.98376	
882.373	468.47054	
882.753	416.01053	
883.132	500.92543	
883.512	458.4813	
883.891	396.015	
884.271	570.77601	
884.65	570.77601	
885.029	523.38516	
885.409	525.88023	
885.788	515.8994	
886.167	603.18262	
886.546	563.29541	
886.925	613.15084	
887.304	650.519	
887.683	720.21982	
888.062	633.08301	
888.441	583.24188	
888.82	578.25581	
889.198	648.02841	
889.577	633.08301	
889.955	653.0095	
890.334	662.97062	
890.712	600.69034	
891.091	635.57413	
891.469	677.90967	
891.847	682.88864	
892.226	553.32002	
892.604	583.24188	
892.982	515.8994	
893.36	535.8596	
893.738	468.47054	
894.116	488.44461	
894.493	393.51514	
894.871	475.96151	
895.249	455.98376	
895.627	361.00842	
896.004	381.01443	
896.382	363.5095	
896.759	381.01443	
897.137	376.01349	
897.514	388.51514	
897.891	333.49031	
898.269	388.51514	
898.646	278.41962	
899.023	371.01218	
899.4	376.01349	
899.777	388.51514	
900.154	330.9881	
900.531	396.015	
900.908	338.49445	
901.284	396.015	
901.661	356.00598	
902.038	348.50161	
902.414	391.01519	
902.791	315.97282	
903.167	361.00842	
903.544	391.01519	
903.92	300.95412	
904.296	298.45067	
904.672	406.01351	
905.049	323.48089	
905.425	348.50161	
905.801	378.51401	
906.177	391.01519	
906.553	381.01443	
906.929	383.51476	
907.304	371.01218	
907.68	320.97829	
908.056	393.51514	
908.431	393.51514	
908.807	483.45164	
909.182	383.51476	
909.558	288.43591	
909.933	393.51514	
910.309	383.51476	
910.684	338.49445	
911.059	473.46461	
911.434	764.99138	
911.809	1218.62706	
912.184	1578.64385	
912.559	1978.73782	
912.934	2420.89378	
913.309	2306.28558	
913.684	2474.49188	
914.058	2715.31017	
914.433	3006.41567	
914.808	2865.8215	
915.182	2945.83898	
915.557	2698.3024	
915.931	2445.26034	
916.305	1829.22859	
916.68	1127.12854	
917.054	799.79437	
917.428	613.15084	
917.802	508.41283	
918.176	463.4761	
918.55	453.48612	
918.924	413.51142	
919.298	353.50462	
919.672	416.01053	
920.045	458.4813	
920.419	368.51138	
920.793	363.5095	
921.166	398.51477	
921.54	356.00598	
921.913	545.83753	
922.287	595.70551	
922.66	722.70786	
923.033	814.7048	
923.406	824.64337	
923.78	809.735	
924.153	874.31587	
924.526	847.00019	
924.899	1008.26422	
925.271	1008.26422	
925.644	941.32034	
926.017	963.64166	
926.39	769.96426	
926.762	653.0095	
927.135	528.37521	
927.508	393.51514	
927.88	416.01053	
928.252	398.51477	
928.625	368.51138	
928.997	366.01049	
929.369	293.44348	
929.741	391.01519	
930.114	406.01351	
930.486	431.00327	
930.858	356.00598	
931.229	413.51142	
931.601	333.49031	
931.973	371.01218	
932.345	383.51476	
932.717	411.01221	
933.088	333.49031	
933.46	298.45067	
933.831	388.51514	
934.203	358.50725	
934.574	383.51476	
934.945	333.49031	
935.317	320.97829	
935.688	371.01218	
936.059	376.01349	
936.43	463.4761	
936.801	398.51477	
937.172	473.46461	
937.543	428.50471	
937.914	325.98338	
938.284	373.51288	
938.655	381.01443	
939.026	478.45831	
939.396	416.01053	
939.767	310.96697	
940.137	398.51477	
940.508	383.51476	
940.878	391.01519	
941.248	300.95412	
941.618	378.51401	
941.989	396.015	
942.359	398.51477	
942.729	368.51138	
943.099	378.51401	
943.469	436.00011	
943.838	340.99638	
944.208	356.00598	
944.578	351.00316	
944.948	426.00606	
945.317	325.98338	
945.687	408.51291	
946.056	411.01221	
946.426	373.51288	
946.795	406.01351	
947.164	340.99638	
947.533	386.015	
947.903	263.39231	
948.272	393.51514	
948.641	406.01351	
949.01	333.49031	
949.379	445.99267	
949.748	348.50161	
950.116	278.41962	
950.485	335.99243	
950.854	383.51476	
951.222	320.97829	
951.591	391.01519	
951.959	356.00598	
952.328	401.01444	
952.696	408.51291	
953.065	358.50725	
953.433	373.51288	
953.801	426.00606	
954.169	378.51401	
954.537	345.99996	
954.905	320.97829	
955.273	363.5095	
955.641	325.98338	
956.009	406.01351	
956.377	340.99638	
956.744	343.49822	
957.112	383.51476	
957.479	376.01349	
957.847	320.97829	
958.214	398.51477	
958.582	293.44348	
958.949	398.51477	
959.316	325.98338	
959.684	348.50161	
960.051	356.00598	
960.418	293.44348	
960.785	366.01049	
961.152	351.00316	
961.519	320.97829	
961.885	361.00842	
962.252	353.50462	
962.619	366.01049	
962.986	428.50471	
963.352	278.41962	
963.719	373.51288	
964.085	358.50725	
964.452	351.00316	
964.818	356.00598	
965.184	376.01349	
965.55	328.48579	
965.916	401.01444	
966.283	408.51291	
966.649	416.01053	
967.015	505.91712	
967.38	510.90844	
967.746	518.39475	
968.112	640.5561	
968.478	635.57413	
968.843	630.5918	
969.209	747.58355	
969.575	740.12175	
969.94	747.58355	
970.305	580.74889	
970.671	638.06516	
971.036	575.76263	
971.401	478.45831	
971.766	366.01049	
972.132	393.51514	
972.497	406.01351	
972.862	366.01049	
973.227	351.00316	
973.591	335.99243	
973.956	298.45067	
974.321	391.01519	
974.686	371.01218	
975.05	278.41962	
975.415	366.01049	
975.779	401.01444	
976.144	358.50725	
976.508	348.50161	
976.872	345.99996	
977.236	295.94712	
977.601	408.51291	
977.965	345.99996	
978.329	325.98338	
978.693	325.98338	
979.057	361.00842	
979.421	406.01351	
979.784	371.01218	
980.148	445.99267	
980.512	290.93975	
980.875	383.51476	
981.239	340.99638	
981.602	373.51288	
981.966	401.01444	
982.329	473.46461	
982.692	468.47054	
983.056	413.51142	
983.419	348.50161	
983.782	373.51288	
984.145	383.51476	
984.508	300.95412	
984.871	288.43591	
985.234	340.99638	
985.597	413.51142	
985.959	383.51476	
986.322	353.50462	
986.685	351.00316	
987.047	348.50161	
987.41	343.49822	
987.772	368.51138	
988.134	318.4756	
988.497	368.51138	
988.859	320.97829	
989.221	388.51514	
989.583	340.99638	
989.945	411.01221	
990.307	340.99638	
990.669	298.45067	
991.031	310.96697	
991.393	408.51291	
991.755	358.50725	
992.116	333.49031	
992.478	356.00598	
992.839	308.4639	
993.201	351.00316	
993.562	330.9881	
993.924	358.50725	
994.285	391.01519	
994.646	320.97829	
995.007	358.50725	
995.369	373.51288	
995.73	376.01349	
996.091	343.49822	
996.451	408.51291	
996.812	335.99243	
997.173	393.51514	
997.534	345.99996	
997.895	303.45748	
998.255	305.96073	
998.616	376.01349	
998.976	413.51142	
999.337	325.98338	
999.697	363.5095	
1000.057	340.99638	
1000.418	320.97829	
1000.778	283.42796	
1001.138	401.01444	
1001.498	318.4756	
1001.858	373.51288	
1002.218	303.45748	
1002.578	313.46994	
1002.937	303.45748	
1003.297	290.93975	
1003.657	318.4756	
1004.016	378.51401	
1004.376	358.50725	
1004.735	383.51476	
1005.095	363.5095	
1005.454	320.97829	
1005.813	285.93198	
1006.173	366.01049	
1006.532	323.48089	
1006.891	343.49822	
1007.25	373.51288	
1007.609	376.01349	
1007.968	280.92384	
1008.327	338.49445	
1008.686	373.51288	
1009.044	373.51288	
1009.403	325.98338	
1009.762	373.51288	
1010.12	391.01519	
1010.479	348.50161	
1010.837	303.45748	
1011.195	280.92384	
1011.554	318.4756	
1011.912	318.4756	
1012.27	366.01049	
1012.628	368.51138	
1012.986	288.43591	
1013.344	416.01053	
1013.702	386.015	
1014.06	295.94712	
1014.418	290.93975	
1014.775	345.99996	
1015.133	356.00598	
1015.491	356.00598	
1015.848	361.00842	
1016.206	388.51514	
1016.563	305.96073	
1016.92	361.00842	
1017.278	391.01519	
1017.635	363.5095	
1017.992	371.01218	
1018.349	361.00842	
1018.706	393.51514	
1019.063	363.5095	
1019.42	313.46994	
1019.777	428.50471	
1020.134	328.48579	
1020.49	393.51514	
1020.847	343.49822	
1021.203	373.51288	
1021.56	391.01519	
1021.916	371.01218	
1022.273	408.51291	
1022.629	333.49031	
1022.985	313.46994	
1023.342	298.45067	
1023.698	338.49445	
1024.054	340.99638	
1024.41	313.46994	
1024.766	333.49031	
1025.122	305.96073	
1025.477	315.97282	
1025.833	283.42796	
1026.189	393.51514	
1026.545	273.4109	
1026.9	320.97829	
1027.256	381.01443	
1027.611	298.45067	
1027.966	288.43591	
1028.322	343.49822	
1028.677	398.51477	
1029.032	348.50161	
1029.387	361.00842	
1029.742	361.00842	
1030.097	378.51401	
1030.452	351.00316	
1030.807	351.00316	
1031.162	393.51514	
1031.517	308.4639	
1031.871	361.00842	
1032.226	358.50725	
1032.581	358.50725	
1032.935	358.50725	
