Absorbance:264		
187.856	-1.02009	
188.32	-1.02009	
188.785	-1.02009	
189.249	-0.62996	
189.713	-0	
190.178	-0.48009	
190.642	-0.43307	
191.106	0.48537	
191.57	-0	
192.034	-0	
192.498	-0	
192.963	-0	
193.427	-0	
193.89	-0.03829	
194.354	-0	
194.818	-1.13937	
195.282	0.02657	
195.746	-0	
196.21	-0.16856	
196.673	-0	
197.137	-0	
197.601	0.32686	
198.064	-0	
198.528	0.47979	
198.991	0.8279	
199.454	1.01941	
199.918	0.79285	
200.381	0.56295	
200.844	0.58805	
201.308	0.68298	
201.771	0.85026	
202.234	0.82237	
202.697	1.84622	
203.16	0.62851	
203.623	0.52118	
204.086	0.85598	
204.549	2.12527	
205.012	0.90439	
205.475	0.68895	
205.938	0.81683	
206.4	0.87049	
206.863	0.72999	
207.326	0.84536	
207.788	0.62201	
208.251	1.00841	
208.714	0.68079	
209.176	0.82073	
209.639	0.76177	
210.101	1.2908	
210.563	0.89314	
211.026	1.00109	
211.488	2.06639	
211.95	0.85718	
212.412	0.90273	
212.874	0.73646	
213.337	1.39609	
213.799	0.99554	
214.261	0.90253	
214.723	0.97953	
215.184	1.34454	
215.646	1.34006	
216.108	2.63748	
216.57	1.61415	
217.032	1.62175	
217.493	2.09748	
217.955	1.66794	
218.417	-0	
218.878	1.71584	
219.34	1.77278	
219.801	2.20992	
220.263	2.12485	
220.724	2.04763	
221.185	2.1176	
221.647	2.26171	
222.108	1.92702	
222.569	1.95556	
223.03	2.0967	
223.491	2.14506	
223.952	2.31551	
224.413	2.3223	
224.874	2.22894	
225.335	2.16404	
225.796	2.1584	
226.257	2.20952	
226.718	2.31574	
227.179	2.35766	
227.639	-0	
228.1	2.43634	
228.561	2.6048	
229.021	2.94148	
229.482	2.53014	
229.942	2.29193	
230.403	2.45997	
230.863	2.58976	
231.323	2.19869	
231.784	2.33264	
232.244	2.34086	
232.704	2.43962	
233.164	2.37597	
233.625	2.60683	
234.085	2.20543	
234.545	2.47585	
235.005	2.35105	
235.465	2.35797	
235.925	-0	
236.384	2.30339	
236.844	2.39317	
237.304	2.58007	
237.764	3.61633	
238.223	2.35678	
238.683	3.36254	
239.143	2.25849	
239.602	2.48381	
240.062	2.41062	
240.521	2.43465	
240.98	2.5746	
241.44	2.23868	
241.899	2.30175	
242.358	2.54229	
242.818	2.62609	
243.277	2.20674	
243.736	2.47799	
244.195	2.66868	
244.654	2.77281	
245.113	2.3479	
245.572	2.32077	
246.031	2.25869	
246.49	2.48964	
246.949	2.56419	
247.408	2.42383	
247.866	2.62903	
248.325	2.44717	
248.784	2.68066	
249.242	2.63779	
249.701	2.87091	
250.159	2.30484	
250.618	2.75884	
251.076	2.53543	
251.534	2.46585	
251.993	2.51529	
252.451	2.35171	
252.909	2.443	
253.368	2.54715	
253.826	2.47713	
254.284	2.50853	
254.742	2.35013	
255.2	2.27899	
255.658	2.3949	
256.116	2.57652	
256.574	2.75855	
257.031	2.39856	
257.489	2.59399	
257.947	2.59575	
258.405	2.85239	
258.862	2.49175	
259.32	2.836	
259.777	2.65395	
260.235	2.68061	
260.692	2.3284	
261.15	2.49071	
261.607	2.60199	
262.065	2.72011	
262.522	3.03782	
262.979	2.56435	
263.436	2.38592	
263.893	2.65566	
264.351	2.46955	
264.808	2.54019	
265.265	3.04211	
265.722	2.36621	
266.178	2.58989	
266.635	2.71863	
267.092	2.6056	
267.549	2.24064	
268.006	2.79582	
268.462	2.57191	
268.919	2.48698	
269.376	2.69161	
269.832	2.27985	
270.289	2.82497	
270.745	2.66866	
271.202	2.48818	
271.658	2.461	
272.114	2.63045	
272.571	2.63016	
273.027	2.6309	
273.483	2.60136	
273.939	2.41034	
274.395	2.48236	
274.851	2.96569	
275.307	2.82994	
275.763	2.49751	
276.219	2.31299	
276.675	2.86042	
277.131	2.63601	
277.587	2.51073	
278.042	2.92214	
278.498	3.08241	
278.954	2.96426	
279.409	2.3861	
279.865	2.40714	
280.32	2.41156	
280.776	2.23206	
281.231	2.34054	
281.687	3.40808	
282.142	2.55632	
282.597	2.62682	
283.052	2.38264	
283.508	2.42603	
283.963	2.5366	
284.418	4.04908	
284.873	2.37435	
285.328	2.4049	
285.783	2.59408	
286.238	2.45055	
286.693	2.19133	
287.147	2.27267	
287.602	2.30944	
288.057	2.22584	
288.512	2.08332	
288.966	2.05839	
289.421	1.99134	
289.875	1.96262	
290.33	1.82982	
290.784	1.79605	
291.239	1.76102	
291.693	1.68219	
292.147	1.63546	
292.602	1.56586	
293.056	1.50444	
293.51	1.41884	
293.964	1.43476	
294.418	1.34751	
294.872	1.30282	
295.326	1.25062	
295.78	1.19554	
296.234	1.12985	
296.688	1.08576	
297.142	1.05334	
297.595	1.00011	
298.049	0.96822	
298.503	0.92828	
298.956	0.89148	
299.41	0.86478	
299.863	0.82029	
300.317	0.80133	
300.77	0.76089	
301.224	0.71749	
301.677	0.69024	
302.13	0.66664	
302.584	0.63354	
303.037	0.60645	
303.49	0.57875	
303.943	0.56083	
304.396	0.54154	
304.849	0.51136	
305.302	0.48941	
305.755	0.46786	
306.208	0.44771	
306.661	0.43074	
307.114	0.4093	
307.566	0.39211	
308.019	0.38175	
308.472	0.36849	
308.924	0.34879	
309.377	0.32829	
309.829	0.32241	
310.282	0.31072	
310.734	0.29256	
311.187	0.28545	
311.639	0.27478	
312.091	0.25922	
312.543	0.25032	
312.995	0.2429	
313.448	0.2276	
313.9	0.22128	
314.352	0.21551	
314.804	0.1987	
315.256	0.2061	
315.708	0.18722	
316.159	0.18616	
316.611	0.18254	
317.063	0.17146	
317.515	0.16399	
317.966	0.16237	
318.418	0.15236	
318.87	0.14789	
319.321	0.14518	
319.773	0.14164	
320.224	0.13702	
320.675	0.12789	
321.127	0.12027	
321.578	0.1263	
322.029	0.1192	
322.48	0.11844	
322.932	0.1158	
323.383	0.10447	
323.834	0.09898	
324.285	0.11103	
324.736	0.09813	
325.187	0.09928	
325.638	0.09962	
326.088	0.09277	
326.539	0.08491	
326.99	0.08518	
327.441	0.08599	
327.891	0.08565	
328.342	0.08221	
328.792	0.08612	
329.243	0.08756	
329.693	0.07818	
330.144	0.08	
330.594	0.08327	
331.044	0.08179	
331.495	0.08388	
331.945	0.07556	
332.395	0.06859	
332.845	0.05152	
333.295	0.04715	
333.745	0.04351	
334.195	0.04445	
334.645	0.05258	
335.095	0.0702	
335.545	0.06717	
335.995	0.05999	
336.444	0.06319	
336.894	0.05863	
337.344	0.06703	
337.793	0.06138	
338.243	0.04657	
338.692	0.05869	
339.142	0.06076	
339.591	0.05053	
340.041	0.05007	
340.49	0.05183	
340.939	0.05701	
341.388	0.05509	
341.838	0.05494	
342.287	0.05218	
342.736	0.04897	
343.185	0.05316	
343.634	0.04827	
344.083	0.053	
344.532	0.05007	
344.981	0.05783	
345.429	0.05135	
345.878	0.05517	
346.327	0.05148	
346.776	0.05205	
347.224	0.04953	
347.673	0.04485	
348.121	0.04494	
348.57	0.0519	
349.018	0.04501	
349.467	0.05412	
349.915	0.05016	
350.363	0.04896	
350.811	0.04645	
351.26	0.04903	
351.708	0.05348	
352.156	0.04877	
352.604	0.04998	
353.052	0.04371	
353.5	0.04586	
353.948	0.05126	
354.396	0.04528	
354.843	0.04738	
355.291	0.05284	
355.739	0.04377	
356.186	0.04478	
356.634	0.03997	
357.082	0.05178	
357.529	0.04581	
357.977	0.04751	
358.424	0.04556	
358.871	0.04679	
359.319	0.04284	
359.766	0.03593	
360.213	0.04527	
360.661	0.04538	
361.108	0.04835	
361.555	0.04393	
362.002	0.03931	
362.449	0.0384	
362.896	0.04417	
363.343	0.03974	
363.79	0.04784	
364.236	0.04068	
364.683	0.04089	
365.13	0.04862	
365.577	0.04157	
366.023	0.04331	
366.47	0.03851	
366.916	0.03987	
367.363	0.04708	
367.809	0.03903	
368.256	0.04446	
368.702	0.03798	
369.148	0.05098	
369.594	0.0467	
370.041	0.04549	
370.487	0.04061	
370.933	0.04329	
371.379	0.04242	
371.825	0.0364	
372.271	0.04989	
372.717	0.04266	
373.163	0.04607	
373.608	0.03541	
374.054	0.03708	
374.5	0.04346	
374.946	0.0365	
375.391	0.05549	
375.837	0.04012	
376.282	0.04762	
376.728	0.04192	
377.173	0.04061	
377.618	0.04367	
378.064	0.04555	
378.509	0.04702	
378.954	0.03937	
379.4	0.04827	
379.845	0.04184	
380.29	0.04927	
380.735	0.05321	
381.18	0.04014	
381.625	0.04517	
382.07	0.04528	
382.514	0.04855	
382.959	0.04011	
383.404	0.04116	
383.849	0.04725	
384.293	0.04701	
384.738	0.05285	
385.183	0.04995	
385.627	0.04818	
386.072	0.03742	
386.516	0.04759	
386.96	0.03268	
387.405	0.04686	
387.849	0.0512	
388.293	0.0487	
388.737	0.05156	
389.181	0.05256	
389.626	0.04489	
390.07	0.04138	
390.514	0.04001	
390.957	0.05222	
391.401	0.05038	
391.845	0.04671	
392.289	0.04789	
392.733	0.04142	
393.176	0.0498	
393.62	0.04794	
394.064	0.04424	
394.507	0.03828	
394.951	0.03897	
395.394	0.04769	
395.838	0.04851	
396.281	0.03979	
396.724	0.04681	
397.168	0.04498	
397.611	0.04722	
398.054	0.0464	
398.497	0.05083	
398.94	0.04512	
399.383	0.04689	
399.826	0.04332	
400.269	0.03808	
400.712	0.04187	
401.155	0.04877	
401.597	0.05118	
402.04	0.04332	
402.483	0.04835	
402.925	0.04991	
403.368	0.0538	
403.811	0.04671	
404.253	0.05293	
404.696	0.04805	
405.138	0.04657	
405.58	0.04892	
406.023	0.04355	
406.465	0.04891	
406.907	0.04463	
407.349	0.04984	
407.791	0.05364	
408.233	0.04316	
408.675	0.04914	
409.117	0.06157	
409.559	0.0515	
410.001	0.04753	
410.443	0.0463	
410.885	0.04493	
411.326	0.05327	
411.768	0.05029	
412.21	0.05602	
412.651	0.04993	
413.093	0.03853	
413.534	0.06124	
413.975	0.04251	
414.417	0.04898	
414.858	0.04526	
415.299	0.05014	
415.741	0.05433	
416.182	0.04813	
416.623	0.04988	
417.064	0.05052	
417.505	0.04421	
417.946	0.03851	
418.387	0.04789	
418.828	0.04988	
419.269	0.04641	
419.709	0.0492	
420.15	0.04618	
420.591	0.0435	
421.031	0.05149	
421.472	0.05805	
421.913	0.04167	
422.353	0.05153	
422.794	0.05561	
423.234	0.0454	
423.674	0.04463	
424.115	0.06115	
424.555	0.04434	
424.995	0.06039	
425.435	0.05411	
425.875	0.05077	
426.315	0.04589	
426.755	0.05444	
427.195	0.04749	
427.635	0.04695	
428.075	0.05016	
428.515	0.0588	
428.955	0.0505	
429.394	0.05537	
429.834	0.04949	
430.274	0.04626	
430.713	0.04307	
431.153	0.05574	
431.592	0.04835	
432.031	0.05001	
432.471	0.04943	
432.91	0.05071	
433.349	0.04743	
433.789	0.0541	
434.228	0.04525	
434.667	0.05342	
435.106	0.05231	
435.545	0.04026	
435.984	0.04965	
436.423	0.04842	
436.862	0.05028	
437.301	0.05661	
437.739	0.05438	
438.178	0.04725	
438.617	0.05017	
439.055	0.04852	
439.494	0.0529	
439.932	0.05154	
440.371	0.04806	
440.809	0.04925	
441.248	0.05243	
441.686	0.05151	
442.124	0.05698	
442.563	0.05767	
443.001	0.03836	
443.439	0.04678	
443.877	0.05044	
444.315	0.05199	
444.753	0.05008	
445.191	0.05049	
445.629	0.05191	
446.067	0.05352	
446.504	0.03663	
446.942	0.05375	
447.38	0.05271	
447.817	0.05532	
448.255	0.06017	
448.693	0.05206	
449.13	0.0428	
449.568	0.05672	
450.005	0.04721	
450.442	0.04875	
450.88	0.05114	
451.317	0.05433	
451.754	0.04922	
452.191	0.04813	
452.628	0.04762	
453.065	0.05152	
453.502	0.05535	
453.939	0.04672	
454.376	0.03628	
454.813	0.04938	
455.25	0.05075	
455.686	0.05287	
456.123	0.06318	
456.56	0.05577	
456.996	0.06345	
457.433	0.04752	
457.869	0.05626	
458.306	0.04601	
458.742	0.05277	
459.179	0.0402	
459.615	0.03926	
460.051	0.05272	
460.487	0.04568	
460.924	0.05103	
461.36	0.04609	
461.796	0.05004	
462.232	0.04522	
462.668	0.04379	
463.104	0.05235	
463.539	0.03911	
463.975	0.04459	
464.411	0.05515	
464.847	0.04408	
465.282	0.05029	
465.718	0.0534	
466.153	0.04904	
466.589	0.05187	
467.024	0.05235	
467.46	0.04409	
467.895	0.04244	
468.33	0.04487	
468.766	0.05499	
469.201	0.04512	
469.636	0.04791	
470.071	0.0507	
470.506	0.04311	
470.941	0.05873	
471.376	0.04788	
471.811	0.05698	
472.246	0.05655	
472.681	0.05034	
473.115	0.04928	
473.55	0.04593	
473.985	0.04794	
474.419	0.04861	
474.854	0.0533	
475.288	0.05158	
475.723	0.04874	
476.157	0.05621	
476.592	0.04827	
477.026	0.05873	
477.46	0.04828	
477.894	0.0473	
478.329	0.05824	
478.763	0.04254	
479.197	0.05037	
479.631	0.05618	
480.065	0.05326	
480.499	0.04777	
480.932	0.05526	
481.366	0.05213	
481.8	0.04917	
482.234	0.0552	
482.667	0.05272	
483.101	0.05031	
483.535	0.04674	
483.968	0.04285	
484.401	0.04719	
484.835	0.05042	
485.268	0.05429	
485.702	0.05963	
486.135	0.04697	
486.568	0.05423	
487.001	0.04633	
487.434	0.0442	
487.867	0.0487	
488.3	0.03993	
488.733	0.04668	
489.166	0.04273	
489.599	0.05111	
490.032	0.051	
490.464	0.05809	
490.897	0.05084	
491.33	0.04761	
491.762	0.04887	
492.195	0.04752	
492.627	0.0543	
493.06	0.05129	
493.492	0.0504	
493.925	0.05782	
494.357	0.04287	
494.789	0.05138	
495.221	0.04788	
495.653	0.05125	
496.086	0.05589	
496.518	0.06157	
496.95	0.05103	
497.382	0.05123	
497.813	0.04247	
498.245	0.04815	
498.677	0.05112	
499.109	0.0504	
499.54	0.04734	
499.972	0.05438	
500.404	0.04635	
500.835	0.04448	
501.267	0.04957	
501.698	0.0504	
502.129	0.05085	
502.561	0.04058	
502.992	0.05046	
503.423	0.04885	
503.855	0.04847	
504.286	0.05774	
504.717	0.05004	
505.148	0.0489	
505.579	0.05232	
506.01	0.04681	
506.441	0.05591	
506.871	0.04549	
507.302	0.05257	
507.733	0.05461	
508.163	0.05629	
508.594	0.04924	
509.025	0.04742	
509.455	0.05603	
509.886	0.05132	
510.316	0.05726	
510.746	0.05771	
511.177	0.05505	
511.607	0.05472	
512.037	0.05549	
512.467	0.05412	
512.898	0.05648	
513.328	0.05416	
513.758	0.05142	
514.188	0.05036	
514.617	0.0496	
515.047	0.05232	
515.477	0.05176	
515.907	0.05993	
516.337	0.05689	
516.766	0.05481	
517.196	0.05799	
517.625	0.05516	
518.055	0.05329	
518.484	0.04992	
518.914	0.05531	
519.343	0.05207	
519.772	0.05465	
520.202	0.0567	
520.631	0.05525	
521.06	0.05733	
521.489	0.05478	
521.918	0.05365	
522.347	0.05348	
522.776	0.05374	
523.205	0.052	
523.634	0.05788	
524.063	0.06193	
524.491	0.062	
524.92	0.05793	
525.349	0.0585	
525.777	0.05749	
526.206	0.06203	
526.634	0.05609	
527.063	0.05634	
527.491	0.0635	
527.919	0.06526	
528.348	0.06206	
528.776	0.05701	
529.204	0.05341	
529.632	0.06669	
530.06	0.06015	
530.488	0.07158	
530.916	0.05688	
531.344	0.06571	
531.772	0.06785	
532.2	0.06296	
532.627	0.06637	
533.055	0.06362	
533.483	0.06532	
533.91	0.06963	
534.338	0.06539	
534.765	0.06386	
535.193	0.06318	
535.62	0.06183	
536.048	0.0644	
536.475	0.06474	
536.902	0.07229	
537.329	0.06471	
537.757	0.0566	
538.184	0.07064	
538.611	0.06171	
539.038	0.07576	
539.465	0.06801	
539.892	0.06997	
540.318	0.06844	
540.745	0.07186	
541.172	0.06767	
541.599	0.06726	
542.025	0.07825	
542.452	0.07171	
542.878	0.0753	
543.305	0.07221	
543.731	0.06674	
544.158	0.07208	
544.584	0.07191	
545.01	0.07108	
545.436	0.07395	
545.862	0.07266	
546.289	0.0765	
546.715	0.07516	
547.141	0.07964	
547.567	0.06956	
547.993	0.0812	
548.418	0.0827	
548.844	0.08153	
549.27	0.07823	
549.696	0.07708	
550.121	0.08004	
550.547	0.07869	
550.972	0.07597	
551.398	0.08325	
551.823	0.09079	
552.249	0.08557	
552.674	0.07883	
553.099	0.08901	
553.525	0.08049	
553.95	0.08357	
554.375	0.0862	
554.8	0.08674	
555.225	0.08721	
555.65	0.08909	
556.075	0.08735	
556.5	0.0885	
556.925	0.07963	
557.349	0.09525	
557.774	0.08496	
558.199	0.09028	
558.623	0.0917	
559.048	0.09072	
559.472	0.10005	
559.897	0.08914	
560.321	0.10066	
560.746	0.09384	
561.17	0.10331	
561.594	0.09604	
562.018	0.0979	
562.443	0.09754	
562.867	0.09605	
563.291	0.10277	
563.715	0.10048	
564.139	0.10015	
564.562	0.10348	
564.986	0.10099	
565.41	0.10198	
565.834	0.0961	
566.257	0.10078	
566.681	0.10855	
567.105	0.10656	
567.528	0.10552	
567.952	0.1066	
568.375	0.11444	
568.798	0.1086	
569.222	0.10777	
569.645	0.10608	
570.068	0.11059	
570.491	0.10994	
570.914	0.11302	
571.337	0.10793	
571.76	0.10908	
572.183	0.11077	
572.606	0.11767	
573.029	0.11387	
573.452	0.12308	
573.875	0.11892	
574.297	0.1164	
574.72	0.12003	
575.143	0.12296	
575.565	0.1197	
575.988	0.12108	
576.41	0.12346	
576.832	0.12538	
577.255	0.13093	
577.677	0.12815	
578.099	0.12917	
578.521	0.12931	
578.943	0.12494	
579.365	0.12337	
579.787	0.12817	
580.209	0.12782	
580.631	0.13185	
581.053	0.13603	
581.475	0.13723	
581.897	0.14082	
582.318	0.13743	
582.74	0.13996	
583.162	0.13511	
583.583	0.13319	
584.005	0.14313	
584.426	0.13854	
584.847	0.14472	
585.269	0.14919	
585.69	0.1508	
586.111	0.15022	
586.532	0.1539	
586.954	0.15337	
587.375	0.15007	
587.796	0.15765	
588.217	0.15351	
588.637	0.15566	
589.058	0.15343	
589.479	0.16071	
589.9	0.16193	
590.32	0.16125	
590.741	0.16578	
591.162	0.16604	
591.582	0.1749	
592.003	0.17244	
592.423	0.17281	
592.844	0.17437	
593.264	0.17402	
593.684	0.17923	
594.104	0.1716	
594.524	0.17593	
594.945	0.17897	
595.365	0.18407	
595.785	0.18343	
596.205	0.18067	
596.625	0.18101	
597.044	0.18861	
597.464	0.18981	
597.884	0.1932	
598.304	0.19475	
598.723	0.20281	
599.143	0.19552	
599.562	0.20132	
599.982	0.19873	
600.401	0.19633	
600.821	0.2011	
601.24	0.20219	
601.659	0.2033	
602.078	0.20664	
602.498	0.20146	
602.917	0.20792	
603.336	0.213	
603.755	0.21335	
604.174	0.21137	
604.593	0.21181	
605.011	0.21807	
605.43	0.21731	
605.849	0.22102	
606.268	0.21831	
606.686	0.22722	
607.105	0.23052	
607.523	0.22879	
607.942	0.232	
608.36	0.23272	
608.779	0.23398	
609.197	0.2451	
609.615	0.2367	
610.033	0.24842	
610.451	0.25218	
610.87	0.25029	
611.288	0.25631	
611.706	0.25241	
612.124	0.26105	
612.541	0.26086	
612.959	0.26845	
613.377	0.27026	
613.795	0.26915	
614.212	0.26917	
614.63	0.28227	
615.048	0.28026	
615.465	0.28668	
615.883	0.27796	
616.3	0.28712	
616.717	0.28545	
617.135	0.29449	
617.552	0.29598	
617.969	0.29434	
618.386	0.29732	
618.803	0.30314	
619.22	0.30754	
619.637	0.31317	
620.054	0.31018	
620.471	0.31126	
620.888	0.32121	
621.305	0.31914	
621.721	0.31917	
622.138	0.32884	
622.555	0.33764	
622.971	0.32783	
623.388	0.33675	
623.804	0.33549	
624.221	0.34277	
624.637	0.34391	
625.053	0.35238	
625.47	0.35382	
625.886	0.35646	
626.302	0.35062	
626.718	0.36366	
627.134	0.36223	
627.55	0.36852	
627.966	0.37053	
628.382	0.37474	
628.797	0.38268	
629.213	0.37929	
629.629	0.38206	
630.045	0.38858	
630.46	0.39157	
630.876	0.39719	
631.291	0.39539	
631.707	0.40062	
632.122	0.40342	
632.537	0.4166	
632.953	0.40788	
633.368	0.4282	
633.783	0.41621	
634.198	0.4224	
634.613	0.43505	
635.028	0.42534	
635.443	0.43783	
635.858	0.43914	
636.273	0.44869	
636.688	0.44604	
637.102	0.44635	
637.517	0.45211	
637.932	0.45587	
638.346	0.46278	
638.761	0.46068	
639.175	0.45765	
639.59	0.48042	
640.004	0.4758	
640.418	0.4767	
640.832	0.48198	
641.247	0.48902	
641.661	0.49421	
642.075	0.50221	
642.489	0.50248	
642.903	0.50906	
643.317	0.51024	
643.731	0.51565	
644.145	0.51252	
644.558	0.52226	
644.972	0.51977	
645.386	0.53478	
645.799	0.54467	
646.213	0.53752	
646.626	0.54699	
647.04	0.55197	
647.453	0.55203	
647.866	0.55631	
648.28	0.56665	
648.693	0.56671	
649.106	0.56907	
649.519	0.57425	
649.932	0.58356	
650.345	0.58482	
650.758	0.59282	
651.171	0.59583	
651.584	0.5994	
651.997	0.60126	
652.41	0.61455	
652.822	0.62103	
653.235	0.6198	
653.647	0.63552	
654.06	0.63482	
654.472	0.62866	
654.885	0.6461	
655.297	0.64609	
655.71	0.65754	
656.122	0.65559	
656.534	0.65516	
656.946	0.66212	
657.358	0.67138	
657.77	0.66269	
658.182	0.67608	
658.594	0.68522	
659.006	0.68897	
659.418	0.69165	
659.83	0.70098	
660.241	0.69611	
660.653	0.70591	
661.065	0.71658	
661.476	0.71254	
661.888	0.72342	
662.299	0.71698	
662.71	0.743	
663.122	0.74245	
663.533	0.75069	
663.944	0.74802	
664.355	0.75719	
664.767	0.76723	
665.178	0.76749	
665.589	0.78815	
666	0.79056	
666.41	0.78805	
666.821	0.77913	
667.232	0.78994	
667.643	0.79984	
668.053	0.80584	
668.464	0.80899	
668.875	0.81884	
669.285	0.82656	
669.696	0.8428	
670.106	0.83843	
670.516	0.85006	
670.927	0.85763	
671.337	0.86381	
671.747	0.86854	
672.157	0.87647	
672.567	0.88199	
672.977	0.88967	
673.387	0.89768	
673.797	0.88971	
674.207	0.90376	
674.617	0.90684	
675.027	0.90646	
675.436	0.92047	
675.846	0.9351	
676.256	0.92964	
676.665	0.9445	
677.075	0.94234	
677.484	0.95345	
677.893	0.95454	
678.303	0.96919	
678.712	0.96711	
679.121	0.97095	
679.53	0.97241	
679.939	0.97678	
680.348	0.9839	
680.757	1.00667	
681.166	1.00103	
681.575	1.0075	
681.984	1.03105	
682.393	1.03233	
682.802	1.05593	
683.21	1.03575	
683.619	1.0411	
684.027	1.035	
684.436	1.06378	
684.844	1.06507	
685.253	1.06136	
685.661	1.07978	
686.069	1.0717	
686.477	1.09707	
686.886	1.09294	
687.294	1.10685	
687.702	1.08953	
688.11	1.09037	
688.518	1.11176	
688.926	1.1346	
689.333	1.10958	
689.741	1.13962	
690.149	1.13872	
690.557	1.15636	
690.964	1.15105	
691.372	1.16179	
691.779	1.17549	
692.187	1.1874	
692.594	1.1764	
693.001	1.18295	
693.409	1.18391	
693.816	1.21035	
694.223	1.1823	
694.63	1.22795	
695.037	1.23479	
695.444	1.22558	
695.851	1.20612	
696.258	1.2176	
696.665	1.24215	
697.072	1.23725	
697.479	1.24144	
697.885	1.2641	
698.292	1.26916	
698.698	1.28995	
699.105	1.27793	
699.511	1.29366	
699.918	1.30083	
700.324	1.33131	
700.73	1.31799	
701.137	1.30829	
701.543	1.35083	
701.949	1.33341	
702.355	1.34007	
702.761	1.35479	
703.167	1.32896	
703.573	1.36797	
703.979	1.34877	
704.385	1.37574	
704.79	1.3911	
705.196	1.39948	
705.602	1.38999	
706.007	1.40695	
706.413	1.43143	
706.818	1.42417	
707.224	1.42566	
707.629	1.41861	
708.034	1.42166	
708.439	1.45452	
708.845	1.44399	
709.25	1.4199	
709.655	1.44257	
710.06	1.43341	
710.465	1.47156	
710.87	1.49171	
711.275	1.50279	
711.679	1.48111	
712.084	1.51163	
712.489	1.53926	
712.893	1.52473	
713.298	1.48638	
713.702	1.51805	
714.107	1.52911	
714.511	1.48791	
714.916	1.53076	
715.32	1.53504	
715.724	1.57239	
716.128	1.56356	
716.533	1.56896	
716.937	1.5224	
717.341	1.61124	
717.745	1.5831	
718.149	1.59824	
718.552	1.55661	
718.956	1.59475	
719.36	1.61431	
719.764	1.63516	
720.167	1.57856	
720.571	1.66015	
720.974	1.61083	
721.378	1.65301	
721.781	1.59216	
722.185	1.62428	
722.588	1.61007	
722.991	1.68137	
723.394	1.66666	
723.797	1.63163	
724.2	1.67342	
724.603	1.68037	
725.006	1.71513	
725.409	1.73632	
725.812	1.69141	
726.215	1.70408	
726.618	1.73104	
727.02	1.69624	
727.423	1.74069	
727.826	1.7415	
728.228	1.69859	
728.631	1.72455	
729.033	1.67968	
729.435	1.67128	
729.838	1.7323	
730.24	1.7318	
730.642	1.69245	
731.044	1.7394	
731.446	1.79495	
731.848	1.69341	
732.25	1.79927	
732.652	1.75791	
733.054	1.81171	
733.456	1.79722	
733.857	1.83512	
734.259	1.82973	
734.661	1.81542	
735.062	1.82832	
735.464	1.7913	
735.865	1.87723	
736.267	1.90518	
736.668	1.79965	
737.069	1.92286	
737.47	1.84845	
737.872	1.82197	
738.273	1.81749	
738.674	1.86011	
739.075	1.77962	
739.476	1.79936	
739.877	1.95801	
740.278	1.97278	
740.678	1.86275	
741.079	1.81817	
741.48	1.88388	
741.88	2.02354	
742.281	1.92605	
742.681	1.85214	
743.082	1.94071	
743.482	1.89182	
743.882	1.86109	
744.283	1.93597	
744.683	1.86601	
745.083	1.88806	
745.483	1.93396	
745.883	1.93623	
746.283	1.9462	
746.683	1.94144	
747.083	1.89701	
747.483	1.93572	
747.883	1.89415	
748.282	1.97954	
748.682	1.98745	
749.082	2.02248	
749.481	2.00318	
749.881	2.02257	
750.28	1.95394	
750.679	1.96032	
751.079	2.02138	
751.478	2.08427	
751.877	2.14879	
752.276	2.11058	
752.675	1.98614	
753.074	1.98893	
753.473	2.07199	
753.872	1.983	
754.271	2.0483	
754.67	1.9978	
755.069	1.99011	
755.467	2.05804	
755.866	2.19549	
756.265	2.05204	
756.663	2.00261	
757.062	2.11621	
757.46	2.1165	
757.858	2.08252	
758.257	2.13982	
758.655	1.99492	
759.053	2.11113	
759.451	1.98187	
759.849	1.98263	
760.247	2.14427	
760.645	2.3302	
761.043	1.93472	
761.441	2.12905	
761.839	2.15042	
762.237	2.19906	
762.634	2.09368	
763.032	2.13382	
763.429	2.24037	
763.827	2.25436	
764.224	2.08688	
764.622	1.96393	
765.019	2.34283	
765.416	2.12127	
765.814	2.18713	
766.211	2.13282	
766.608	2.23949	
767.005	2.02255	
767.402	2.19767	
767.799	2.27094	
768.196	2.15336	
768.593	2.0145	
768.989	2.04767	
769.386	2.04096	
769.783	2.02862	
770.179	2.15431	
770.576	2.21558	
770.972	2.14297	
771.369	2.09713	
771.765	2.0175	
772.161	1.98906	
772.558	2.16598	
772.954	2.13107	
773.35	2.24912	
773.746	1.98989	
774.142	2.11595	
774.538	2.14996	
774.934	2.11301	
775.33	2.03178	
775.726	2.05059	
776.121	2.06542	
776.517	2.31152	
776.913	2.18045	
777.308	1.98844	
777.704	2.38485	
778.099	2.11206	
778.495	2.36622	
778.89	2.42724	
779.285	2.22763	
779.68	2.2176	
780.076	2.45853	
780.471	2.13805	
780.866	2.1127	
781.261	2.19873	
781.656	1.98652	
782.051	2.22889	
782.445	2.48427	
782.84	2.14918	
783.235	2.15255	
783.63	2.10943	
784.024	2.03094	
784.419	2.59762	
784.813	2.21604	
785.208	2.34515	
785.602	2.13459	
785.996	2.07267	
786.391	2.32179	
786.785	2.04774	
787.179	2.09794	
787.573	2.05469	
787.967	2.34859	
788.361	2.13929	
788.755	2.24182	
789.149	2.73821	
789.543	2.26797	
789.936	3.12809	
790.33	2.11112	
790.724	3.62739	
791.117	2.28695	
791.511	2.19798	
791.904	2.00473	
792.298	2.38254	
792.691	2.02061	
793.084	2.31374	
793.477	1.90408	
793.871	2.15094	
794.264	2.24517	
794.657	2.14484	
795.05	2.2431	
795.443	2.13353	
795.836	2.51012	
796.228	2.6163	
796.621	2.14087	
797.014	2.0483	
797.406	2.41282	
797.799	2.41113	
798.192	2.50469	
798.584	2.16926	
798.976	2.08365	
799.369	2.22807	
799.761	2.07801	
800.153	2.59533	
800.546	2.02843	
800.938	2.33174	
801.33	1.96614	
801.722	2.43833	
802.114	2.4864	
802.506	2.20768	
802.897	2.30734	
803.289	2.30341	
803.681	2.11296	
804.073	2.32925	
804.464	2.28499	
804.856	2.07511	
805.247	2.47305	
805.639	2.23981	
806.03	2.30479	
806.421	2.18029	
806.813	2.1915	
807.204	2.04592	
807.595	2.4707	
807.986	2.24597	
808.377	2.61859	
808.768	2.22334	
809.159	2.14842	
809.55	2.34358	
809.941	2.1281	
810.331	2.10392	
810.722	2.13449	
811.113	2.12398	
811.503	1.95742	
811.894	2.18797	
812.284	2.61535	
812.675	2.31259	
813.065	2.33846	
813.455	2.14558	
813.846	2.39755	
814.236	2.08758	
814.626	2.2118	
815.016	2.28793	
815.406	2.06906	
815.796	2.16557	
816.186	2.32046	
816.575	2.19915	
816.965	2.23282	
817.355	2.4891	
817.745	2.15536	
818.134	2.26764	
818.524	2.43255	
818.913	2.18197	
819.303	2.22775	
819.692	2.40178	
820.081	2.16384	
820.47	2.07029	
820.86	1.87927	
821.249	2.08414	
821.638	2.13171	
822.027	2.02412	
822.416	2.16342	
822.805	1.96292	
823.193	2.13458	
823.582	2.30919	
823.971	2.46496	
824.36	3.09819	
824.748	2.23382	
825.137	2.62936	
825.525	2.09542	
825.914	2.40978	
826.302	2.29877	
826.69	2.08308	
827.079	2.3457	
827.467	2.07466	
827.855	2.52453	
828.243	2.46426	
828.631	2.03554	
829.019	2.22476	
829.407	2.50701	
829.795	2.33231	
830.182	1.97385	
830.57	2.10075	
830.958	2.48196	
831.345	1.99568	
831.733	2.22261	
832.12	2.05804	
832.508	2.14421	
832.895	2.0742	
833.283	2.55056	
833.67	2.18616	
834.057	2.15664	
834.444	1.99602	
834.831	1.91109	
835.218	2.05167	
835.605	2.49417	
835.992	2.0479	
836.379	2.40881	
836.766	2.23631	
837.152	2.35431	
837.539	1.98309	
837.926	2.08637	
838.312	1.87396	
838.699	2.12802	
839.085	2.51817	
839.472	2.07346	
839.858	1.94447	
840.244	1.9636	
840.63	2.41152	
841.017	2.11863	
841.403	1.90837	
841.789	1.90918	
842.175	2.10349	
842.561	1.73534	
842.946	1.98867	
843.332	2.76931	
843.718	2.13614	
844.104	2.84723	
844.489	2.66217	
844.875	1.89662	
845.26	2.35637	
845.646	2.94298	
846.031	-0	
846.416	2.06277	
846.802	2.38172	
847.187	1.86353	
847.572	2.21092	
847.957	2.21777	
848.342	2.42369	
848.727	1.90186	
849.112	2.35767	
849.497	2.49212	
849.882	2.20995	
850.266	1.86317	
850.651	1.99636	
851.036	2.37247	
851.42	2.08271	
851.805	2.22302	
852.189	2.13133	
852.574	1.93055	
852.958	2.17677	
853.342	2.01438	
853.726	2.09158	
854.11	1.97842	
854.495	2.22278	
854.879	2.07915	
855.263	2.00076	
855.646	1.8971	
856.03	1.95105	
856.414	2.11884	
856.798	2.30955	
857.181	1.95711	
857.565	1.85869	
857.949	1.99522	
858.332	1.97407	
858.716	1.93098	
859.099	1.98958	
859.482	2.06974	
859.866	2.25212	
860.249	1.91767	
860.632	1.87374	
861.015	2.24265	
861.398	2.0646	
861.781	2.47673	
862.164	2.11704	
862.547	1.90517	
862.929	-0	
863.312	1.81188	
863.695	2.16154	
864.077	2.7511	
864.46	2.18928	
864.842	2.00103	
865.225	-0	
865.607	3.49061	
865.99	2.13562	
866.372	2.00782	
866.754	1.72542	
867.136	2.01059	
867.518	2.3558	
867.9	1.86995	
868.282	1.88476	
868.664	2.02552	
869.046	2.10199	
869.428	2.06462	
869.809	1.96223	
870.191	1.88402	
870.573	1.7522	
870.954	1.93965	
871.336	2.00138	
871.717	2.11708	
872.099	2.08267	
872.48	3.12938	
872.861	1.8174	
873.242	2.00246	
873.623	2.11587	
874.004	2.17656	
874.385	1.91493	
874.766	2.15787	
875.147	2.22434	
875.528	2.00956	
875.909	2.00041	
876.29	1.92958	
876.67	1.71246	
877.051	2.56621	
877.431	1.83532	
877.812	2.14959	
878.192	1.83242	
878.573	2.04767	
878.953	1.81696	
879.333	2.30578	
879.713	2.03962	
880.093	2.25794	
880.473	2.22861	
880.853	1.75808	
881.233	1.80291	
881.613	1.88463	
881.993	1.9392	
882.373	2.05631	
882.753	1.90813	
883.132	2.21298	
883.512	1.87028	
883.891	1.8118	
884.271	1.69857	
884.65	1.71085	
885.029	1.82306	
885.409	1.92729	
885.788	1.83496	
886.167	1.6201	
886.546	1.95716	
886.925	2.29654	
887.304	1.69476	
887.683	1.96768	
888.062	1.85737	
888.441	2.64016	
888.82	1.87451	
889.198	2.12522	
889.577	1.93802	
889.955	2.06164	
890.334	1.82796	
890.712	2.00995	
891.091	1.92034	
891.469	2.3021	
891.847	2.0477	
892.226	1.98962	
892.604	2.09483	
892.982	1.75022	
893.36	2.16725	
893.738	2.00428	
894.116	2.37653	
894.493	2.08125	
894.871	2.08861	
895.249	1.91027	
895.627	1.99962	
896.004	2.16429	
896.382	2.11364	
896.759	1.74835	
897.137	1.63865	
897.514	-0	
897.891	1.96984	
898.269	2.0542	
898.646	2.10357	
899.023	1.93899	
899.4	1.85445	
899.777	1.89636	
900.154	1.99363	
900.531	1.97482	
900.908	2.27177	
901.284	1.95175	
901.661	1.74523	
902.038	3.05905	
902.414	-0	
902.791	1.66829	
903.167	1.71039	
903.544	2.47459	
903.92	-0	
904.296	2.45363	
904.672	1.79822	
905.049	1.82049	
905.425	1.59676	
905.801	1.79537	
906.177	1.60257	
906.553	1.49584	
906.929	2.72383	
907.304	1.8691	
907.68	3.13534	
908.056	1.75113	
908.431	2.00925	
908.807	1.90245	
909.182	1.56065	
909.558	1.70286	
909.933	2.07164	
910.309	1.59981	
910.684	-0	
911.059	1.72904	
911.434	2.20735	
911.809	2.10864	
912.184	1.34922	
912.559	1.99044	
912.934	1.63109	
913.309	-0	
913.684	2.08311	
914.058	1.29586	
914.433	1.51318	
914.808	1.3378	
915.182	-0	
915.557	-0	
915.931	-0	
916.305	1.81964	
916.68	-0	
917.054	2.97242	
917.428	1.86526	
917.802	2.06403	
918.176	2.74735	
918.55	1.71678	
918.924	1.6569	
919.298	2.19024	
919.672	1.52902	
920.045	2.27871	
920.419	1.93614	
920.793	-0	
921.166	1.56116	
921.54	1.35947	
921.913	2.09979	
922.287	-0	
922.66	1.61333	
923.033	1.51369	
923.406	-0	
923.78	1.96708	
924.153	1.8042	
924.526	1.91231	
924.899	1.69883	
925.271	-0	
925.644	2.23944	
926.017	1.91804	
926.39	1.45644	
926.762	1.42305	
927.135	1.59229	
927.508	1.47461	
927.88	2.0061	
928.252	1.07743	
928.625	1.71162	
928.997	1.71167	
929.369	1.8371	
929.741	2.24195	
930.114	1.27622	
930.486	1.33305	
930.858	-0	
931.229	-0	
931.601	-0	
931.973	1.49202	
932.345	1.55607	
932.717	-0	
933.088	3.05447	
933.46	1.42354	
933.831	1.2429	
934.203	1.11618	
934.574	-0	
934.945	3.02674	
935.317	2.13252	
935.688	-0	
936.059	1.95235	
936.43	1.53907	
936.801	1.10246	
937.172	2.9688	
937.543	-0	
937.914	1.7445	
938.284	1.27188	
938.655	-0	
939.026	1.90975	
939.396	1.55296	
939.767	1.37921	
940.137	1.38384	
940.508	1.37248	
940.878	-0	
941.248	2.22365	
941.618	1.2823	
941.989	-0	
942.359	1.13339	
942.729	1.29553	
943.099	1.79847	
943.469	1.19031	
943.838	1.37337	
944.208	-0	
944.578	1.68342	
944.948	1.09216	
945.317	1.76124	
945.687	1.67522	
946.056	1.07711	
946.426	1.13034	
946.795	1.38874	
947.164	-0	
947.533	1.49136	
947.903	-0	
948.272	1.87639	
948.641	1.47261	
949.01	1.38951	
949.379	0.79294	
949.748	2.24834	
950.116	-0	
950.485	-0	
950.854	-0	
951.222	1.52179	
951.591	2.00209	
951.959	-0	
952.328	1.27706	
952.696	1.78178	
953.065	-0	
953.433	1.05426	
953.801	1.42755	
954.169	1.9216	
954.537	-0	
954.905	1.14814	
955.273	1.51535	
955.641	-0	
956.009	-0	
956.377	0.91012	
956.744	-0	
957.112	1.98818	
957.479	1.1287	
957.847	0.98442	
958.214	1.51554	
958.582	-0	
958.949	1.06936	
959.316	0.92322	
959.684	-0	
960.051	1.19071	
960.418	1.32093	
960.785	0.9091	
961.152	1.05972	
961.519	1.09826	
961.885	1.1902	
962.252	0.9081	
962.619	0.87647	
962.986	1.26255	
963.352	0.87559	
963.719	1.09564	
964.085	1.00521	
964.452	-0	
964.818	1.33477	
965.184	1.61746	
965.55	-0	
965.916	0.85088	
966.283	-0	
966.649	1.04589	
967.015	0.97458	
967.38	0.93519	
967.746	-0	
968.112	-0	
968.478	-0	
968.843	-0	
969.209	1.13575	
969.575	-0	
969.94	0.78671	
970.305	0.82872	
970.671	-0	
971.036	0.77427	
971.401	1.05404	
971.766	0.86912	
972.132	0.7969	
972.497	-0	
972.862	0.80014	
973.227	1.38775	
973.591	0.96385	
973.956	-0	
974.321	1.21479	
974.686	0.50823	
975.05	0.92937	
975.415	0.90558	
975.779	0.97573	
976.144	0.7599	
976.508	-0	
976.872	1.04891	
977.236	1.30627	
977.601	2.26156	
977.965	0.79083	
978.329	-0	
978.693	-0	
979.057	1.68059	
979.421	0.71868	
979.784	1.06351	
980.148	0.47194	
980.512	0.69869	
980.875	1.92405	
981.239	-0	
981.602	0.69381	
981.966	0.83872	
982.329	1.43035	
982.692	0.6658	
983.056	0.75566	
983.419	0.75857	
983.782	0.53517	
984.145	0.5769	
984.508	1.09712	
984.871	2.31212	
985.234	0.72057	
985.597	-0	
985.959	0.61283	
986.322	1.81287	
986.685	1.01568	
987.047	1.10098	
987.41	-0	
987.772	0.31948	
988.134	1.73537	
988.497	-0	
988.859	-0	
989.221	0.46429	
989.583	0.67675	
989.945	0.86156	
990.307	1.18511	
990.669	0.37434	
991.031	-0	
991.393	-0	
991.755	0.97108	
992.116	0.78529	
992.478	0.80159	
992.839	-0	
993.201	-0	
993.562	-0	
993.924	0.68665	
994.285	1.64004	
994.646	0.7288	
995.007	-0	
995.369	0.87494	
995.73	0.7411	
996.091	0.86574	
996.451	-0	
996.812	0.93753	
997.173	0.67947	
997.534	0.66877	
997.895	1.54653	
998.255	0.79109	
998.616	0.78945	
998.976	0.61991	
999.337	0.65379	
999.697	-0	
1000.057	0.60341	
1000.418	2.12115	
1000.778	0.6407	
1001.138	-0	
1001.498	1.18407	
1001.858	-0	
1002.218	0.59593	
1002.578	0.63313	
1002.937	0.47669	
1003.297	-0	
1003.657	-0	
1004.016	0.98488	
1004.376	-0	
1004.735	1.71279	
1005.095	-0	
1005.454	1.94971	
1005.813	1.42378	
1006.173	1.69236	
1006.532	-0	
1006.891	1.62538	
1007.25	-0	
1007.609	1.38052	
1007.968	0.6779	
1008.327	0.73176	
1008.686	0.55946	
1009.044	-0	
1009.403	0.5691	
1009.762	-0	
1010.12	0.59862	
1010.479	1.05387	
1010.837	0.82302	
1011.195	0.97535	
1011.554	1.31516	
1011.912	0.53215	
1012.27	0.71696	
1012.628	-0	
1012.986	-0	
1013.344	0.83617	
1013.702	0.98647	
1014.06	-0	
1014.418	1.22411	
1014.775	1.12094	
1015.133	0.65738	
1015.491	-0	
1015.848	-0	
1016.206	0.55683	
1016.563	1.14457	
1016.92	0.82303	
1017.278	1.13649	
1017.635	-0	
1017.992	-0	
1018.349	0.99845	
1018.706	-0	
1019.063	-0	
1019.42	0.54804	
1019.777	-0	
1020.134	-0	
1020.49	-0	
1020.847	-0	
1021.203	0.35215	
1021.56	1.12408	
1021.916	-0	
1022.273	0.69616	
1022.629	0.35021	
1022.985	-0	
1023.342	-0	
1023.698	1.83632	
1024.054	-0	
1024.41	0.54974	
1024.766	2.01257	
1025.122	-0	
1025.477	0.97162	
1025.833	0.59456	
1026.189	1.09981	
1026.545	0.89514	
1026.9	1.09756	
1027.256	1.10213	
1027.611	0.29676	
1027.966	-0	
1028.322	1.21097	
1028.677	-0	
1029.032	-0	
1029.387	0.56958	
1029.742	0.41354	
1030.097	1.63277	
1030.452	-0	
1030.807	1.24737	
1031.162	1.65568	
1031.517	1.31245	
1031.871	-0	
1032.226	1.34081	
1032.581	1.34081	
1032.935	1.34081	
