Absorbance:264		
187.856	-0.53508	
188.32	-0.53508	
188.785	-0.53508	
189.249	0.57887	
189.713	-0.13568	
190.178	-0	
190.642	-0	
191.106	0.1969	
191.57	0.37341	
192.034	0.28059	
192.498	-0	
192.963	-0.46962	
193.427	0.21583	
193.89	0.10334	
194.354	0.25557	
194.818	-1.14401	
195.282	1.72097	
195.746	-0.17629	
196.21	0.32152	
196.673	0.71753	
197.137	0.03141	
197.601	0.19961	
198.064	-0	
198.528	0.37103	
198.991	0.68478	
199.454	0.60364	
199.918	0.6827	
200.381	0.51887	
200.844	0.47385	
201.308	0.46507	
201.771	0.68026	
202.234	0.51821	
202.697	0.81148	
203.16	0.46624	
203.623	0.41608	
204.086	0.51854	
204.549	0.90693	
205.012	0.59004	
205.475	0.52592	
205.938	0.56469	
206.4	0.59221	
206.863	0.45996	
207.326	0.60543	
207.788	0.6594	
208.251	0.47267	
208.714	0.58164	
209.176	0.56165	
209.639	0.59668	
210.101	0.70316	
210.563	0.69529	
211.026	0.63126	
211.488	0.63904	
211.95	0.80815	
212.412	0.74664	
212.874	0.7421	
213.337	0.86767	
213.799	0.89711	
214.261	0.79763	
214.723	1.03543	
215.184	0.91725	
215.646	0.93882	
216.108	1.28841	
216.57	1.31342	
217.032	1.31548	
217.493	1.41159	
217.955	1.35886	
218.417	1.65472	
218.878	1.55006	
219.34	1.66868	
219.801	1.69432	
220.263	1.73161	
220.724	2.00648	
221.185	1.90607	
221.647	2.03829	
222.108	1.87254	
222.569	1.89797	
223.03	2.01351	
223.491	1.94087	
223.952	2.02386	
224.413	2.07141	
224.874	2.09039	
225.335	2.05103	
225.796	2.16477	
226.257	2.27	
226.718	2.21456	
227.179	2.29838	
227.639	2.40438	
228.1	2.26116	
228.561	2.07777	
229.021	2.09627	
229.482	2.28772	
229.942	2.18375	
230.403	2.23067	
230.863	2.32399	
231.323	2.04011	
231.784	2.22249	
232.244	2.27423	
232.704	2.32743	
233.164	2.22794	
233.625	2.279	
234.085	2.17648	
234.545	2.19233	
235.005	2.13368	
235.465	2.1498	
235.925	2.51497	
236.384	2.72388	
236.844	2.35514	
237.304	2.47848	
237.764	2.23923	
238.223	2.35836	
238.683	2.55365	
239.143	2.20728	
239.602	2.54084	
240.062	2.24517	
240.521	2.66339	
240.98	2.2586	
241.44	2.16786	
241.899	2.14935	
242.358	2.26655	
242.818	2.21182	
243.277	2.04816	
243.736	2.38408	
244.195	2.41542	
244.654	2.244	
245.113	2.25082	
245.572	2.11808	
246.031	2.12254	
246.49	2.23307	
246.949	2.26849	
247.408	2.28269	
247.866	2.40128	
248.325	2.11122	
248.784	2.33265	
249.242	2.35419	
249.701	2.37398	
250.159	2.20475	
250.618	2.34904	
251.076	2.18544	
251.534	2.47502	
251.993	2.32945	
252.451	2.35307	
252.909	2.24382	
253.368	2.63259	
253.826	2.47892	
254.284	2.22714	
254.742	2.19447	
255.2	2.28898	
255.658	2.25127	
256.116	2.40999	
256.574	2.36037	
257.031	2.45987	
257.489	2.32033	
257.947	2.23806	
258.405	2.4478	
258.862	2.45429	
259.32	2.47212	
259.777	2.2503	
260.235	2.54173	
260.692	2.23967	
261.15	2.46665	
261.607	2.34163	
262.065	2.22446	
262.522	2.42199	
262.979	2.3045	
263.436	2.25172	
263.893	2.34101	
264.351	2.58461	
264.808	2.36494	
265.265	2.33573	
265.722	2.20579	
266.178	2.29758	
266.635	2.34759	
267.092	2.38961	
267.549	2.23794	
268.006	2.66277	
268.462	2.43829	
268.919	2.32267	
269.376	2.39614	
269.832	2.23864	
270.289	2.40207	
270.745	2.16273	
271.202	2.33549	
271.658	2.2461	
272.114	2.30339	
272.571	2.61454	
273.027	2.40434	
273.483	2.47762	
273.939	2.30153	
274.395	2.39577	
274.851	2.42563	
275.307	2.4809	
275.763	2.14277	
276.219	2.17147	
276.675	2.30644	
277.131	2.41118	
277.587	2.16683	
278.042	2.37143	
278.498	2.28801	
278.954	2.1675	
279.409	2.19345	
279.865	2.05434	
280.32	2.09999	
280.776	2.01324	
281.231	1.91132	
281.687	1.95957	
282.142	1.86103	
282.597	1.84895	
283.052	1.78984	
283.508	1.70349	
283.963	1.64954	
284.418	1.63612	
284.873	1.55461	
285.328	1.57104	
285.783	1.48067	
286.238	1.42018	
286.693	1.37512	
287.147	1.33454	
287.602	1.28866	
288.057	1.25384	
288.512	1.1864	
288.966	1.14245	
289.421	1.10555	
289.875	1.06077	
290.33	1.01691	
290.784	0.99122	
291.239	0.93739	
291.693	0.90725	
292.147	0.86965	
292.602	0.8464	
293.056	0.80998	
293.51	0.76824	
293.964	0.75237	
294.418	0.71362	
294.872	0.67529	
295.326	0.6627	
295.78	0.62932	
296.234	0.59209	
296.688	0.57643	
297.142	0.55319	
297.595	0.52446	
298.049	0.50507	
298.503	0.48705	
298.956	0.4628	
299.41	0.44678	
299.863	0.43208	
300.317	0.40497	
300.77	0.39458	
301.224	0.37912	
301.677	0.36341	
302.13	0.34072	
302.584	0.3244	
303.037	0.31431	
303.49	0.29724	
303.943	0.29291	
304.396	0.27867	
304.849	0.26363	
305.302	0.25021	
305.755	0.24788	
306.208	0.23411	
306.661	0.22641	
307.114	0.21754	
307.566	0.20717	
308.019	0.1911	
308.472	0.18506	
308.924	0.17632	
309.377	0.1712	
309.829	0.16632	
310.282	0.15802	
310.734	0.14913	
311.187	0.14203	
311.639	0.13946	
312.091	0.13552	
312.543	0.12816	
312.995	0.12517	
313.448	0.11771	
313.9	0.11134	
314.352	0.10802	
314.804	0.10476	
315.256	0.09729	
315.708	0.09291	
316.159	0.08937	
316.611	0.0848	
317.063	0.08703	
317.515	0.07833	
317.966	0.07864	
318.418	0.07572	
318.87	0.07541	
319.321	0.07401	
319.773	0.06596	
320.224	0.06767	
320.675	0.05959	
321.127	0.06109	
321.578	0.06718	
322.029	0.05766	
322.48	0.06209	
322.932	0.05566	
323.383	0.04931	
323.834	0.04747	
324.285	0.04922	
324.736	0.04929	
325.187	0.0487	
325.638	0.05095	
326.088	0.04452	
326.539	0.0417	
326.99	0.04089	
327.441	0.03877	
327.891	0.04301	
328.342	0.0396	
328.792	0.04661	
329.243	0.04412	
329.693	0.03449	
330.144	0.0347	
330.594	0.03585	
331.044	0.04028	
331.495	0.03336	
331.945	0.02613	
332.395	0.03528	
332.845	0.03014	
333.295	0.02813	
333.745	0.02485	
334.195	0.02495	
334.645	0.02445	
335.095	0.03086	
335.545	0.02972	
335.995	0.02496	
336.444	0.02806	
336.894	0.03284	
337.344	0.0331	
337.793	0.0294	
338.243	0.01796	
338.692	0.0268	
339.142	0.02603	
339.591	0.02122	
340.041	0.02404	
340.49	0.02643	
340.939	0.02593	
341.388	0.01891	
341.838	0.02651	
342.287	0.02181	
342.736	0.02389	
343.185	0.02419	
343.634	0.02135	
344.083	0.02437	
344.532	0.02019	
344.981	0.0335	
345.429	0.02575	
345.878	0.0219	
346.327	0.0222	
346.776	0.02406	
347.224	0.01895	
347.673	0.01683	
348.121	0.01812	
348.57	0.02465	
349.018	0.02733	
349.467	0.0217	
349.915	0.0241	
350.363	0.01635	
350.811	0.01877	
351.26	0.01263	
351.708	0.02373	
352.156	0.0201	
352.604	0.02676	
353.052	0.01524	
353.5	0.01619	
353.948	0.0205	
354.396	0.02007	
354.843	0.02326	
355.291	0.01481	
355.739	0.01596	
356.186	0.02156	
356.634	0.01974	
357.082	0.02527	
357.529	0.02354	
357.977	0.02411	
358.424	0.01549	
358.871	0.02081	
359.319	0.02513	
359.766	0.01498	
360.213	0.01933	
360.661	0.01399	
361.108	0.01825	
361.555	0.01269	
362.002	0.02114	
362.449	0.01973	
362.896	0.01115	
363.343	0.01686	
363.79	0.01959	
364.236	0.02299	
364.683	0.01182	
365.13	0.0255	
365.577	0.01051	
366.023	0.02166	
366.47	0.01857	
366.916	0.01382	
367.363	0.01678	
367.809	0.02171	
368.256	0.01818	
368.702	0.01733	
369.148	0.01769	
369.594	0.02068	
370.041	0.02207	
370.487	0.03023	
370.933	0.0284	
371.379	0.01607	
371.825	0.01428	
372.271	0.02331	
372.717	0.0267	
373.163	0.02002	
373.608	0.01625	
374.054	0.0212	
374.5	0.02596	
374.946	0.01878	
375.391	0.0231	
375.837	0.02068	
376.282	0.02569	
376.728	0.02046	
377.173	0.01385	
377.618	0.0216	
378.064	0.01621	
378.509	0.02288	
378.954	0.01538	
379.4	0.02006	
379.845	0.01587	
380.29	0.02097	
380.735	0.01798	
381.18	0.01757	
381.625	0.02259	
382.07	0.022	
382.514	0.01992	
382.959	0.01455	
383.404	0.02161	
383.849	0.023	
384.293	0.01844	
384.738	0.03367	
385.183	0.01663	
385.627	0.02223	
386.072	0.01374	
386.516	0.02707	
386.96	0.02022	
387.405	0.01543	
387.849	0.02548	
388.293	0.0273	
388.737	0.029	
389.181	0.02055	
389.626	0.01685	
390.07	0.02295	
390.514	0.01704	
390.957	0.02489	
391.401	0.02444	
391.845	0.02787	
392.289	0.02083	
392.733	0.01968	
393.176	0.01965	
393.62	0.02385	
394.064	0.02097	
394.507	0.01925	
394.951	0.02126	
395.394	0.02698	
395.838	0.0249	
396.281	0.02098	
396.724	0.01701	
397.168	0.02336	
397.611	0.022	
398.054	0.01981	
398.497	0.03064	
398.94	0.02744	
399.383	0.02069	
399.826	0.02292	
400.269	0.01945	
400.712	0.02298	
401.155	0.02804	
401.597	0.02905	
402.04	0.02375	
402.483	0.02863	
402.925	0.02913	
403.368	0.02768	
403.811	0.02144	
404.253	0.02037	
404.696	0.02171	
405.138	0.02636	
405.58	0.02648	
406.023	0.02417	
406.465	0.02946	
406.907	0.02022	
407.349	0.02517	
407.791	0.02586	
408.233	0.02537	
408.675	0.0236	
409.117	0.02929	
409.559	0.02492	
410.001	0.01973	
410.443	0.03097	
410.885	0.03161	
411.326	0.02733	
411.768	0.02331	
412.21	0.03429	
412.651	0.02901	
413.093	0.02358	
413.534	0.02815	
413.975	0.02223	
414.417	0.03226	
414.858	0.02138	
415.299	0.02935	
415.741	0.03144	
416.182	0.02931	
416.623	0.02638	
417.064	0.02745	
417.505	0.02125	
417.946	0.01737	
418.387	0.02461	
418.828	0.03133	
419.269	0.01878	
419.709	0.03267	
420.15	0.02198	
420.591	0.02322	
421.031	0.02015	
421.472	0.03617	
421.913	0.02084	
422.353	0.02294	
422.794	0.03149	
423.234	0.02233	
423.674	0.02292	
424.115	0.03513	
424.555	0.02862	
424.995	0.03158	
425.435	0.02841	
425.875	0.0248	
426.315	0.02518	
426.755	0.02418	
427.195	0.02542	
427.635	0.0274	
428.075	0.01936	
428.515	0.03207	
428.955	0.03005	
429.394	0.0263	
429.834	0.03037	
430.274	0.02736	
430.713	0.02076	
431.153	0.03477	
431.592	0.02284	
432.031	0.02662	
432.471	0.02423	
432.91	0.02203	
433.349	0.02791	
433.789	0.03845	
434.228	0.03311	
434.667	0.03216	
435.106	0.03295	
435.545	0.02336	
435.984	0.0272	
436.423	0.02151	
436.862	0.02501	
437.301	0.02362	
437.739	0.02325	
438.178	0.03482	
438.617	0.01873	
439.055	0.02354	
439.494	0.02495	
439.932	0.02548	
440.371	0.02902	
440.809	0.0303	
441.248	0.03975	
441.686	0.02491	
442.124	0.02844	
442.563	0.03654	
443.001	0.01037	
443.439	0.02679	
443.877	0.02567	
444.315	0.02538	
444.753	0.02783	
445.191	0.03317	
445.629	0.0253	
446.067	0.03475	
446.504	0.02455	
446.942	0.03286	
447.38	0.02431	
447.817	0.02942	
448.255	0.02634	
448.693	0.03264	
449.13	0.02591	
449.568	0.03172	
450.005	0.01903	
450.442	0.03183	
450.88	0.01993	
451.317	0.02841	
451.754	0.026	
452.191	0.03448	
452.628	0.02696	
453.065	0.02484	
453.502	0.03028	
453.939	0.02433	
454.376	0.01703	
454.813	0.01843	
455.25	0.02956	
455.686	0.02866	
456.123	0.03299	
456.56	0.02904	
456.996	0.02817	
457.433	0.02233	
457.869	0.0297	
458.306	0.0263	
458.742	0.02642	
459.179	0.0303	
459.615	0.01573	
460.051	0.02691	
460.487	0.02314	
460.924	0.03137	
461.36	0.02492	
461.796	0.03381	
462.232	0.02079	
462.668	0.01856	
463.104	0.03005	
463.539	0.02872	
463.975	0.02775	
464.411	0.0246	
464.847	0.03177	
465.282	0.01759	
465.718	0.02889	
466.153	0.03215	
466.589	0.02771	
467.024	0.02229	
467.46	0.0238	
467.895	0.02205	
468.33	0.02604	
468.766	0.02913	
469.201	0.02236	
469.636	0.02607	
470.071	0.03438	
470.506	0.01647	
470.941	0.02745	
471.376	0.02902	
471.811	0.02972	
472.246	0.0418	
472.681	0.02144	
473.115	0.03086	
473.55	0.03121	
473.985	0.02854	
474.419	0.03432	
474.854	0.028	
475.288	0.02478	
475.723	0.02876	
476.157	0.0328	
476.592	0.03876	
477.026	0.02656	
477.46	0.03075	
477.894	0.02114	
478.329	0.03331	
478.763	0.02455	
479.197	0.03388	
479.631	0.03066	
480.065	0.03007	
480.499	0.02755	
480.932	0.02577	
481.366	0.03296	
481.8	0.02962	
482.234	0.0355	
482.667	0.02396	
483.101	0.02295	
483.535	0.02511	
483.968	0.0233	
484.401	0.03466	
484.835	0.02433	
485.268	0.03376	
485.702	0.02569	
486.135	0.01982	
486.568	0.0336	
487.001	0.02462	
487.434	0.01702	
487.867	0.02788	
488.3	0.02473	
488.733	0.02681	
489.166	0.02164	
489.599	0.02741	
490.032	0.03454	
490.464	0.03408	
490.897	0.03163	
491.33	0.02298	
491.762	0.02675	
492.195	0.02374	
492.627	0.03341	
493.06	0.03382	
493.492	0.02744	
493.925	0.03586	
494.357	0.02006	
494.789	0.02951	
495.221	0.02484	
495.653	0.03056	
496.086	0.03141	
496.518	0.03249	
496.95	0.0254	
497.382	0.03315	
497.813	0.02213	
498.245	0.02836	
498.677	0.03466	
499.109	0.02893	
499.54	0.02545	
499.972	0.02457	
500.404	0.02648	
500.835	0.02696	
501.267	0.02457	
501.698	0.02734	
502.129	0.02925	
502.561	0.02019	
502.992	0.03406	
503.423	0.02508	
503.855	0.03048	
504.286	0.03115	
504.717	0.02896	
505.148	0.02906	
505.579	0.02526	
506.01	0.03142	
506.441	0.02491	
506.871	0.02249	
507.302	0.03539	
507.733	0.03121	
508.163	0.03084	
508.594	0.0293	
509.025	0.02685	
509.455	0.03373	
509.886	0.02939	
510.316	0.03292	
510.746	0.0349	
511.177	0.03059	
511.607	0.03244	
512.037	0.03372	
512.467	0.03812	
512.898	0.03415	
513.328	0.03211	
513.758	0.03056	
514.188	0.02473	
514.617	0.02744	
515.047	0.02375	
515.477	0.03838	
515.907	0.03442	
516.337	0.02855	
516.766	0.02997	
517.196	0.03164	
517.625	0.03123	
518.055	0.02896	
518.484	0.02948	
518.914	0.03835	
519.343	0.02861	
519.772	0.03461	
520.202	0.03136	
520.631	0.03125	
521.06	0.03279	
521.489	0.03342	
521.918	0.03078	
522.347	0.035	
522.776	0.03541	
523.205	0.03029	
523.634	0.03138	
524.063	0.03773	
524.491	0.02999	
524.92	0.03009	
525.349	0.0303	
525.777	0.03163	
526.206	0.03238	
526.634	0.02789	
527.063	0.0306	
527.491	0.03687	
527.919	0.03905	
528.348	0.03947	
528.776	0.0268	
529.204	0.03676	
529.632	0.03689	
530.06	0.03696	
530.488	0.03583	
530.916	0.04251	
531.344	0.03422	
531.772	0.03259	
532.2	0.03384	
532.627	0.03617	
533.055	0.04459	
533.483	0.0344	
533.91	0.04079	
534.338	0.0346	
534.765	0.03413	
535.193	0.03479	
535.62	0.03487	
536.048	0.03294	
536.475	0.03401	
536.902	0.04139	
537.329	0.04138	
537.757	0.03013	
538.184	0.0382	
538.611	0.03795	
539.038	0.04287	
539.465	0.04182	
539.892	0.0363	
540.318	0.03892	
540.745	0.04255	
541.172	0.03781	
541.599	0.04028	
542.025	0.04725	
542.452	0.03228	
542.878	0.03962	
543.305	0.05014	
543.731	0.03432	
544.158	0.04303	
544.584	0.03864	
545.01	0.04313	
545.436	0.04288	
545.862	0.04822	
546.289	0.04206	
546.715	0.04115	
547.141	0.04817	
547.567	0.04401	
547.993	0.04419	
548.418	0.04942	
548.844	0.04678	
549.27	0.04614	
549.696	0.04401	
550.121	0.04256	
550.547	0.04739	
550.972	0.04076	
551.398	0.05094	
551.823	0.0512	
552.249	0.05287	
552.674	0.04382	
553.099	0.04431	
553.525	0.04976	
553.95	0.04332	
554.375	0.0488	
554.8	0.0557	
555.225	0.05276	
555.65	0.04621	
556.075	0.05149	
556.5	0.05098	
556.925	0.0489	
557.349	0.05748	
557.774	0.04797	
558.199	0.05248	
558.623	0.0513	
559.048	0.05391	
559.472	0.05532	
559.897	0.05228	
560.321	0.06042	
560.746	0.0576	
561.17	0.05959	
561.594	0.05464	
562.018	0.05242	
562.443	0.05776	
562.867	0.05674	
563.291	0.0544	
563.715	0.05739	
564.139	0.06357	
564.562	0.05097	
564.986	0.05175	
565.41	0.05911	
565.834	0.05294	
566.257	0.0588	
566.681	0.05966	
567.105	0.05875	
567.528	0.06246	
567.952	0.06053	
568.375	0.06497	
568.798	0.06408	
569.222	0.06303	
569.645	0.05946	
570.068	0.06366	
570.491	0.0665	
570.914	0.067	
571.337	0.06697	
571.76	0.05927	
572.183	0.05668	
572.606	0.06599	
573.029	0.06697	
573.452	0.06646	
573.875	0.071	
574.297	0.06432	
574.72	0.06905	
575.143	0.06338	
575.565	0.07118	
575.988	0.06301	
576.41	0.0685	
576.832	0.0681	
577.255	0.07127	
577.677	0.06829	
578.099	0.07351	
578.521	0.07937	
578.943	0.07127	
579.365	0.07147	
579.787	0.06824	
580.209	0.0727	
580.631	0.07972	
581.053	0.07484	
581.475	0.07815	
581.897	0.07227	
582.318	0.07902	
582.74	0.08049	
583.162	0.07903	
583.583	0.07374	
584.005	0.08112	
584.426	0.07788	
584.847	0.07971	
585.269	0.08363	
585.69	0.08291	
586.111	0.08561	
586.532	0.08491	
586.954	0.08396	
587.375	0.08946	
587.796	0.08541	
588.217	0.08788	
588.637	0.09399	
589.058	0.08705	
589.479	0.09017	
589.9	0.09311	
590.32	0.09221	
590.741	0.09244	
591.162	0.08839	
591.582	0.09493	
592.003	0.0965	
592.423	0.09422	
592.844	0.09319	
593.264	0.09637	
593.684	0.09839	
594.104	0.09304	
594.524	0.10215	
594.945	0.09765	
595.365	0.10288	
595.785	0.10104	
596.205	0.10195	
596.625	0.1009	
597.044	0.10782	
597.464	0.10582	
597.884	0.1058	
598.304	0.10816	
598.723	0.11426	
599.143	0.10573	
599.562	0.10714	
599.982	0.1091	
600.401	0.10868	
600.821	0.11044	
601.24	0.11388	
601.659	0.11284	
602.078	0.11621	
602.498	0.11976	
602.917	0.12373	
603.336	0.12534	
603.755	0.11718	
604.174	0.11595	
604.593	0.12258	
605.011	0.12062	
605.43	0.12019	
605.849	0.12688	
606.268	0.12713	
606.686	0.12629	
607.105	0.12496	
607.523	0.12859	
607.942	0.12847	
608.36	0.13212	
608.779	0.1362	
609.197	0.13854	
609.615	0.13805	
610.033	0.13464	
610.451	0.14108	
610.87	0.14108	
611.288	0.14397	
611.706	0.14905	
612.124	0.14848	
612.541	0.14991	
612.959	0.14936	
613.377	0.14798	
613.795	0.15071	
614.212	0.14996	
614.63	0.15684	
615.048	0.15934	
615.465	0.15884	
615.883	0.15203	
616.3	0.16069	
616.717	0.16632	
617.135	0.16286	
617.552	0.16907	
617.969	0.16371	
618.386	0.16142	
618.803	0.17078	
619.22	0.17557	
619.637	0.17615	
620.054	0.1766	
620.471	0.17807	
620.888	0.17935	
621.305	0.18296	
621.721	0.17663	
622.138	0.18993	
622.555	0.1886	
622.971	0.18446	
623.388	0.19034	
623.804	0.19031	
624.221	0.19535	
624.637	0.19961	
625.053	0.19864	
625.47	0.20418	
625.886	0.2006	
626.302	0.20082	
626.718	0.20629	
627.134	0.2037	
627.55	0.21105	
627.966	0.21123	
628.382	0.21235	
628.797	0.21371	
629.213	0.21306	
629.629	0.21547	
630.045	0.22306	
630.46	0.2214	
630.876	0.23129	
631.291	0.22479	
631.707	0.22513	
632.122	0.23457	
632.537	0.23084	
632.953	0.23348	
633.368	0.23864	
633.783	0.23494	
634.198	0.23738	
634.613	0.23895	
635.028	0.24351	
635.443	0.24894	
635.858	0.25299	
636.273	0.25564	
636.688	0.25438	
637.102	0.25332	
637.517	0.26412	
637.932	0.26051	
638.346	0.26608	
638.761	0.26286	
639.175	0.26644	
639.59	0.2661	
640.004	0.27049	
640.418	0.27301	
640.832	0.2741	
641.247	0.28018	
641.661	0.27818	
642.075	0.29118	
642.489	0.28591	
642.903	0.28181	
643.317	0.28829	
643.731	0.29256	
644.145	0.29725	
644.558	0.30086	
644.972	0.29791	
645.386	0.30261	
645.799	0.30994	
646.213	0.31026	
646.626	0.31081	
647.04	0.31202	
647.453	0.30631	
647.866	0.32596	
648.28	0.32545	
648.693	0.31886	
649.106	0.32081	
649.519	0.32157	
649.932	0.32806	
650.345	0.33327	
650.758	0.33557	
651.171	0.33303	
651.584	0.34142	
651.997	0.34139	
652.41	0.34742	
652.822	0.35222	
653.235	0.35639	
653.647	0.35856	
654.06	0.35206	
654.472	0.36181	
654.885	0.36916	
655.297	0.36096	
655.71	0.3763	
656.122	0.36778	
656.534	0.36607	
656.946	0.37352	
657.358	0.37777	
657.77	0.36733	
658.182	0.37777	
658.594	0.38638	
659.006	0.39757	
659.418	0.39769	
659.83	0.39844	
660.241	0.40229	
660.653	0.39862	
661.065	0.40582	
661.476	0.4074	
661.888	0.4022	
662.299	0.41431	
662.71	0.41105	
663.122	0.4249	
663.533	0.42763	
663.944	0.42334	
664.355	0.4297	
664.767	0.43683	
665.178	0.43653	
665.589	0.4322	
666	0.44016	
666.41	0.44723	
666.821	0.45386	
667.232	0.45956	
667.643	0.45552	
668.053	0.45707	
668.464	0.45635	
668.875	0.45395	
669.285	0.46081	
669.696	0.47504	
670.106	0.47303	
670.516	0.4801	
670.927	0.48469	
671.337	0.48564	
671.747	0.4743	
672.157	0.49617	
672.567	0.49476	
672.977	0.49496	
673.387	0.50665	
673.797	0.49705	
674.207	0.51134	
674.617	0.50908	
675.027	0.52155	
675.436	0.51273	
675.846	0.52637	
676.256	0.52501	
676.665	0.52725	
677.075	0.52597	
677.484	0.52863	
677.893	0.54358	
678.303	0.53794	
678.712	0.54901	
679.121	0.5453	
679.53	0.55721	
679.939	0.5556	
680.348	0.55558	
680.757	0.56634	
681.166	0.57075	
681.575	0.57142	
681.984	0.57796	
682.393	0.5711	
682.802	0.58421	
683.21	0.59152	
683.619	0.58566	
684.027	0.59082	
684.436	0.59155	
684.844	0.59282	
685.253	0.60288	
685.661	0.60619	
686.069	0.60718	
686.477	0.60785	
686.886	0.61824	
687.294	0.61918	
687.702	0.62138	
688.11	0.6275	
688.518	0.63716	
688.926	0.63457	
689.333	0.63474	
689.741	0.64746	
690.149	0.6406	
690.557	0.64091	
690.964	0.66236	
691.372	0.65343	
691.779	0.66222	
692.187	0.66202	
692.594	0.67011	
693.001	0.67199	
693.409	0.66761	
693.816	0.67801	
694.223	0.67964	
694.63	0.68236	
695.037	0.69211	
695.444	0.68944	
695.851	0.69453	
696.258	0.70412	
696.665	0.70768	
697.072	0.70739	
697.479	0.70883	
697.885	0.7231	
698.292	0.7195	
698.698	0.71994	
699.105	0.71905	
699.511	0.73305	
699.918	0.73169	
700.324	0.7375	
700.73	0.73854	
701.137	0.74412	
701.543	0.74538	
701.949	0.75546	
702.355	0.74956	
702.761	0.77482	
703.167	0.75802	
703.573	0.76586	
703.979	0.76158	
704.385	0.76661	
704.79	0.78531	
705.196	0.78386	
705.602	0.78119	
706.007	0.80346	
706.413	0.79397	
706.818	0.79757	
707.224	0.80256	
707.629	0.79808	
708.034	0.79936	
708.439	0.81893	
708.845	0.82043	
709.25	0.81552	
709.655	0.80098	
710.06	0.81867	
710.465	0.82766	
710.87	0.82999	
711.275	0.82701	
711.679	0.83573	
712.084	0.85003	
712.489	0.85486	
712.893	0.85724	
713.298	0.85139	
713.702	0.85332	
714.107	0.85254	
714.511	0.85322	
714.916	0.87533	
715.32	0.8671	
715.724	0.85867	
716.128	0.87472	
716.533	0.88709	
716.937	0.88092	
717.341	0.89652	
717.745	0.89738	
718.149	0.89019	
718.552	0.88803	
718.956	0.91032	
719.36	0.91626	
719.764	0.90566	
720.167	0.90066	
720.571	0.91856	
720.974	0.92031	
721.378	0.91635	
721.781	0.917	
722.185	0.93194	
722.588	0.92247	
722.991	0.9359	
723.394	0.93818	
723.797	0.93711	
724.2	0.93194	
724.603	0.95178	
725.006	0.94185	
725.409	0.96146	
725.812	0.95291	
726.215	0.96961	
726.618	0.96695	
727.02	0.97563	
727.423	0.98537	
727.826	1.00388	
728.228	0.97196	
728.631	0.98129	
729.033	0.99671	
729.435	0.98024	
729.838	0.97922	
730.24	0.99091	
730.642	1.00361	
731.044	0.97962	
731.446	1.00811	
731.848	1.00522	
732.25	1.01142	
732.652	1.01634	
733.054	1.02092	
733.456	1.03265	
733.857	1.038	
734.259	1.03344	
734.661	1.01639	
735.062	1.04336	
735.464	1.03452	
735.865	1.05185	
736.267	1.04142	
736.668	1.07072	
737.069	1.04903	
737.47	1.03516	
737.872	1.02783	
738.273	1.06709	
738.674	1.04898	
739.075	1.05665	
739.476	1.05614	
739.877	1.07728	
740.278	1.06824	
740.678	1.059	
741.079	1.08314	
741.48	1.06243	
741.88	1.10608	
742.281	1.08477	
742.681	1.07176	
743.082	1.08664	
743.482	1.10866	
743.882	1.07121	
744.283	1.1171	
744.683	1.08614	
745.083	1.0922	
745.483	1.10713	
745.883	1.11473	
746.283	1.10148	
746.683	1.13179	
747.083	1.12352	
747.483	1.11017	
747.883	1.12726	
748.282	1.12045	
748.682	1.11101	
749.082	1.12767	
749.481	1.13809	
749.881	1.13675	
750.28	1.12025	
750.679	1.1536	
751.079	1.15157	
751.478	1.16008	
751.877	1.15695	
752.276	1.15478	
752.675	1.15477	
753.074	1.14006	
753.473	1.16762	
753.872	1.14364	
754.271	1.16011	
754.67	1.14961	
755.069	1.16947	
755.467	1.15552	
755.866	1.14958	
756.265	1.16649	
756.663	1.18534	
757.062	1.17609	
757.46	1.16951	
757.858	1.18835	
758.257	1.19531	
758.655	1.1724	
759.053	1.18516	
759.451	1.18291	
759.849	1.1961	
760.247	1.17442	
760.645	1.19687	
761.043	1.16474	
761.441	1.1921	
761.839	1.20347	
762.237	1.20815	
762.634	1.20016	
763.032	1.21328	
763.429	1.24124	
763.827	1.22626	
764.224	1.2402	
764.622	1.20259	
765.019	1.23127	
765.416	1.23206	
765.814	1.23833	
766.211	1.22333	
766.608	1.22597	
767.005	1.21553	
767.402	1.22171	
767.799	1.23372	
768.196	1.24485	
768.593	1.22187	
768.989	1.22258	
769.386	1.25385	
769.783	1.23254	
770.179	1.2161	
770.576	1.25057	
770.972	1.23923	
771.369	1.26447	
771.765	1.22926	
772.161	1.21329	
772.558	1.24858	
772.954	1.25321	
773.35	1.2649	
773.746	1.24639	
774.142	1.24651	
774.538	1.26632	
774.934	1.28248	
775.33	1.23064	
775.726	1.26042	
776.121	1.24054	
776.517	1.26309	
776.913	1.22738	
777.308	1.2453	
777.704	1.24369	
778.099	1.29409	
778.495	1.27694	
778.89	1.24633	
779.285	1.2709	
779.68	1.2903	
780.076	1.2867	
780.471	1.24995	
780.866	1.26919	
781.261	1.2861	
781.656	1.26911	
782.051	1.27717	
782.445	1.2823	
782.84	1.28393	
783.235	1.27298	
783.63	1.23332	
784.024	1.26261	
784.419	1.30685	
784.813	1.29575	
785.208	1.28129	
785.602	1.27716	
785.996	1.30808	
786.391	1.29127	
786.785	1.25655	
787.179	1.27655	
787.573	1.277	
787.967	1.28711	
788.361	1.29638	
788.755	1.30094	
789.149	1.31159	
789.543	1.26479	
789.936	1.29378	
790.33	1.28865	
790.724	1.34674	
791.117	1.31232	
791.511	1.28121	
791.904	1.24885	
792.298	1.27225	
792.691	1.2926	
793.084	1.30006	
793.477	1.2888	
793.871	1.27913	
794.264	1.2878	
794.657	1.28364	
795.05	1.33646	
795.443	1.28457	
795.836	1.31647	
796.228	1.34516	
796.621	1.31322	
797.014	1.28419	
797.406	1.302	
797.799	1.2948	
798.192	1.3136	
798.584	1.28078	
798.976	1.30718	
799.369	1.29853	
799.761	1.28394	
800.153	1.30495	
800.546	1.29184	
800.938	1.30515	
801.33	1.28706	
801.722	1.30159	
802.114	1.28802	
802.506	1.28449	
802.897	1.2852	
803.289	1.31973	
803.681	1.30905	
804.073	1.31476	
804.464	1.31636	
804.856	1.30693	
805.247	1.31236	
805.639	1.29506	
806.03	1.30126	
806.421	1.306	
806.813	1.30573	
807.204	1.28823	
807.595	1.32691	
807.986	1.31693	
808.377	1.31959	
808.768	1.27034	
809.159	1.29491	
809.55	1.36468	
809.941	1.31471	
810.331	1.28877	
810.722	1.3012	
811.113	1.30748	
811.503	1.29273	
811.894	1.26891	
812.284	1.31804	
812.675	1.31661	
813.065	1.29188	
813.455	1.30792	
813.846	1.30091	
814.236	1.28031	
814.626	1.31313	
815.016	1.33982	
815.406	1.28832	
815.796	1.28733	
816.186	1.28392	
816.575	1.34351	
816.965	1.26944	
817.355	1.29979	
817.745	1.34186	
818.134	1.31462	
818.524	1.33415	
818.913	1.30795	
819.303	1.27326	
819.692	1.30736	
820.081	1.3172	
820.47	1.32171	
820.86	1.27658	
821.249	1.3038	
821.638	1.27036	
822.027	1.26437	
822.416	1.28426	
822.805	1.27537	
823.193	1.32468	
823.582	1.33973	
823.971	1.33029	
824.36	1.34321	
824.748	1.29674	
825.137	1.29406	
825.525	1.29672	
825.914	1.31982	
826.302	1.29751	
826.69	1.31705	
827.079	1.29459	
827.467	1.26544	
827.855	1.31296	
828.243	1.31313	
828.631	1.30258	
829.019	1.28607	
829.407	1.28599	
829.795	1.28394	
830.182	1.27153	
830.57	1.27653	
830.958	1.24904	
831.345	1.25268	
831.733	1.27867	
832.12	1.2691	
832.508	1.27984	
832.895	1.25224	
833.283	1.28828	
833.67	1.29061	
834.057	1.2589	
834.444	1.27453	
834.831	1.27598	
835.218	1.29136	
835.605	1.29332	
835.992	1.25122	
836.379	1.26022	
836.766	1.3068	
837.152	1.2383	
837.539	1.19453	
837.926	1.27803	
838.312	1.23336	
838.699	1.24463	
839.085	1.29066	
839.472	1.29159	
839.858	1.31311	
840.244	1.2414	
840.63	1.29687	
841.017	1.28851	
841.403	1.25293	
841.789	1.25005	
842.175	1.2148	
842.561	1.21946	
842.946	1.24546	
843.332	1.26867	
843.718	1.26146	
844.104	1.24094	
844.489	1.25003	
844.875	1.22193	
845.26	1.27188	
845.646	1.23052	
846.031	1.23987	
846.416	1.25328	
846.802	1.26822	
847.187	1.20993	
847.572	1.27383	
847.957	1.23707	
848.342	1.26895	
848.727	1.20257	
849.112	1.24664	
849.497	1.30694	
849.882	1.2782	
850.266	1.20682	
850.651	1.22064	
851.036	1.23246	
851.42	1.28012	
851.805	1.2564	
852.189	1.19799	
852.574	1.20762	
852.958	1.22882	
853.342	1.16776	
853.726	1.19924	
854.11	1.22293	
854.495	1.20467	
854.879	1.28083	
855.263	1.25306	
855.646	1.23426	
856.03	1.19389	
856.414	1.22115	
856.798	1.27943	
857.181	1.23292	
857.565	1.19684	
857.949	1.24248	
858.332	1.25111	
858.716	1.19028	
859.099	1.13677	
859.482	1.23286	
859.866	1.23629	
860.249	1.17472	
860.632	1.19815	
861.015	1.22682	
861.398	1.23817	
861.781	1.20636	
862.164	1.17361	
862.547	1.25233	
862.929	1.18422	
863.312	1.15405	
863.695	1.20868	
864.077	1.22207	
864.46	1.21788	
864.842	1.19578	
865.225	1.16387	
865.607	1.22092	
865.99	1.1976	
866.372	1.16951	
866.754	1.15021	
867.136	1.1883	
867.518	1.27335	
867.9	1.19419	
868.282	1.16734	
868.664	1.22263	
869.046	1.20438	
869.428	1.22123	
869.809	1.17995	
870.191	1.17467	
870.573	1.15402	
870.954	1.16373	
871.336	1.2044	
871.717	1.19765	
872.099	1.1786	
872.48	1.24697	
872.861	1.2178	
873.242	1.18487	
873.623	1.13836	
874.004	1.16969	
874.385	1.20114	
874.766	1.16276	
875.147	1.21011	
875.528	1.16497	
875.909	1.22563	
876.29	1.14971	
876.67	1.16831	
877.051	1.14467	
877.431	1.09513	
877.812	1.19773	
878.192	1.11228	
878.573	1.13723	
878.953	1.13037	
879.333	1.1674	
879.713	1.16117	
880.093	1.19491	
880.473	1.12913	
880.853	1.0881	
881.233	1.09659	
881.613	1.08761	
881.993	1.1409	
882.373	1.15029	
882.753	1.1387	
883.132	1.17919	
883.512	1.11015	
883.891	1.11396	
884.271	1.11036	
884.65	1.07599	
885.029	1.14606	
885.409	1.13246	
885.788	1.16096	
886.167	1.08564	
886.546	1.11653	
886.925	1.12131	
887.304	1.08132	
887.683	1.13205	
888.062	1.08734	
888.441	1.12339	
888.82	1.22965	
889.198	1.11814	
889.577	1.13452	
889.955	1.13142	
890.334	1.10352	
890.712	1.11109	
891.091	1.15559	
891.469	1.15471	
891.847	1.13538	
892.226	1.13549	
892.604	1.11641	
892.982	1.03829	
893.36	1.14144	
893.738	1.11926	
894.116	1.1166	
894.493	1.08839	
894.871	1.11229	
895.249	1.13303	
895.627	1.10792	
896.004	1.08945	
896.382	1.12241	
896.759	1.10587	
897.137	1.06301	
897.514	1.14244	
897.891	1.10711	
898.269	1.19116	
898.646	1.13625	
899.023	1.04135	
899.4	1.08815	
899.777	1.09253	
900.154	1.01716	
900.531	1.09616	
900.908	1.09076	
901.284	1.12334	
901.661	1.01809	
902.038	1.09978	
902.414	1.14722	
902.791	1.03581	
903.167	1.13725	
903.544	1.14398	
903.92	1.14133	
904.296	1.12302	
904.672	1.04896	
905.049	1.06339	
905.425	0.97113	
905.801	1.11086	
906.177	1.05517	
906.553	0.94748	
906.929	1.0748	
907.304	1.05837	
907.68	1.04461	
908.056	1.03573	
908.431	1.04036	
908.807	1.08475	
909.182	1.07262	
909.558	1.02319	
909.933	1.18879	
910.309	1.06994	
910.684	1.11838	
911.059	1.08517	
911.434	1.02984	
911.809	0.96023	
912.184	1.08145	
912.559	1.05042	
912.934	1.0077	
913.309	1.11447	
913.684	1.02762	
914.058	0.969	
914.433	1.04963	
914.808	1.02485	
915.182	1.06726	
915.557	1.09706	
915.931	1.05352	
916.305	0.9898	
916.68	0.99779	
917.054	1.08139	
917.428	0.97471	
917.802	0.94717	
918.176	1.11023	
918.55	1.00797	
918.924	1.17925	
919.298	1.08152	
919.672	0.94183	
920.045	0.99162	
920.419	1.05215	
920.793	1.03641	
921.166	1.0199	
921.54	0.85019	
921.913	1.03694	
922.287	1.00914	
922.66	1.0272	
923.033	0.97573	
923.406	1.23679	
923.78	0.98412	
924.153	0.96558	
924.526	0.98681	
924.899	1.20275	
925.271	1.07199	
925.644	1.05878	
926.017	1.09084	
926.39	0.96831	
926.762	0.97362	
927.135	0.9853	
927.508	1.01349	
927.88	1.1011	
928.252	0.825	
928.625	0.97247	
928.997	1.00528	
929.369	0.95553	
929.741	0.92881	
930.114	1.02242	
930.486	0.93519	
930.858	1.11142	
931.229	1.18597	
931.601	0.94017	
931.973	0.97704	
932.345	1.01816	
932.717	0.892	
933.088	0.97842	
933.46	0.91937	
933.831	0.8841	
934.203	0.84331	
934.574	0.89552	
934.945	0.9411	
935.317	1.1181	
935.688	0.81126	
936.059	1.02859	
936.43	0.97485	
936.801	0.75923	
937.172	1.03482	
937.543	1.0277	
937.914	0.9394	
938.284	0.861	
938.655	0.92038	
939.026	1.12376	
939.396	0.88949	
939.767	0.85521	
940.137	0.9394	
940.508	0.90502	
940.878	1.08754	
941.248	1.10344	
941.618	0.92162	
941.989	1.15889	
942.359	0.83272	
942.729	0.87263	
943.099	0.98121	
943.469	0.79232	
943.838	1.23722	
944.208	0.93502	
944.578	0.82209	
944.948	1.00236	
945.317	0.85555	
945.687	0.97862	
946.056	0.91138	
946.426	0.80835	
946.795	0.97276	
947.164	1.08632	
947.533	0.94467	
947.903	0.94183	
948.272	0.77947	
948.641	0.96688	
949.01	0.93444	
949.379	0.63201	
949.748	0.64911	
950.116	1.13713	
950.485	1.09459	
950.854	1.07353	
951.222	0.81047	
951.591	0.83224	
951.959	1.04935	
952.328	0.74018	
952.696	1.01475	
953.065	0.91016	
953.433	0.98406	
953.801	0.99202	
954.169	0.80288	
954.537	1.24593	
954.905	0.6607	
955.273	1.03505	
955.641	0.76701	
956.009	0.66716	
956.377	0.71	
956.744	0.71041	
957.112	0.77381	
957.479	1.40904	
957.847	0.59663	
958.214	0.75287	
958.582	0.78905	
958.949	0.62373	
959.316	1.20076	
959.684	1.18967	
960.051	0.77822	
960.418	0.67785	
960.785	0.53081	
961.152	0.72517	
961.519	0.78707	
961.885	1.00014	
962.252	0.62039	
962.619	0.52181	
962.986	0.72982	
963.352	0.59786	
963.719	0.63755	
964.085	0.72304	
964.452	0.67894	
964.818	0.46095	
965.184	0.54832	
965.55	0.70132	
965.916	0.74074	
966.283	0.66572	
966.649	1.02971	
967.015	0.72425	
967.38	0.95383	
967.746	-0	
968.112	0.75445	
968.478	0.85838	
968.843	0.55969	
969.209	0.65642	
969.575	0.7656	
969.94	0.89845	
970.305	0.69908	
970.671	0.52724	
971.036	1.56195	
971.401	0.81759	
971.766	0.57545	
972.132	0.43768	
972.497	0.77304	
972.862	1.29574	
973.227	0.5056	
973.591	0.44509	
973.956	1.02754	
974.321	0.69959	
974.686	0.73697	
975.05	0.50504	
975.415	1.46067	
975.779	0.37105	
976.144	0.49718	
976.508	-0	
976.872	0.84335	
977.236	0.32982	
977.601	1.32376	
977.965	0.64637	
978.329	0.90542	
978.693	1.19063	
979.057	0.57828	
979.421	0.50016	
979.784	1.25845	
980.148	0.38764	
980.512	0.96844	
980.875	0.53903	
981.239	1.00199	
981.602	0.51906	
981.966	0.71146	
982.329	0.58284	
982.692	0.55706	
983.056	0.34678	
983.419	0.16673	
983.782	0.53765	
984.145	0.87533	
984.508	0.87719	
984.871	0.62518	
985.234	0.70761	
985.597	-0	
985.959	0.88308	
986.322	0.38063	
986.685	0.71477	
987.047	0.91651	
987.41	0.39208	
987.772	0.6607	
988.134	1.80231	
988.497	0.66814	
988.859	-0	
989.221	0.54659	
989.583	0.79227	
989.945	0.47248	
990.307	0.5419	
990.669	0.77199	
991.031	0.4758	
991.393	-0	
991.755	0.43687	
992.116	0.33104	
992.478	0.61294	
992.839	0.52341	
993.201	0.49886	
993.562	0.63744	
993.924	0.42507	
994.285	0.54181	
994.646	0.62262	
995.007	2.53092	
995.369	0.49836	
995.73	0.36673	
996.091	0.79026	
996.451	1.40021	
996.812	0.36434	
997.173	0.79619	
997.534	0.65631	
997.895	0.49249	
998.255	0.86915	
998.616	0.45133	
998.976	0.35061	
999.337	0.70401	
999.697	-0	
1000.057	1.33222	
1000.418	1.59829	
1000.778	0.58917	
1001.138	0.8542	
1001.498	0.72345	
1001.858	0.90716	
1002.218	0.36257	
1002.578	0.79025	
1002.937	0.22673	
1003.297	0.36271	
1003.657	1.205	
1004.016	0.66222	
1004.376	0.20785	
1004.735	0.38542	
1005.095	0.51302	
1005.454	0.20452	
1005.813	0.36448	
1006.173	0.91428	
1006.532	0.31767	
1006.891	0.62558	
1007.25	1.06015	
1007.609	0.41904	
1007.968	0.78634	
1008.327	0.58246	
1008.686	0.52341	
1009.044	0.3276	
1009.403	-0	
1009.762	0.44686	
1010.12	0.55614	
1010.479	0.79155	
1010.837	0.7822	
1011.195	0.27944	
1011.554	0.44188	
1011.912	0.20984	
1012.27	-0	
1012.628	0.28861	
1012.986	0.30578	
1013.344	0.58182	
1013.702	0.4975	
1014.06	1.28221	
1014.418	0.32545	
1014.775	0.41265	
1015.133	0.41508	
1015.491	0.34533	
1015.848	1.68857	
1016.206	0.72711	
1016.563	0.937	
1016.92	-0	
1017.278	-0	
1017.635	-0	
1017.992	0.68743	
1018.349	0.4204	
1018.706	0.93524	
1019.063	0.71589	
1019.42	0.45325	
1019.777	0.78361	
1020.134	-0	
1020.49	-0	
1020.847	0.74209	
1021.203	0.30558	
1021.56	1.20046	
1021.916	0.5092	
1022.273	0.65301	
1022.629	0.37071	
1022.985	1.72263	
1023.342	-0	
1023.698	1.5353	
1024.054	0.77078	
1024.41	0.25565	
1024.766	0.44852	
1025.122	1.11747	
1025.477	0.36036	
1025.833	0.4879	
1026.189	0.91152	
1026.545	0.48893	
1026.9	0.60244	
1027.256	0.86643	
1027.611	0.26819	
1027.966	-0	
1028.322	0.86652	
1028.677	0.72303	
1029.032	0.30174	
1029.387	-0	
1029.742	0.56504	
1030.097	0.36069	
1030.452	0.55531	
1030.807	0.37741	
1031.162	0.63168	
1031.517	0.36919	
1031.871	1.09665	
1032.226	0.53844	
1032.581	0.53844	
1032.935	0.53844	
