Absorbance:264		
187.856	-0.64153	
188.32	-0.64153	
188.785	-0.64153	
189.249	-0	
189.713	-0	
190.178	0.26609	
190.642	-0.27513	
191.106	0.2914	
191.57	0.67452	
192.034	-0	
192.498	-0	
192.963	-0.37351	
193.427	0.61124	
193.89	-0	
194.354	-0	
194.818	-1.3077	
195.282	0.98062	
195.746	-0.10123	
196.21	0.22786	
196.673	1.10574	
197.137	-0	
197.601	-0.03813	
198.064	-0	
198.528	0.57724	
198.991	0.42258	
199.454	0.39679	
199.918	0.40709	
200.381	0.3541	
200.844	0.32263	
201.308	0.37135	
201.771	0.40488	
202.234	0.42118	
202.697	0.63841	
203.16	0.43258	
203.623	0.37509	
204.086	0.491	
204.549	0.52505	
205.012	0.50377	
205.475	0.4255	
205.938	0.46163	
206.4	0.50805	
206.863	0.57784	
207.326	0.46807	
207.788	0.48005	
208.251	0.47907	
208.714	0.49925	
209.176	0.60636	
209.639	0.36639	
210.101	0.47081	
210.563	0.56202	
211.026	0.76591	
211.488	0.55948	
211.95	0.52991	
212.412	0.708	
212.874	0.69383	
213.337	0.95751	
213.799	0.7144	
214.261	0.78128	
214.723	0.86746	
215.184	0.8732	
215.646	0.80801	
216.108	1.20378	
216.57	1.04964	
217.032	1.2526	
217.493	1.29652	
217.955	1.39715	
218.417	1.46218	
218.878	1.34952	
219.34	1.43127	
219.801	1.55048	
220.263	1.63832	
220.724	1.79876	
221.185	1.65893	
221.647	1.80324	
222.108	1.79588	
222.569	1.74247	
223.03	1.81446	
223.491	1.81299	
223.952	1.95188	
224.413	1.922	
224.874	1.96182	
225.335	1.92402	
225.796	2.15337	
226.257	1.97031	
226.718	2.07236	
227.179	2.12256	
227.639	2.23384	
228.1	2.08725	
228.561	2.04572	
229.021	2.22283	
229.482	2.06205	
229.942	2.08836	
230.403	2.09728	
230.863	2.11889	
231.323	1.95512	
231.784	2.1253	
232.244	1.99884	
232.704	2.03969	
233.164	2.02499	
233.625	2.20105	
234.085	2.11027	
234.545	2.14983	
235.005	2.30899	
235.465	2.083	
235.925	2.16376	
236.384	2.23635	
236.844	2.08835	
237.304	2.15034	
237.764	2.21912	
238.223	2.17834	
238.683	2.26433	
239.143	2.16353	
239.602	2.15329	
240.062	2.12015	
240.521	2.18144	
240.98	2.02657	
241.44	2.16683	
241.899	2.09333	
242.358	2.24527	
242.818	2.0083	
243.277	1.98945	
243.736	2.18048	
244.195	2.19425	
244.654	2.10141	
245.113	1.98155	
245.572	2.12074	
246.031	2.01219	
246.49	2.21826	
246.949	2.23824	
247.408	2.11204	
247.866	2.12895	
248.325	2.14203	
248.784	2.29387	
249.242	2.33013	
249.701	2.28025	
250.159	2.07677	
250.618	2.16576	
251.076	2.14378	
251.534	2.21015	
251.993	2.18264	
252.451	2.27698	
252.909	2.19113	
253.368	2.34881	
253.826	2.32764	
254.284	2.20702	
254.742	2.04911	
255.2	2.09282	
255.658	2.20735	
256.116	2.2878	
256.574	2.28844	
257.031	2.25308	
257.489	2.32852	
257.947	2.19365	
258.405	2.17673	
258.862	2.31535	
259.32	2.31404	
259.777	2.31505	
260.235	2.37347	
260.692	2.19007	
261.15	2.20274	
261.607	2.2675	
262.065	2.24175	
262.522	2.19197	
262.979	2.24755	
263.436	2.21488	
263.893	2.20029	
264.351	2.23521	
264.808	2.26869	
265.265	2.27544	
265.722	2.03928	
266.178	2.17056	
266.635	2.25505	
267.092	2.16639	
267.549	2.03451	
268.006	2.27124	
268.462	2.19446	
268.919	2.14255	
269.376	2.14949	
269.832	2.07287	
270.289	2.15914	
270.745	2.09641	
271.202	2.011	
271.658	2.07809	
272.114	2.09882	
272.571	2.05549	
273.027	1.95005	
273.483	1.98019	
273.939	1.85021	
274.395	1.88715	
274.851	1.83727	
275.307	1.83021	
275.763	1.81429	
276.219	1.71345	
276.675	1.78262	
277.131	1.64171	
277.587	1.61814	
278.042	1.58076	
278.498	1.53925	
278.954	1.47608	
279.409	1.40732	
279.865	1.37762	
280.32	1.33197	
280.776	1.32038	
281.231	1.24435	
281.687	1.23569	
282.142	1.18105	
282.597	1.13873	
283.052	1.10164	
283.508	1.05668	
283.963	1.03321	
284.418	0.99979	
284.873	0.96382	
285.328	0.93163	
285.783	0.89524	
286.238	0.85644	
286.693	0.81458	
287.147	0.79816	
287.602	0.77366	
288.057	0.74087	
288.512	0.70644	
288.966	0.67665	
289.421	0.65454	
289.875	0.63106	
290.33	0.60704	
290.784	0.58448	
291.239	0.557	
291.693	0.52182	
292.147	0.51626	
292.602	0.49169	
293.056	0.46701	
293.51	0.45557	
293.964	0.43842	
294.418	0.41963	
294.872	0.40249	
295.326	0.38143	
295.78	0.36723	
296.234	0.35023	
296.688	0.3349	
297.142	0.32064	
297.595	0.30831	
298.049	0.29444	
298.503	0.28492	
298.956	0.26991	
299.41	0.25859	
299.863	0.24755	
300.317	0.2385	
300.77	0.2327	
301.224	0.2157	
301.677	0.20933	
302.13	0.19932	
302.584	0.18873	
303.037	0.181	
303.49	0.17197	
303.943	0.16828	
304.396	0.16298	
304.849	0.15729	
305.302	0.14341	
305.755	0.14197	
306.208	0.1318	
306.661	0.12782	
307.114	0.12341	
307.566	0.1178	
308.019	0.11234	
308.472	0.10606	
308.924	0.0987	
309.377	0.09151	
309.829	0.09053	
310.282	0.08547	
310.734	0.08207	
311.187	0.08471	
311.639	0.0853	
312.091	0.07217	
312.543	0.0691	
312.995	0.07135	
313.448	0.0678	
313.9	0.06189	
314.352	0.06223	
314.804	0.05724	
315.256	0.05617	
315.708	0.0476	
316.159	0.05239	
316.611	0.05001	
317.063	0.04993	
317.515	0.04313	
317.966	0.04238	
318.418	0.04195	
318.87	0.04415	
319.321	0.03874	
319.773	0.03608	
320.224	0.03501	
320.675	0.03243	
321.127	0.03257	
321.578	0.03699	
322.029	0.02929	
322.48	0.03717	
322.932	0.03042	
323.383	0.02762	
323.834	0.0306	
324.285	0.02885	
324.736	0.02493	
325.187	0.03043	
325.638	0.03152	
326.088	0.02123	
326.539	0.01781	
326.99	0.02229	
327.441	0.02095	
327.891	0.0236	
328.342	0.02435	
328.792	0.02928	
329.243	0.02128	
329.693	0.02111	
330.144	0.0185	
330.594	0.02161	
331.044	0.02241	
331.495	0.02013	
331.945	0.01698	
332.395	0.02272	
332.845	0.01131	
333.295	0.01765	
333.745	0.00719	
334.195	0.00791	
334.645	0.01415	
335.095	0.02023	
335.545	0.01301	
335.995	0.01686	
336.444	0.01557	
336.894	0.01505	
337.344	0.02099	
337.793	0.01661	
338.243	0.0046	
338.692	0.01131	
339.142	0.0148	
339.591	0.01377	
340.041	0.01195	
340.49	0.01164	
340.939	0.01556	
341.388	0.01645	
341.838	0.01577	
342.287	0.0146	
342.736	0.01251	
343.185	0.01342	
343.634	0.00895	
344.083	0.00899	
344.532	0.0115	
344.981	0.01932	
345.429	0.02111	
345.878	0.01326	
346.327	0.00839	
346.776	0.01433	
347.224	0.01115	
347.673	0.00905	
348.121	0.01165	
348.57	0.01246	
349.018	0.01499	
349.467	0.01443	
349.915	0.01129	
350.363	0.00886	
350.811	0.00712	
351.26	0.00943	
351.708	0.01177	
352.156	0.01633	
352.604	0.01159	
353.052	0.00723	
353.5	0.01346	
353.948	0.01024	
354.396	0.00735	
354.843	0.02176	
355.291	0.00729	
355.739	0.01229	
356.186	0.002	
356.634	0.01355	
357.082	0.01257	
357.529	0.01243	
357.977	0.01293	
358.424	0.00634	
358.871	0.01054	
359.319	0.01079	
359.766	0.00955	
360.213	0.01383	
360.661	0.00739	
361.108	0.01114	
361.555	0.01084	
362.002	0.00776	
362.449	0.01005	
362.896	0.01281	
363.343	0.01019	
363.79	0.01108	
364.236	0.00909	
364.683	-0.00132	
365.13	0.01472	
365.577	0.00651	
366.023	0.01278	
366.47	0.00773	
366.916	0.00499	
367.363	0.00679	
367.809	0.01226	
368.256	0.01817	
368.702	0.00453	
369.148	0.01682	
369.594	0.00601	
370.041	0.02164	
370.487	0.01181	
370.933	0.01356	
371.379	0.00914	
371.825	0.00195	
372.271	0.01634	
372.717	0.01635	
373.163	0.01093	
373.608	0.00841	
374.054	0.01227	
374.5	0.0132	
374.946	0.0074	
375.391	0.01711	
375.837	0.01051	
376.282	0.01739	
376.728	0.01242	
377.173	0.00532	
377.618	0.01344	
378.064	0.0115	
378.509	0.01826	
378.954	0.01185	
379.4	0.01915	
379.845	0.01405	
380.29	0.00786	
380.735	0.01176	
381.18	0.01021	
381.625	0.02006	
382.07	0.01814	
382.514	0.01728	
382.959	0.00998	
383.404	0.01256	
383.849	0.02284	
384.293	0.01581	
384.738	0.02258	
385.183	0.01546	
385.627	0.0144	
386.072	0.0045	
386.516	0.01431	
386.96	0.01002	
387.405	0.01061	
387.849	0.01878	
388.293	0.0207	
388.737	0.01624	
389.181	0.01641	
389.626	0.01153	
390.07	0.01759	
390.514	0.01439	
390.957	0.01871	
391.401	0.01559	
391.845	0.01756	
392.289	0.01724	
392.733	0.01664	
393.176	0.00937	
393.62	0.01742	
394.064	0.01258	
394.507	0.01291	
394.951	0.00349	
395.394	0.02308	
395.838	0.02271	
396.281	0.01262	
396.724	0.00717	
397.168	0.01062	
397.611	0.01745	
398.054	0.02222	
398.497	0.0238	
398.94	0.01874	
399.383	0.01467	
399.826	0.01101	
400.269	0.00806	
400.712	0.0169	
401.155	0.02153	
401.597	0.0214	
402.04	0.01557	
402.483	0.02366	
402.925	0.01938	
403.368	0.0228	
403.811	0.01716	
404.253	0.02318	
404.696	0.01127	
405.138	0.01569	
405.58	0.01962	
406.023	0.01516	
406.465	0.02711	
406.907	0.01155	
407.349	0.02443	
407.791	0.02393	
408.233	0.01747	
408.675	0.015	
409.117	0.0279	
409.559	0.01959	
410.001	0.00478	
410.443	0.01634	
410.885	0.02571	
411.326	0.02793	
411.768	0.02117	
412.21	0.0237	
412.651	0.02043	
413.093	0.01227	
413.534	0.01727	
413.975	0.01719	
414.417	0.01951	
414.858	0.01219	
415.299	0.02227	
415.741	0.02341	
416.182	0.0217	
416.623	0.02534	
417.064	0.01885	
417.505	0.01337	
417.946	0.01336	
418.387	0.02576	
418.828	0.02371	
419.269	0.01916	
419.709	0.01867	
420.15	0.0158	
420.591	0.0112	
421.031	0.02423	
421.472	0.03207	
421.913	0.01002	
422.353	0.01774	
422.794	0.01887	
423.234	0.01976	
423.674	0.02005	
424.115	0.02177	
424.555	0.01786	
424.995	0.02205	
425.435	0.02521	
425.875	0.0184	
426.315	0.01124	
426.755	0.01656	
427.195	0.02405	
427.635	0.01797	
428.075	0.0168	
428.515	0.0264	
428.955	0.02695	
429.394	0.02895	
429.834	0.01771	
430.274	0.0251	
430.713	0.01977	
431.153	0.03254	
431.592	0.01815	
432.031	0.02137	
432.471	0.02531	
432.91	0.01641	
433.349	0.01192	
433.789	0.02494	
434.228	0.01876	
434.667	0.02295	
435.106	0.025	
435.545	0.01185	
435.984	0.02335	
436.423	0.02371	
436.862	0.01438	
437.301	0.02781	
437.739	0.02124	
438.178	0.02194	
438.617	0.01685	
439.055	0.01358	
439.494	0.0265	
439.932	0.01667	
440.371	0.01816	
440.809	0.01433	
441.248	0.02777	
441.686	0.01933	
442.124	0.02373	
442.563	0.02257	
443.001	0.00644	
443.439	0.02424	
443.877	0.01863	
444.315	0.02702	
444.753	0.01683	
445.191	0.01291	
445.629	0.01742	
446.067	0.02302	
446.504	0.01029	
446.942	0.01983	
447.38	0.01947	
447.817	0.02485	
448.255	0.01762	
448.693	0.02321	
449.13	0.00986	
449.568	0.01661	
450.005	0.01044	
450.442	0.0268	
450.88	0.01033	
451.317	0.02219	
451.754	0.02255	
452.191	0.01752	
452.628	0.01908	
453.065	0.01966	
453.502	0.02116	
453.939	0.01876	
454.376	0.00882	
454.813	0.01966	
455.25	0.02898	
455.686	0.01804	
456.123	0.02955	
456.56	0.02543	
456.996	0.02045	
457.433	0.01122	
457.869	0.01995	
458.306	0.02209	
458.742	0.02216	
459.179	0.01702	
459.615	0.01486	
460.051	0.01845	
460.487	0.02669	
460.924	0.01955	
461.36	0.0158	
461.796	0.0224	
462.232	0.02123	
462.668	0.01664	
463.104	0.02392	
463.539	0.01602	
463.975	0.01603	
464.411	0.01968	
464.847	0.01618	
465.282	0.01135	
465.718	0.02772	
466.153	0.01343	
466.589	0.02089	
467.024	0.01625	
467.46	0.01588	
467.895	0.01175	
468.33	0.02194	
468.766	0.01302	
469.201	0.01861	
469.636	0.02529	
470.071	0.0244	
470.506	0.01714	
470.941	0.01824	
471.376	0.01703	
471.811	0.01863	
472.246	0.02127	
472.681	0.01967	
473.115	0.02523	
473.55	0.02521	
473.985	0.01842	
474.419	0.01752	
474.854	0.01751	
475.288	0.01864	
475.723	0.01803	
476.157	0.03199	
476.592	0.02089	
477.026	0.02287	
477.46	0.01824	
477.894	0.02102	
478.329	0.02238	
478.763	0.01096	
479.197	0.02378	
479.631	0.02043	
480.065	0.02144	
480.499	0.02096	
480.932	0.0196	
481.366	0.02509	
481.8	0.02113	
482.234	0.01926	
482.667	0.01868	
483.101	0.02307	
483.535	0.01543	
483.968	0.02369	
484.401	0.01268	
484.835	0.01449	
485.268	0.02408	
485.702	0.02233	
486.135	0.02408	
486.568	0.02647	
487.001	0.01649	
487.434	0.01307	
487.867	0.01422	
488.3	0.01722	
488.733	0.02061	
489.166	0.01463	
489.599	0.02263	
490.032	0.02397	
490.464	0.02891	
490.897	0.01916	
491.33	0.0184	
491.762	0.01085	
492.195	0.01633	
492.627	0.02447	
493.06	0.02305	
493.492	0.01839	
493.925	0.02654	
494.357	0.01445	
494.789	0.02085	
495.221	0.01642	
495.653	0.02349	
496.086	0.02786	
496.518	0.02278	
496.95	0.01959	
497.382	0.02002	
497.813	0.0136	
498.245	0.02282	
498.677	0.02194	
499.109	0.02428	
499.54	0.0165	
499.972	0.021	
500.404	0.02468	
500.835	0.01437	
501.267	0.02047	
501.698	0.02063	
502.129	0.01363	
502.561	0.01499	
502.992	0.01778	
503.423	0.01717	
503.855	0.02172	
504.286	0.02515	
504.717	0.01805	
505.148	0.01994	
505.579	0.01523	
506.01	0.02514	
506.441	0.02334	
506.871	0.01432	
507.302	0.02001	
507.733	0.02627	
508.163	0.02664	
508.594	0.01742	
509.025	0.01978	
509.455	0.02652	
509.886	0.02352	
510.316	0.02432	
510.746	0.01936	
511.177	0.01863	
511.607	0.0203	
512.037	0.02287	
512.467	0.02282	
512.898	0.02949	
513.328	0.0254	
513.758	0.0218	
514.188	0.01229	
514.617	0.02248	
515.047	0.01718	
515.477	0.02624	
515.907	0.02748	
516.337	0.02414	
516.766	0.0175	
517.196	0.02384	
517.625	0.02119	
518.055	0.01776	
518.484	0.01876	
518.914	0.01835	
519.343	0.02023	
519.772	0.02379	
520.202	0.0253	
520.631	0.02007	
521.06	0.02057	
521.489	0.01729	
521.918	0.01892	
522.347	0.01889	
522.776	0.02342	
523.205	0.01906	
523.634	0.02725	
524.063	0.02372	
524.491	0.02834	
524.92	0.02526	
525.349	0.0258	
525.777	0.02239	
526.206	0.02708	
526.634	0.01601	
527.063	0.02388	
527.491	0.02384	
527.919	0.02118	
528.348	0.02468	
528.776	0.02384	
529.204	0.01983	
529.632	0.02354	
530.06	0.02367	
530.488	0.02948	
530.916	0.02941	
531.344	0.0227	
531.772	0.03053	
532.2	0.02353	
532.627	0.02412	
533.055	0.02713	
533.483	0.02621	
533.91	0.02831	
534.338	0.02563	
534.765	0.02533	
535.193	0.02001	
535.62	0.0194	
536.048	0.02709	
536.475	0.02218	
536.902	0.03107	
537.329	0.02555	
537.757	0.02183	
538.184	0.02701	
538.611	0.02728	
539.038	0.0311	
539.465	0.02135	
539.892	0.02577	
540.318	0.02629	
540.745	0.02787	
541.172	0.02697	
541.599	0.02545	
542.025	0.03108	
542.452	0.02264	
542.878	0.02845	
543.305	0.03107	
543.731	0.0296	
544.158	0.02775	
544.584	0.03096	
545.01	0.02999	
545.436	0.03063	
545.862	0.02756	
546.289	0.03505	
546.715	0.02852	
547.141	0.02615	
547.567	0.02776	
547.993	0.03182	
548.418	0.03654	
548.844	0.03446	
549.27	0.03059	
549.696	0.02819	
550.121	0.02653	
550.547	0.02697	
550.972	0.02545	
551.398	0.03574	
551.823	0.0335	
552.249	0.03664	
552.674	0.02976	
553.099	0.02655	
553.525	0.03059	
553.95	0.03118	
554.375	0.03045	
554.8	0.03257	
555.225	0.03496	
555.65	0.0309	
556.075	0.03262	
556.5	0.02966	
556.925	0.02961	
557.349	0.03484	
557.774	0.03129	
558.199	0.03521	
558.623	0.03357	
559.048	0.0381	
559.472	0.03841	
559.897	0.03774	
560.321	0.04303	
560.746	0.04023	
561.17	0.04047	
561.594	0.03305	
562.018	0.0384	
562.443	0.03749	
562.867	0.03497	
563.291	0.03635	
563.715	0.03848	
564.139	0.03726	
564.562	0.03619	
564.986	0.03643	
565.41	0.03559	
565.834	0.03505	
566.257	0.03642	
566.681	0.03595	
567.105	0.03738	
567.528	0.03718	
567.952	0.04061	
568.375	0.04481	
568.798	0.03935	
569.222	0.03857	
569.645	0.03482	
570.068	0.04244	
570.491	0.04167	
570.914	0.04128	
571.337	0.04583	
571.76	0.04135	
572.183	0.04269	
572.606	0.04321	
573.029	0.04214	
573.452	0.04974	
573.875	0.04691	
574.297	0.04322	
574.72	0.05142	
575.143	0.04092	
575.565	0.04801	
575.988	0.03941	
576.41	0.04847	
576.832	0.04591	
577.255	0.04666	
577.677	0.04351	
578.099	0.04944	
578.521	0.0488	
578.943	0.04581	
579.365	0.04435	
579.787	0.04228	
580.209	0.04884	
580.631	0.04951	
581.053	0.04544	
581.475	0.05225	
581.897	0.04948	
582.318	0.05264	
582.74	0.05107	
583.162	0.05014	
583.583	0.04955	
584.005	0.0524	
584.426	0.05063	
584.847	0.04971	
585.269	0.05269	
585.69	0.05626	
586.111	0.05881	
586.532	0.05599	
586.954	0.05509	
587.375	0.05369	
587.796	0.0533	
588.217	0.05483	
588.637	0.05641	
589.058	0.05706	
589.479	0.05739	
589.9	0.06125	
590.32	0.05775	
590.741	0.05926	
591.162	0.05886	
591.582	0.06821	
592.003	0.06534	
592.423	0.06882	
592.844	0.06365	
593.264	0.05929	
593.684	0.06266	
594.104	0.06277	
594.524	0.06525	
594.945	0.06705	
595.365	0.06305	
595.785	0.06429	
596.205	0.06642	
596.625	0.06735	
597.044	0.07078	
597.464	0.0725	
597.884	0.06809	
598.304	0.06717	
598.723	0.07371	
599.143	0.06771	
599.562	0.06815	
599.982	0.06616	
600.401	0.06686	
600.821	0.0704	
601.24	0.07447	
601.659	0.07213	
602.078	0.07488	
602.498	0.07342	
602.917	0.07747	
603.336	0.08005	
603.755	0.07552	
604.174	0.07364	
604.593	0.07612	
605.011	0.07611	
605.43	0.0756	
605.849	0.07777	
606.268	0.07596	
606.686	0.08005	
607.105	0.08145	
607.523	0.08311	
607.942	0.08173	
608.36	0.08674	
608.779	0.09026	
609.197	0.08521	
609.615	0.08554	
610.033	0.08646	
610.451	0.08628	
610.87	0.09223	
611.288	0.09431	
611.706	0.09162	
612.124	0.09127	
612.541	0.09207	
612.959	0.09639	
613.377	0.09623	
613.795	0.09465	
614.212	0.09671	
614.63	0.10216	
615.048	0.10014	
615.465	0.10329	
615.883	0.09893	
616.3	0.103	
616.717	0.10451	
617.135	0.10616	
617.552	0.10482	
617.969	0.10812	
618.386	0.10262	
618.803	0.10962	
619.22	0.1145	
619.637	0.11196	
620.054	0.11378	
620.471	0.11225	
620.888	0.12003	
621.305	0.11208	
621.721	0.10832	
622.138	0.11711	
622.555	0.12429	
622.971	0.11529	
623.388	0.11958	
623.804	0.12304	
624.221	0.1273	
624.637	0.12619	
625.053	0.12588	
625.47	0.13177	
625.886	0.13142	
626.302	0.12659	
626.718	0.13063	
627.134	0.13171	
627.55	0.13118	
627.966	0.13276	
628.382	0.13458	
628.797	0.14126	
629.213	0.1365	
629.629	0.13895	
630.045	0.14291	
630.46	0.1431	
630.876	0.14756	
631.291	0.14319	
631.707	0.14463	
632.122	0.14492	
632.537	0.1415	
632.953	0.15176	
633.368	0.14909	
633.783	0.15135	
634.198	0.15074	
634.613	0.15317	
635.028	0.15542	
635.443	0.16023	
635.858	0.16184	
636.273	0.16553	
636.688	0.15715	
637.102	0.16473	
637.517	0.16279	
637.932	0.1677	
638.346	0.1652	
638.761	0.17061	
639.175	0.1651	
639.59	0.16978	
640.004	0.17664	
640.418	0.1728	
640.832	0.17631	
641.247	0.1829	
641.661	0.17729	
642.075	0.18624	
642.489	0.18744	
642.903	0.18156	
643.317	0.18252	
643.731	0.18829	
644.145	0.19166	
644.558	0.1879	
644.972	0.18799	
645.386	0.19274	
645.799	0.1993	
646.213	0.19405	
646.626	0.19873	
647.04	0.19458	
647.453	0.20015	
647.866	0.20612	
648.28	0.2035	
648.693	0.20668	
649.106	0.20382	
649.519	0.20793	
649.932	0.21084	
650.345	0.21142	
650.758	0.2112	
651.171	0.21284	
651.584	0.21531	
651.997	0.21895	
652.41	0.22324	
652.822	0.22254	
653.235	0.22638	
653.647	0.22821	
654.06	0.23126	
654.472	0.23168	
654.885	0.23567	
655.297	0.23864	
655.71	0.23475	
656.122	0.23701	
656.534	0.23371	
656.946	0.23797	
657.358	0.24087	
657.77	0.23518	
658.182	0.23924	
658.594	0.25045	
659.006	0.25294	
659.418	0.24847	
659.83	0.25168	
660.241	0.25832	
660.653	0.25782	
661.065	0.25794	
661.476	0.26204	
661.888	0.25965	
662.299	0.26989	
662.71	0.26728	
663.122	0.27375	
663.533	0.26979	
663.944	0.2774	
664.355	0.27479	
664.767	0.27927	
665.178	0.28019	
665.589	0.2756	
666	0.28836	
666.41	0.28656	
666.821	0.28985	
667.232	0.29433	
667.643	0.28752	
668.053	0.28638	
668.464	0.29533	
668.875	0.29326	
669.285	0.30021	
669.696	0.30496	
670.106	0.30814	
670.516	0.30774	
670.927	0.3072	
671.337	0.31183	
671.747	0.31805	
672.157	0.32318	
672.567	0.31767	
672.977	0.32176	
673.387	0.32463	
673.797	0.31803	
674.207	0.32686	
674.617	0.33235	
675.027	0.32774	
675.436	0.33352	
675.846	0.33634	
676.256	0.33498	
676.665	0.34142	
677.075	0.34468	
677.484	0.34612	
677.893	0.34937	
678.303	0.34735	
678.712	0.35819	
679.121	0.35333	
679.53	0.35553	
679.939	0.35638	
680.348	0.35925	
680.757	0.37024	
681.166	0.35474	
681.575	0.36759	
681.984	0.37232	
682.393	0.36881	
682.802	0.37523	
683.21	0.37708	
683.619	0.38265	
684.027	0.37467	
684.436	0.38445	
684.844	0.38439	
685.253	0.38207	
685.661	0.39194	
686.069	0.38388	
686.477	0.39751	
686.886	0.39732	
687.294	0.39821	
687.702	0.40194	
688.11	0.40508	
688.518	0.408	
688.926	0.41325	
689.333	0.40888	
689.741	0.41428	
690.149	0.41617	
690.557	0.41702	
690.964	0.42495	
691.372	0.42603	
691.779	0.42772	
692.187	0.43235	
692.594	0.43349	
693.001	0.43181	
693.409	0.43242	
693.816	0.4374	
694.223	0.44068	
694.63	0.43948	
695.037	0.44119	
695.444	0.45244	
695.851	0.44581	
696.258	0.45281	
696.665	0.45651	
697.072	0.44995	
697.479	0.45013	
697.885	0.4651	
698.292	0.46537	
698.698	0.46843	
699.105	0.46675	
699.511	0.46879	
699.918	0.46615	
700.324	0.47189	
700.73	0.4822	
701.137	0.48145	
701.543	0.47654	
701.949	0.47429	
702.355	0.48488	
702.761	0.48605	
703.167	0.48991	
703.573	0.49085	
703.979	0.49714	
704.385	0.50358	
704.79	0.49852	
705.196	0.50281	
705.602	0.50263	
706.007	0.50848	
706.413	0.50818	
706.818	0.51401	
707.224	0.51139	
707.629	0.51995	
708.034	0.51531	
708.439	0.51701	
708.845	0.53165	
709.25	0.5153	
709.655	0.52865	
710.06	0.52405	
710.465	0.52938	
710.87	0.53623	
711.275	0.53386	
711.679	0.54375	
712.084	0.5427	
712.489	0.55148	
712.893	0.54164	
713.298	0.54662	
713.702	0.55253	
714.107	0.55473	
714.511	0.55214	
714.916	0.56662	
715.32	0.5599	
715.724	0.55713	
716.128	0.56428	
716.533	0.57223	
716.937	0.5666	
717.341	0.58541	
717.745	0.57775	
718.149	0.57501	
718.552	0.57396	
718.956	0.58048	
719.36	0.58018	
719.764	0.57404	
720.167	0.58431	
720.571	0.58964	
720.974	0.59745	
721.378	0.5967	
721.781	0.58656	
722.185	0.59902	
722.588	0.59141	
722.991	0.60807	
723.394	0.60927	
723.797	0.60607	
724.2	0.60483	
724.603	0.61789	
725.006	0.61006	
725.409	0.62061	
725.812	0.60793	
726.215	0.62781	
726.618	0.62013	
727.02	0.61757	
727.423	0.62928	
727.826	0.63355	
728.228	0.6241	
728.631	0.63228	
729.033	0.62861	
729.435	0.62881	
729.838	0.62416	
730.24	0.63866	
730.642	0.64387	
731.044	0.64862	
731.446	0.6479	
731.848	0.64265	
732.25	0.64876	
732.652	0.65926	
733.054	0.6505	
733.456	0.66685	
733.857	0.66434	
734.259	0.6543	
734.661	0.66762	
735.062	0.66444	
735.464	0.66204	
735.865	0.66686	
736.267	0.66844	
736.668	0.6783	
737.069	0.68064	
737.47	0.67867	
737.872	0.67711	
738.273	0.6671	
738.674	0.67741	
739.075	0.69887	
739.476	0.68435	
739.877	0.68882	
740.278	0.70029	
740.678	0.69176	
741.079	0.68689	
741.48	0.697	
741.88	0.70597	
742.281	0.70174	
742.681	0.69063	
743.082	0.70389	
743.482	0.70195	
743.882	0.69968	
744.283	0.70804	
744.683	0.70886	
745.083	0.72342	
745.483	0.71293	
745.883	0.70068	
746.283	0.72477	
746.683	0.71589	
747.083	0.72045	
747.483	0.72829	
747.883	0.72294	
748.282	0.71937	
748.682	0.72196	
749.082	0.73258	
749.481	0.73409	
749.881	0.72727	
750.28	0.72906	
750.679	0.73102	
751.079	0.73947	
751.478	0.74672	
751.877	0.74404	
752.276	0.73906	
752.675	0.74178	
753.074	0.74984	
753.473	0.74699	
753.872	0.73932	
754.271	0.73627	
754.67	0.74787	
755.069	0.7588	
755.467	0.7519	
755.866	0.75466	
756.265	0.75683	
756.663	0.74773	
757.062	0.75616	
757.46	0.75436	
757.858	0.77106	
758.257	0.78529	
758.655	0.7677	
759.053	0.76407	
759.451	0.77234	
759.849	0.7608	
760.247	0.77481	
760.645	0.76818	
761.043	0.76795	
761.441	0.78167	
761.839	0.77773	
762.237	0.77672	
762.634	0.78071	
763.032	0.77684	
763.429	0.78619	
763.827	0.78095	
764.224	0.78616	
764.622	0.78895	
765.019	0.79514	
765.416	0.79524	
765.814	0.78534	
766.211	0.79106	
766.608	0.79593	
767.005	0.78517	
767.402	0.79255	
767.799	0.78887	
768.196	0.79497	
768.593	0.79434	
768.989	0.78521	
769.386	0.79804	
769.783	0.79821	
770.179	0.80113	
770.576	0.79173	
770.972	0.81046	
771.369	0.79973	
771.765	0.80954	
772.161	0.79495	
772.558	0.80287	
772.954	0.80547	
773.35	0.80342	
773.746	0.81104	
774.142	0.80527	
774.538	0.80981	
774.934	0.80763	
775.33	0.81223	
775.726	0.81004	
776.121	0.80756	
776.517	0.81092	
776.913	0.82771	
777.308	0.81586	
777.704	0.8184	
778.099	0.80238	
778.495	0.82183	
778.89	0.81921	
779.285	0.81403	
779.68	0.81716	
780.076	0.82479	
780.471	0.8268	
780.866	0.81721	
781.261	0.81257	
781.656	0.81081	
782.051	0.81726	
782.445	0.8361	
782.84	0.82769	
783.235	0.81932	
783.63	0.82745	
784.024	0.81585	
784.419	0.83834	
784.813	0.83429	
785.208	0.82976	
785.602	0.83297	
785.996	0.85533	
786.391	0.84868	
786.785	0.83724	
787.179	0.83749	
787.573	0.85668	
787.967	0.83258	
788.361	0.83972	
788.755	0.84176	
789.149	0.83602	
789.543	0.84013	
789.936	0.8465	
790.33	0.85411	
790.724	0.84461	
791.117	0.83914	
791.511	0.84006	
791.904	0.83459	
792.298	0.84614	
792.691	0.83503	
793.084	0.84768	
793.477	0.83452	
793.871	0.83858	
794.264	0.83599	
794.657	0.82806	
795.05	0.85538	
795.443	0.82214	
795.836	0.86705	
796.228	0.84968	
796.621	0.82808	
797.014	0.83054	
797.406	0.83869	
797.799	0.83751	
798.192	0.83531	
798.584	0.83928	
798.976	0.84556	
799.369	0.84916	
799.761	0.83532	
800.153	0.85535	
800.546	0.84206	
800.938	0.84724	
801.33	0.84011	
801.722	0.85854	
802.114	0.86589	
802.506	0.84692	
802.897	0.8551	
803.289	0.85554	
803.681	0.83255	
804.073	0.8479	
804.464	0.84581	
804.856	0.8402	
805.247	0.83748	
805.639	0.84833	
806.03	0.83022	
806.421	0.84754	
806.813	0.83665	
807.204	0.84599	
807.595	0.85131	
807.986	0.85125	
808.377	0.85245	
808.768	0.83693	
809.159	0.85408	
809.55	0.83726	
809.941	0.85445	
810.331	0.85332	
810.722	0.85248	
811.113	0.86024	
811.503	0.83496	
811.894	0.85911	
812.284	0.84336	
812.675	0.8404	
813.065	0.8472	
813.455	0.8347	
813.846	0.83597	
814.236	0.8506	
814.626	0.84729	
815.016	0.85483	
815.406	0.83388	
815.796	0.8393	
816.186	0.83548	
816.575	0.84099	
816.965	0.86016	
817.355	0.85589	
817.745	0.85686	
818.134	0.83654	
818.524	0.85909	
818.913	0.85401	
819.303	0.85102	
819.692	0.8503	
820.081	0.85958	
820.47	0.84984	
820.86	0.82937	
821.249	0.85225	
821.638	0.85248	
822.027	0.8416	
822.416	0.83752	
822.805	0.83542	
823.193	0.83656	
823.582	0.86459	
823.971	0.84809	
824.36	0.86182	
824.748	0.85046	
825.137	0.84085	
825.525	0.84309	
825.914	0.83566	
826.302	0.83557	
826.69	0.84396	
827.079	0.85778	
827.467	0.84457	
827.855	0.84475	
828.243	0.84345	
828.631	0.84443	
829.019	0.83808	
829.407	0.82128	
829.795	0.82741	
830.182	0.8332	
830.57	0.84606	
830.958	0.83107	
831.345	0.8269	
831.733	0.83925	
832.12	0.84242	
832.508	0.85055	
832.895	0.80876	
833.283	0.85138	
833.67	0.83244	
834.057	0.82201	
834.444	0.8241	
834.831	0.83743	
835.218	0.82242	
835.605	0.84138	
835.992	0.83572	
836.379	0.82739	
836.766	0.84981	
837.152	0.8295	
837.539	0.79867	
837.926	0.82347	
838.312	0.81382	
838.699	0.83169	
839.085	0.83354	
839.472	0.80903	
839.858	0.83211	
840.244	0.81804	
840.63	0.83154	
841.017	0.81452	
841.403	0.7959	
841.789	0.82198	
842.175	0.83846	
842.561	0.81479	
842.946	0.81769	
843.332	0.81182	
843.718	0.82616	
844.104	0.82399	
844.489	0.79834	
844.875	0.81517	
845.26	0.80688	
845.646	0.80123	
846.031	0.83449	
846.416	0.80641	
846.802	0.81297	
847.187	0.78538	
847.572	0.80326	
847.957	0.83383	
848.342	0.80859	
848.727	0.78267	
849.112	0.81636	
849.497	0.80542	
849.882	0.81604	
850.266	0.79651	
850.651	0.80194	
851.036	0.82505	
851.42	0.81722	
851.805	0.82066	
852.189	0.79275	
852.574	0.79171	
852.958	0.82213	
853.342	0.79609	
853.726	0.7995	
854.11	0.79953	
854.495	0.78636	
854.879	0.79864	
855.263	0.78413	
855.646	0.78879	
856.03	0.79026	
856.414	0.81376	
856.798	0.79893	
857.181	0.8003	
857.565	0.81972	
857.949	0.79402	
858.332	0.79692	
858.716	0.76848	
859.099	0.78831	
859.482	0.79164	
859.866	0.79339	
860.249	0.77595	
860.632	0.79647	
861.015	0.79854	
861.398	0.79451	
861.781	0.77957	
862.164	0.77358	
862.547	0.77939	
862.929	0.80228	
863.312	0.77345	
863.695	0.78476	
864.077	0.77494	
864.46	0.78	
864.842	0.7754	
865.225	0.77079	
865.607	0.81339	
865.99	0.78641	
866.372	0.79054	
866.754	0.76537	
867.136	0.75048	
867.518	0.7931	
867.9	0.79267	
868.282	0.76665	
868.664	0.79417	
869.046	0.76888	
869.428	0.77499	
869.809	0.76045	
870.191	0.77478	
870.573	0.75083	
870.954	0.78394	
871.336	0.77025	
871.717	0.79199	
872.099	0.76733	
872.48	0.79191	
872.861	0.76696	
873.242	0.76966	
873.623	0.76877	
874.004	0.79269	
874.385	0.76207	
874.766	0.76719	
875.147	0.76816	
875.528	0.74924	
875.909	0.76429	
876.29	0.75418	
876.67	0.78094	
877.051	0.76017	
877.431	0.75429	
877.812	0.75203	
878.192	0.72426	
878.573	0.76333	
878.953	0.73548	
879.333	0.75479	
879.713	0.74905	
880.093	0.7801	
880.473	0.74789	
880.853	0.78275	
881.233	0.76402	
881.613	0.78439	
881.993	0.72208	
882.373	0.74278	
882.753	0.72742	
883.132	0.75155	
883.512	0.73528	
883.891	0.74395	
884.271	0.74824	
884.65	0.73483	
885.029	0.76382	
885.409	0.76056	
885.788	0.75583	
886.167	0.7063	
886.546	0.76287	
886.925	0.76425	
887.304	0.7287	
887.683	0.75784	
888.062	0.72135	
888.441	0.7305	
888.82	0.77433	
889.198	0.72153	
889.577	0.73852	
889.955	0.74875	
890.334	0.75951	
890.712	0.73884	
891.091	0.71976	
891.469	0.76128	
891.847	0.7401	
892.226	0.7312	
892.604	0.74611	
892.982	0.7224	
893.36	0.72316	
893.738	0.73897	
894.116	0.74668	
894.493	0.73802	
894.871	0.74709	
895.249	0.73755	
895.627	0.73644	
896.004	0.73222	
896.382	0.74282	
896.759	0.72924	
897.137	0.72677	
897.514	0.7516	
897.891	0.745	
898.269	0.73171	
898.646	0.74519	
899.023	0.71361	
899.4	0.70658	
899.777	0.72839	
900.154	0.7044	
900.531	0.72318	
900.908	0.72766	
901.284	0.70744	
901.661	0.70846	
902.038	0.7394	
902.414	0.75664	
902.791	0.74077	
903.167	0.71703	
903.544	0.74017	
903.92	0.74028	
904.296	0.71042	
904.672	0.70989	
905.049	0.69548	
905.425	0.71261	
905.801	0.71895	
906.177	0.69883	
906.553	0.68475	
906.929	0.7258	
907.304	0.71301	
907.68	0.72026	
908.056	0.68259	
908.431	0.73012	
908.807	0.71613	
909.182	0.65342	
909.558	0.70015	
909.933	0.65822	
910.309	0.71827	
910.684	0.66875	
911.059	0.71552	
911.434	0.71836	
911.809	0.69328	
912.184	0.70066	
912.559	0.70362	
912.934	0.68605	
913.309	0.75754	
913.684	0.70825	
914.058	0.68279	
914.433	0.68958	
914.808	0.7002	
915.182	0.67331	
915.557	0.76195	
915.931	0.73038	
916.305	0.66515	
916.68	0.67266	
917.054	0.72126	
917.428	0.70838	
917.802	0.66363	
918.176	0.71947	
918.55	0.67835	
918.924	0.6977	
919.298	0.71791	
919.672	0.64113	
920.045	0.63188	
920.419	0.70175	
920.793	0.73677	
921.166	0.62478	
921.54	0.6726	
921.913	0.68806	
922.287	0.73197	
922.66	0.7141	
923.033	0.70173	
923.406	0.72205	
923.78	0.69778	
924.153	0.63986	
924.526	0.63794	
924.899	0.70924	
925.271	0.70253	
925.644	0.74452	
926.017	0.77728	
926.39	0.66867	
926.762	0.64614	
927.135	0.67102	
927.508	0.64257	
927.88	0.70317	
928.252	0.57333	
928.625	0.61496	
928.997	0.64235	
929.369	0.63152	
929.741	0.64782	
930.114	0.59365	
930.486	0.6856	
930.858	0.64906	
931.229	0.75883	
931.601	0.65917	
931.973	0.61341	
932.345	0.65053	
932.717	0.69906	
933.088	0.64382	
933.46	0.70169	
933.831	0.62088	
934.203	0.57126	
934.574	0.64814	
934.945	0.69156	
935.317	0.63889	
935.688	0.70537	
936.059	0.69757	
936.43	0.67773	
936.801	0.6867	
937.172	0.65266	
937.543	0.69699	
937.914	0.71507	
938.284	0.55293	
938.655	0.6441	
939.026	0.66609	
939.396	0.6103	
939.767	0.60415	
940.137	0.66983	
940.508	0.5745	
940.878	0.67302	
941.248	0.64118	
941.618	0.71875	
941.989	0.66067	
942.359	0.63344	
942.729	0.57826	
943.099	0.68537	
943.469	0.54585	
943.838	0.61085	
944.208	0.60883	
944.578	0.60297	
944.948	0.67353	
945.317	0.66365	
945.687	0.7128	
946.056	0.59309	
946.426	0.5581	
946.795	0.71758	
947.164	0.71916	
947.533	0.63348	
947.903	0.73721	
948.272	0.5286	
948.641	0.67165	
949.01	0.65993	
949.379	0.53937	
949.748	0.53421	
950.116	0.59799	
950.485	0.59593	
950.854	0.81053	
951.222	0.58501	
951.591	0.60487	
951.959	0.78534	
952.328	0.51299	
952.696	0.6217	
953.065	0.55792	
953.433	0.59339	
953.801	0.62817	
954.169	0.57482	
954.537	0.5382	
954.905	0.60623	
955.273	0.6795	
955.641	0.51006	
956.009	0.47185	
956.377	0.56781	
956.744	0.57324	
957.112	0.57731	
957.479	0.62744	
957.847	0.52755	
958.214	0.64921	
958.582	0.73433	
958.949	0.56986	
959.316	0.59545	
959.684	0.92656	
960.051	0.62058	
960.418	0.73732	
960.785	0.58332	
961.152	0.50078	
961.519	0.43475	
961.885	0.5901	
962.252	0.6826	
962.619	0.45498	
962.986	0.64616	
963.352	0.56247	
963.719	0.35561	
964.085	0.58358	
964.452	0.58713	
964.818	0.47048	
965.184	0.616	
965.55	0.70905	
965.916	0.40306	
966.283	0.69665	
966.649	0.8829	
967.015	0.50746	
967.38	0.65493	
967.746	0.96148	
968.112	0.85449	
968.478	0.71934	
968.843	0.49523	
969.209	0.38211	
969.575	0.70874	
969.94	0.44906	
970.305	0.41916	
970.671	0.58652	
971.036	0.72566	
971.401	0.80336	
971.766	0.50147	
972.132	0.56136	
972.497	0.79785	
972.862	0.53545	
973.227	1.04832	
973.591	0.34122	
973.956	0.6919	
974.321	0.79714	
974.686	0.72107	
975.05	0.52838	
975.415	0.37062	
975.779	0.60446	
976.144	0.6823	
976.508	-0	
976.872	1.02511	
977.236	0.49912	
977.601	0.62167	
977.965	0.41493	
978.329	1.04834	
978.693	-0	
979.057	0.58519	
979.421	0.49827	
979.784	0.9363	
980.148	0.1345	
980.512	0.72952	
980.875	0.60211	
981.239	0.49138	
981.602	0.27699	
981.966	0.70792	
982.329	0.61336	
982.692	0.27585	
983.056	0.14233	
983.419	0.25041	
983.782	0.32664	
984.145	0.80023	
984.508	0.55727	
984.871	0.39007	
985.234	0.376	
985.597	0.58453	
985.959	0.44041	
986.322	0.54716	
986.685	0.9353	
987.047	0.50999	
987.41	0.72677	
987.772	0.6833	
988.134	1.53908	
988.497	0.64884	
988.859	0.82473	
989.221	0.38937	
989.583	0.3208	
989.945	0.81521	
990.307	0.40525	
990.669	0.33216	
991.031	0.57335	
991.393	2.27401	
991.755	0.8907	
992.116	0.38156	
992.478	0.45637	
992.839	0.31516	
993.201	-0	
993.562	0.87621	
993.924	0.28976	
994.285	0.74207	
994.646	0.29986	
995.007	0.6769	
995.369	0.5706	
995.73	0.29725	
996.091	0.62047	
996.451	1.47938	
996.812	0.47671	
997.173	0.59046	
997.534	0.78393	
997.895	0.39874	
998.255	0.53351	
998.616	0.60276	
998.976	0.38984	
999.337	0.65379	
999.697	-0	
1000.057	0.21624	
1000.418	1.05427	
1000.778	1.87092	
1001.138	0.37413	
1001.498	0.65652	
1001.858	0.36338	
1002.218	0.34647	
1002.578	0.33722	
1002.937	0.45589	
1003.297	1.04087	
1003.657	0.40464	
1004.016	0.43314	
1004.376	0.51773	
1004.735	0.22465	
1005.095	-0	
1005.454	0.3375	
1005.813	0.51248	
1006.173	0.40738	
1006.532	0.40738	
1006.891	0.40467	
1007.25	0.56455	
1007.609	0.35215	
1007.968	0.48841	
1008.327	0.41966	
1008.686	0.2779	
1009.044	0.27591	
1009.403	0.79906	
1009.762	0.50414	
1010.12	0.13011	
1010.479	0.34795	
1010.837	0.32628	
1011.195	0.66743	
1011.554	0.27833	
1011.912	0.22854	
1012.27	0.89562	
1012.628	0.17365	
1012.986	0.46512	
1013.344	0.40583	
1013.702	0.31216	
1014.06	0.57859	
1014.418	0.47675	
1014.775	0.10104	
1015.133	0.27007	
1015.491	0.31661	
1015.848	0.62809	
1016.206	0.32273	
1016.563	0.39319	
1016.92	0.45177	
1017.278	0.59862	
1017.635	0.36474	
1017.992	0.33131	
1018.349	0.32261	
1018.706	1.18794	
1019.063	0.39495	
1019.42	0.75412	
1019.777	0.33319	
1020.134	0.52481	
1020.49	-0	
1020.847	0.67183	
1021.203	0.39715	
1021.56	0.3533	
1021.916	0.32942	
1022.273	0.34343	
1022.629	0.42799	
1022.985	-0	
1023.342	-0	
1023.698	0.88219	
1024.054	-0	
1024.41	0.60628	
1024.766	0.71896	
1025.122	0.94141	
1025.477	0.48201	
1025.833	0.38742	
1026.189	0.72489	
1026.545	0.54214	
1026.9	0.28938	
1027.256	0.75798	
1027.611	0.2785	
1027.966	0.34075	
1028.322	-0	
1028.677	0.95145	
1029.032	0.68547	
1029.387	-0	
1029.742	0.58636	
1030.097	0.77667	
1030.452	0.48841	
1030.807	0.56	
1031.162	0.86738	
1031.517	0.5314	
1031.871	-0	
1032.226	0.40404	
1032.581	0.40404	
1032.935	0.40404	
