Absorbance:264		
187.856	-0.51026	
188.32	-0.51026	
188.785	-0.51026	
189.249	0.31562	
189.713	-0.35234	
190.178	-0.44127	
190.642	-0	
191.106	-0.03036	
191.57	1.06668	
192.034	-0.52748	
192.498	-0	
192.963	-0.2442	
193.427	0.38934	
193.89	-0.0007	
194.354	0.83275	
194.818	-1.46997	
195.282	2.02199	
195.746	-0.10726	
196.21	0.06723	
196.673	-0.0158	
197.137	-0	
197.601	1.17179	
198.064	-0	
198.528	0.22107	
198.991	0.06322	
199.454	0.11087	
199.918	0.12538	
200.381	0.09019	
200.844	0.0407	
201.308	0.10441	
201.771	0.08242	
202.234	0.18323	
202.697	0.09161	
203.16	0.04899	
203.623	0.01774	
204.086	0.05533	
204.549	0.15454	
205.012	0.0641	
205.475	0.08969	
205.938	0.17222	
206.4	0.16875	
206.863	0.0744	
207.326	0.08124	
207.788	0.07804	
208.251	0.09306	
208.714	0.08565	
209.176	0.07923	
209.639	0.08215	
210.101	0.12718	
210.563	0.06163	
211.026	0.07386	
211.488	0.11763	
211.95	0.09303	
212.412	0.14387	
212.874	0.13634	
213.337	0.10593	
213.799	0.10646	
214.261	0.10843	
214.723	0.0994	
215.184	0.08804	
215.646	0.08815	
216.108	0.07351	
216.57	0.1013	
217.032	0.05846	
217.493	0.07515	
217.955	0.08228	
218.417	0.07228	
218.878	0.0701	
219.34	0.07129	
219.801	0.06437	
220.263	0.06747	
220.724	0.05847	
221.185	0.06284	
221.647	0.06335	
222.108	0.05965	
222.569	0.06539	
223.03	0.05982	
223.491	0.06847	
223.952	0.05744	
224.413	0.06584	
224.874	0.05374	
225.335	0.05917	
225.796	0.05823	
226.257	0.05591	
226.718	0.05814	
227.179	0.05623	
227.639	0.05698	
228.1	0.055	
228.561	0.06013	
229.021	0.05534	
229.482	0.05926	
229.942	0.05256	
230.403	0.06012	
230.863	0.05107	
231.323	0.05065	
231.784	0.05622	
232.244	0.04902	
232.704	0.05146	
233.164	0.05096	
233.625	0.05381	
234.085	0.05353	
234.545	0.04801	
235.005	0.04423	
235.465	0.04738	
235.925	0.04665	
236.384	0.05249	
236.844	0.04986	
237.304	0.04247	
237.764	0.04877	
238.223	0.04943	
238.683	0.05243	
239.143	0.04647	
239.602	0.04551	
240.062	0.03776	
240.521	0.04037	
240.98	0.05355	
241.44	0.03653	
241.899	0.04547	
242.358	0.04481	
242.818	0.03802	
243.277	0.03369	
243.736	0.04039	
244.195	0.04055	
244.654	0.0376	
245.113	0.0317	
245.572	0.03724	
246.031	0.03593	
246.49	0.02776	
246.949	0.03117	
247.408	0.03695	
247.866	0.03039	
248.325	0.02975	
248.784	0.03239	
249.242	0.03127	
249.701	0.02674	
250.159	0.02323	
250.618	0.02133	
251.076	0.02324	
251.534	0.0287	
251.993	0.02625	
252.451	0.02866	
252.909	0.02796	
253.368	0.02405	
253.826	0.0247	
254.284	0.02749	
254.742	0.02673	
255.2	0.02295	
255.658	0.0188	
256.116	0.02285	
256.574	0.03109	
257.031	0.02278	
257.489	0.02389	
257.947	0.0188	
258.405	0.02136	
258.862	0.02179	
259.32	0.01558	
259.777	0.02297	
260.235	0.01624	
260.692	0.02417	
261.15	0.0247	
261.607	0.02343	
262.065	0.02106	
262.522	0.02049	
262.979	0.01854	
263.436	0.01737	
263.893	0.02115	
264.351	0.02086	
264.808	0.02185	
265.265	0.01954	
265.722	0.02128	
266.178	0.01994	
266.635	0.02563	
267.092	0.02057	
267.549	0.02427	
268.006	0.02032	
268.462	0.01662	
268.919	0.02118	
269.376	0.02199	
269.832	0.0226	
270.289	0.02708	
270.745	0.0219	
271.202	0.01709	
271.658	0.01965	
272.114	0.02578	
272.571	0.0235	
273.027	0.02528	
273.483	0.02548	
273.939	0.02555	
274.395	0.0243	
274.851	0.0255	
275.307	0.02571	
275.763	0.02405	
276.219	0.02557	
276.675	0.02345	
277.131	0.02556	
277.587	0.02609	
278.042	0.02378	
278.498	0.02663	
278.954	0.02852	
279.409	0.02171	
279.865	0.0286	
280.32	0.02744	
280.776	0.02637	
281.231	0.02742	
281.687	0.02761	
282.142	0.02606	
282.597	0.02665	
283.052	0.02665	
283.508	0.02531	
283.963	0.02824	
284.418	0.02751	
284.873	0.02639	
285.328	0.02117	
285.783	0.02666	
286.238	0.0258	
286.693	0.0277	
287.147	0.02659	
287.602	0.0261	
288.057	0.02372	
288.512	0.02643	
288.966	0.02447	
289.421	0.02453	
289.875	0.02323	
290.33	0.02355	
290.784	0.02563	
291.239	0.02678	
291.693	0.02008	
292.147	0.02944	
292.602	0.02152	
293.056	0.0231	
293.51	0.02808	
293.964	0.02348	
294.418	0.02667	
294.872	0.02141	
295.326	0.0235	
295.78	0.01746	
296.234	0.02283	
296.688	0.02356	
297.142	0.02424	
297.595	0.01987	
298.049	0.0228	
298.503	0.02235	
298.956	0.02096	
299.41	0.02183	
299.863	0.02215	
300.317	0.02273	
300.77	0.02455	
301.224	0.02502	
301.677	0.0207	
302.13	0.02172	
302.584	0.01712	
303.037	0.01221	
303.49	0.01822	
303.943	0.02091	
304.396	0.02078	
304.849	0.01762	
305.302	0.01749	
305.755	0.02133	
306.208	0.017	
306.661	0.02416	
307.114	0.01441	
307.566	0.0173	
308.019	0.01744	
308.472	0.0173	
308.924	0.01193	
309.377	0.0134	
309.829	0.02304	
310.282	0.0138	
310.734	0.01358	
311.187	0.01727	
311.639	0.01569	
312.091	0.01343	
312.543	0.01556	
312.995	0.01198	
313.448	0.01312	
313.9	0.01055	
314.352	0.01477	
314.804	0.01092	
315.256	0.01572	
315.708	0.01188	
316.159	0.0145	
316.611	0.01866	
317.063	0.02016	
317.515	0.01336	
317.966	0.01805	
318.418	0.01503	
318.87	0.01803	
319.321	0.01882	
319.773	0.0169	
320.224	0.01308	
320.675	0.01689	
321.127	0.01258	
321.578	0.0181	
322.029	0.01673	
322.48	0.01969	
322.932	0.01293	
323.383	0.01746	
323.834	0.01937	
324.285	0.01937	
324.736	0.01529	
325.187	0.02331	
325.638	0.02324	
326.088	0.01996	
326.539	0.01999	
326.99	0.01792	
327.441	0.01866	
327.891	0.02598	
328.342	0.02021	
328.792	0.02195	
329.243	0.02709	
329.693	0.02435	
330.144	0.01791	
330.594	0.02428	
331.044	0.02491	
331.495	0.02786	
331.945	0.02319	
332.395	0.02918	
332.845	0.0185	
333.295	0.02131	
333.745	0.01431	
334.195	0.01795	
334.645	0.02376	
335.095	0.0253	
335.545	0.03064	
335.995	0.03032	
336.444	0.03515	
336.894	0.03204	
337.344	0.03718	
337.793	0.03757	
338.243	0.03068	
338.692	0.03334	
339.142	0.03815	
339.591	0.03075	
340.041	0.03484	
340.49	0.03192	
340.939	0.04505	
341.388	0.04461	
341.838	0.04212	
342.287	0.0367	
342.736	0.03838	
343.185	0.04432	
343.634	0.04503	
344.083	0.04173	
344.532	0.04656	
344.981	0.05273	
345.429	0.04925	
345.878	0.04678	
346.327	0.05261	
346.776	0.05235	
347.224	0.04839	
347.673	0.05143	
348.121	0.05695	
348.57	0.05889	
349.018	0.06222	
349.467	0.05781	
349.915	0.06849	
350.363	0.05892	
350.811	0.05833	
351.26	0.06255	
351.708	0.06281	
352.156	0.06956	
352.604	0.06775	
353.052	0.06493	
353.5	0.07263	
353.948	0.07844	
354.396	0.07717	
354.843	0.08114	
355.291	0.08012	
355.739	0.08297	
356.186	0.08608	
356.634	0.08428	
357.082	0.09823	
357.529	0.09278	
357.977	0.10012	
358.424	0.10452	
358.871	0.0996	
359.319	0.1105	
359.766	0.10508	
360.213	0.1202	
360.661	0.11931	
361.108	0.12806	
361.555	0.12686	
362.002	0.1265	
362.449	0.1309	
362.896	0.13569	
363.343	0.13735	
363.79	0.15334	
364.236	0.1658	
364.683	0.15758	
365.13	0.16468	
365.577	0.1665	
366.023	0.1801	
366.47	0.17525	
366.916	0.18463	
367.363	0.19223	
367.809	0.1976	
368.256	0.20055	
368.702	0.20827	
369.148	0.22247	
369.594	0.22379	
370.041	0.23969	
370.487	0.25364	
370.933	0.25203	
371.379	0.25057	
371.825	0.25216	
372.271	0.26706	
372.717	0.28098	
373.163	0.27898	
373.608	0.29302	
374.054	0.30151	
374.5	0.30468	
374.946	0.29894	
375.391	0.33078	
375.837	0.32839	
376.282	0.33322	
376.728	0.35081	
377.173	0.35031	
377.618	0.36835	
378.064	0.37599	
378.509	0.38225	
378.954	0.37703	
379.4	0.39571	
379.845	0.39375	
380.29	0.39757	
380.735	0.42098	
381.18	0.41869	
381.625	0.42482	
382.07	0.43081	
382.514	0.45599	
382.959	0.44577	
383.404	0.44623	
383.849	0.46778	
384.293	0.45088	
384.738	0.47656	
385.183	0.48168	
385.627	0.49513	
386.072	0.49454	
386.516	0.486	
386.96	0.4902	
387.405	0.5108	
387.849	0.52093	
388.293	0.51345	
388.737	0.5279	
389.181	0.51876	
389.626	0.53047	
390.07	0.53399	
390.514	0.53114	
390.957	0.54615	
391.401	0.53703	
391.845	0.5393	
392.289	0.54066	
392.733	0.5408	
393.176	0.54378	
393.62	0.53646	
394.064	0.53248	
394.507	0.53481	
394.951	0.52584	
395.394	0.54269	
395.838	0.53564	
396.281	0.53908	
396.724	0.52851	
397.168	0.5244	
397.611	0.5372	
398.054	0.52226	
398.497	0.52756	
398.94	0.53273	
399.383	0.52911	
399.826	0.51485	
400.269	0.51135	
400.712	0.51035	
401.155	0.51738	
401.597	0.50174	
402.04	0.49771	
402.483	0.50193	
402.925	0.48651	
403.368	0.48662	
403.811	0.50692	
404.253	0.4826	
404.696	0.47464	
405.138	0.46951	
405.58	0.4652	
406.023	0.46082	
406.465	0.45593	
406.907	0.4478	
407.349	0.45723	
407.791	0.45123	
408.233	0.42742	
408.675	0.44168	
409.117	0.42373	
409.559	0.42386	
410.001	0.4043	
410.443	0.41108	
410.885	0.40348	
411.326	0.4012	
411.768	0.39978	
412.21	0.40061	
412.651	0.37812	
413.093	0.37533	
413.534	0.36521	
413.975	0.35776	
414.417	0.36634	
414.858	0.346	
415.299	0.34682	
415.741	0.33727	
416.182	0.33247	
416.623	0.3227	
417.064	0.31282	
417.505	0.3039	
417.946	0.2904	
418.387	0.29975	
418.828	0.28609	
419.269	0.28561	
419.709	0.2805	
420.15	0.27013	
420.591	0.25943	
421.031	0.25215	
421.472	0.25455	
421.913	0.243	
422.353	0.23161	
422.794	0.24365	
423.234	0.21711	
423.674	0.22776	
424.115	0.22033	
424.555	0.20783	
424.995	0.20847	
425.435	0.207	
425.875	0.20237	
426.315	0.17888	
426.755	0.17832	
427.195	0.18574	
427.635	0.1804	
428.075	0.15911	
428.515	0.17095	
428.955	0.16275	
429.394	0.1621	
429.834	0.14681	
430.274	0.1527	
430.713	0.14057	
431.153	0.1568	
431.592	0.13735	
432.031	0.13805	
432.471	0.12472	
432.91	0.11858	
433.349	0.11805	
433.789	0.13358	
434.228	0.11877	
434.667	0.11946	
435.106	0.11616	
435.545	0.1042	
435.984	0.11107	
436.423	0.10299	
436.862	0.1008	
437.301	0.09376	
437.739	0.08792	
438.178	0.09586	
438.617	0.0949	
439.055	0.07921	
439.494	0.10443	
439.932	0.08456	
440.371	0.08197	
440.809	0.07901	
441.248	0.08767	
441.686	0.0833	
442.124	0.07639	
442.563	0.0856	
443.001	0.07038	
443.439	0.08408	
443.877	0.07688	
444.315	0.06657	
444.753	0.07099	
445.191	0.07125	
445.629	0.06779	
446.067	0.07171	
446.504	0.06562	
446.942	0.07976	
447.38	0.06751	
447.817	0.06775	
448.255	0.07345	
448.693	0.06665	
449.13	0.05331	
449.568	0.07165	
450.005	0.06446	
450.442	0.06631	
450.88	0.06427	
451.317	0.06714	
451.754	0.06766	
452.191	0.06676	
452.628	0.05391	
453.065	0.06188	
453.502	0.05986	
453.939	0.06272	
454.376	0.04821	
454.813	0.06312	
455.25	0.05874	
455.686	0.05695	
456.123	0.05204	
456.56	0.04963	
456.996	0.05508	
457.433	0.05764	
457.869	0.05902	
458.306	0.04973	
458.742	0.05987	
459.179	0.05217	
459.615	0.04916	
460.051	0.0561	
460.487	0.05517	
460.924	0.05643	
461.36	0.05223	
461.796	0.05363	
462.232	0.05474	
462.668	0.05073	
463.104	0.05182	
463.539	0.04584	
463.975	0.04691	
464.411	0.04915	
464.847	0.04994	
465.282	0.04073	
465.718	0.05232	
466.153	0.0405	
466.589	0.04199	
467.024	0.04332	
467.46	0.04056	
467.895	0.03866	
468.33	0.04156	
468.766	0.04277	
469.201	0.04556	
469.636	0.04681	
470.071	0.04881	
470.506	0.04307	
470.941	0.04469	
471.376	0.04557	
471.811	0.04079	
472.246	0.04041	
472.681	0.04287	
473.115	0.03971	
473.55	0.03927	
473.985	0.03625	
474.419	0.04134	
474.854	0.03133	
475.288	0.03939	
475.723	0.03147	
476.157	0.04615	
476.592	0.03998	
477.026	0.03646	
477.46	0.03782	
477.894	0.03289	
478.329	0.03532	
478.763	0.02446	
479.197	0.03596	
479.631	0.03726	
480.065	0.03249	
480.499	0.0318	
480.932	0.0314	
481.366	0.0278	
481.8	0.03202	
482.234	0.03045	
482.667	0.03388	
483.101	0.02819	
483.535	0.02656	
483.968	0.0293	
484.401	0.02802	
484.835	0.03082	
485.268	0.03007	
485.702	0.03135	
486.135	0.02718	
486.568	0.03627	
487.001	0.02337	
487.434	0.0266	
487.867	0.02706	
488.3	0.02635	
488.733	0.02894	
489.166	0.01409	
489.599	0.0284	
490.032	0.03471	
490.464	0.03104	
490.897	0.0252	
491.33	0.02505	
491.762	0.02116	
492.195	0.0246	
492.627	0.0214	
493.06	0.02191	
493.492	0.01549	
493.925	0.03045	
494.357	0.01639	
494.789	0.02552	
495.221	0.0234	
495.653	0.0188	
496.086	0.02647	
496.518	0.02328	
496.95	0.02009	
497.382	0.02638	
497.813	0.01556	
498.245	0.02091	
498.677	0.02553	
499.109	0.02917	
499.54	0.02186	
499.972	0.02215	
500.404	0.02983	
500.835	0.01695	
501.267	0.0166	
501.698	0.02337	
502.129	0.02937	
502.561	0.02309	
502.992	0.02492	
503.423	0.02291	
503.855	0.02997	
504.286	0.03215	
504.717	0.0235	
505.148	0.02322	
505.579	0.02826	
506.01	0.02275	
506.441	0.02517	
506.871	0.01699	
507.302	0.02528	
507.733	0.02607	
508.163	0.02654	
508.594	0.01798	
509.025	0.0219	
509.455	0.0265	
509.886	0.02716	
510.316	0.02905	
510.746	0.02974	
511.177	0.02268	
511.607	0.02672	
512.037	0.03041	
512.467	0.02331	
512.898	0.03199	
513.328	0.02674	
513.758	0.02781	
514.188	0.01909	
514.617	0.03136	
515.047	0.023	
515.477	0.03019	
515.907	0.02479	
516.337	0.02691	
516.766	0.02622	
517.196	0.03132	
517.625	0.0327	
518.055	0.02814	
518.484	0.03112	
518.914	0.0294	
519.343	0.02492	
519.772	0.02869	
520.202	0.02849	
520.631	0.02399	
521.06	0.02881	
521.489	0.02633	
521.918	0.02371	
522.347	0.02393	
522.776	0.02862	
523.205	0.02341	
523.634	0.03226	
524.063	0.03717	
524.491	0.02976	
524.92	0.02826	
525.349	0.02769	
525.777	0.02653	
526.206	0.03014	
526.634	0.02672	
527.063	0.03029	
527.491	0.0338	
527.919	0.03318	
528.348	0.03037	
528.776	0.02839	
529.204	0.02505	
529.632	0.03762	
530.06	0.0325	
530.488	0.03379	
530.916	0.03415	
531.344	0.03088	
531.772	0.03663	
532.2	0.02763	
532.627	0.03027	
533.055	0.04202	
533.483	0.03217	
533.91	0.0366	
534.338	0.03265	
534.765	0.03025	
535.193	0.03159	
535.62	0.02744	
536.048	0.03712	
536.475	0.02835	
536.902	0.03661	
537.329	0.03385	
537.757	0.03144	
538.184	0.04205	
538.611	0.03546	
539.038	0.0378	
539.465	0.03213	
539.892	0.03061	
540.318	0.04124	
540.745	0.02916	
541.172	0.03034	
541.599	0.03742	
542.025	0.04487	
542.452	0.03585	
542.878	0.04047	
543.305	0.03828	
543.731	0.03058	
544.158	0.03934	
544.584	0.03388	
545.01	0.03413	
545.436	0.0355	
545.862	0.03635	
546.289	0.03704	
546.715	0.03433	
547.141	0.03355	
547.567	0.03446	
547.993	0.03594	
548.418	0.03686	
548.844	0.04043	
549.27	0.03608	
549.696	0.03366	
550.121	0.03885	
550.547	0.03343	
550.972	0.03479	
551.398	0.03935	
551.823	0.0391	
552.249	0.04409	
552.674	0.03356	
553.099	0.03864	
553.525	0.03364	
553.95	0.03783	
554.375	0.03571	
554.8	0.04072	
555.225	0.0376	
555.65	0.03699	
556.075	0.03946	
556.5	0.03628	
556.925	0.03312	
557.349	0.04415	
557.774	0.03333	
558.199	0.04084	
558.623	0.03624	
559.048	0.04319	
559.472	0.04381	
559.897	0.04639	
560.321	0.05278	
560.746	0.04583	
561.17	0.04743	
561.594	0.04313	
562.018	0.03916	
562.443	0.04222	
562.867	0.04106	
563.291	0.04504	
563.715	0.04168	
564.139	0.04041	
564.562	0.04178	
564.986	0.0441	
565.41	0.04038	
565.834	0.04292	
566.257	0.05367	
566.681	0.04409	
567.105	0.03944	
567.528	0.04901	
567.952	0.04197	
568.375	0.05201	
568.798	0.05074	
569.222	0.04533	
569.645	0.04592	
570.068	0.04426	
570.491	0.04646	
570.914	0.04791	
571.337	0.0476	
571.76	0.04666	
572.183	0.04809	
572.606	0.04801	
573.029	0.05066	
573.452	0.05694	
573.875	0.04992	
574.297	0.04479	
574.72	0.05357	
575.143	0.04894	
575.565	0.05234	
575.988	0.05134	
576.41	0.05543	
576.832	0.05391	
577.255	0.05589	
577.677	0.0522	
578.099	0.04941	
578.521	0.0554	
578.943	0.05071	
579.365	0.05346	
579.787	0.05303	
580.209	0.056	
580.631	0.0572	
581.053	0.05186	
581.475	0.05936	
581.897	0.05508	
582.318	0.05557	
582.74	0.06341	
583.162	0.05805	
583.583	0.05563	
584.005	0.06156	
584.426	0.05686	
584.847	0.06313	
585.269	0.06988	
585.69	0.06022	
586.111	0.06355	
586.532	0.06156	
586.954	0.06033	
587.375	0.06259	
587.796	0.06423	
588.217	0.06186	
588.637	0.06795	
589.058	0.06246	
589.479	0.06302	
589.9	0.06921	
590.32	0.06449	
590.741	0.06938	
591.162	0.0671	
591.582	0.07425	
592.003	0.07688	
592.423	0.07333	
592.844	0.07456	
593.264	0.07016	
593.684	0.07601	
594.104	0.07033	
594.524	0.08077	
594.945	0.07659	
595.365	0.07607	
595.785	0.07651	
596.205	0.07522	
596.625	0.08148	
597.044	0.08359	
597.464	0.08334	
597.884	0.08546	
598.304	0.08189	
598.723	0.08513	
599.143	0.07368	
599.562	0.08431	
599.982	0.08498	
600.401	0.07872	
600.821	0.08526	
601.24	0.08336	
601.659	0.08855	
602.078	0.08553	
602.498	0.08812	
602.917	0.09469	
603.336	0.0898	
603.755	0.0879	
604.174	0.08657	
604.593	0.08954	
605.011	0.08869	
605.43	0.08945	
605.849	0.09557	
606.268	0.09403	
606.686	0.0942	
607.105	0.09678	
607.523	0.09499	
607.942	0.09849	
608.36	0.10108	
608.779	0.10153	
609.197	0.10344	
609.615	0.10622	
610.033	0.10352	
610.451	0.10565	
610.87	0.1068	
611.288	0.10956	
611.706	0.11271	
612.124	0.11147	
612.541	0.11363	
612.959	0.11698	
613.377	0.11753	
613.795	0.11406	
614.212	0.11609	
614.63	0.11749	
615.048	0.11919	
615.465	0.12013	
615.883	0.11793	
616.3	0.12467	
616.717	0.12439	
617.135	0.12827	
617.552	0.12756	
617.969	0.12197	
618.386	0.12057	
618.803	0.12887	
619.22	0.13661	
619.637	0.13742	
620.054	0.1323	
620.471	0.1336	
620.888	0.13841	
621.305	0.14187	
621.721	0.13584	
622.138	0.13876	
622.555	0.14165	
622.971	0.13618	
623.388	0.14238	
623.804	0.14287	
624.221	0.14955	
624.637	0.1487	
625.053	0.14644	
625.47	0.14891	
625.886	0.14447	
626.302	0.14652	
626.718	0.15119	
627.134	0.14771	
627.55	0.16	
627.966	0.15122	
628.382	0.15877	
628.797	0.15942	
629.213	0.16083	
629.629	0.15893	
630.045	0.16098	
630.46	0.16475	
630.876	0.17054	
631.291	0.16956	
631.707	0.16163	
632.122	0.1665	
632.537	0.17191	
632.953	0.17046	
633.368	0.17253	
633.783	0.17019	
634.198	0.17738	
634.613	0.17435	
635.028	0.17776	
635.443	0.18163	
635.858	0.17982	
636.273	0.18345	
636.688	0.17549	
637.102	0.18082	
637.517	0.18127	
637.932	0.18579	
638.346	0.18597	
638.761	0.18741	
639.175	0.18771	
639.59	0.19777	
640.004	0.19194	
640.418	0.18805	
640.832	0.18993	
641.247	0.19648	
641.661	0.19535	
642.075	0.19874	
642.489	0.1926	
642.903	0.19566	
643.317	0.19666	
643.731	0.19717	
644.145	0.20942	
644.558	0.20143	
644.972	0.19733	
645.386	0.20178	
645.799	0.21035	
646.213	0.20056	
646.626	0.20449	
647.04	0.19782	
647.453	0.20128	
647.866	0.20578	
648.28	0.20524	
648.693	0.2077	
649.106	0.20987	
649.519	0.21289	
649.932	0.20946	
650.345	0.21404	
650.758	0.2168	
651.171	0.21471	
651.584	0.21551	
651.997	0.21359	
652.41	0.21742	
652.822	0.22142	
653.235	0.21931	
653.647	0.21796	
654.06	0.21914	
654.472	0.21845	
654.885	0.21939	
655.297	0.22186	
655.71	0.22104	
656.122	0.21131	
656.534	0.2101	
656.946	0.21552	
657.358	0.21155	
657.77	0.20619	
658.182	0.2124	
658.594	0.21926	
659.006	0.21756	
659.418	0.22164	
659.83	0.21707	
660.241	0.22274	
660.653	0.21251	
661.065	0.21709	
661.476	0.21861	
661.888	0.2147	
662.299	0.21393	
662.71	0.22045	
663.122	0.21262	
663.533	0.21935	
663.944	0.21462	
664.355	0.21905	
664.767	0.21363	
665.178	0.21833	
665.589	0.21176	
666	0.21565	
666.41	0.21254	
666.821	0.21334	
667.232	0.21355	
667.643	0.21257	
668.053	0.21484	
668.464	0.2089	
668.875	0.21175	
669.285	0.21376	
669.696	0.20923	
670.106	0.21551	
670.516	0.21031	
670.927	0.20966	
671.337	0.21409	
671.747	0.21512	
672.157	0.21526	
672.567	0.21732	
672.977	0.21169	
673.387	0.21318	
673.797	0.21194	
674.207	0.216	
674.617	0.21769	
675.027	0.21162	
675.436	0.21012	
675.846	0.21232	
676.256	0.21305	
676.665	0.21532	
677.075	0.2069	
677.484	0.21187	
677.893	0.21669	
678.303	0.21473	
678.712	0.21482	
679.121	0.21829	
679.53	0.21374	
679.939	0.21502	
680.348	0.21067	
680.757	0.22609	
681.166	0.21284	
681.575	0.21383	
681.984	0.21227	
682.393	0.22001	
682.802	0.2197	
683.21	0.22091	
683.619	0.22172	
684.027	0.22128	
684.436	0.21603	
684.844	0.21808	
685.253	0.21275	
685.661	0.22247	
686.069	0.21938	
686.477	0.21937	
686.886	0.21946	
687.294	0.22844	
687.702	0.22456	
688.11	0.21708	
688.518	0.22463	
688.926	0.21865	
689.333	0.21494	
689.741	0.22345	
690.149	0.22574	
690.557	0.23305	
690.964	0.22811	
691.372	0.22968	
691.779	0.23375	
692.187	0.22652	
692.594	0.23117	
693.001	0.22361	
693.409	0.22546	
693.816	0.2268	
694.223	0.22212	
694.63	0.22811	
695.037	0.22748	
695.444	0.23372	
695.851	0.22215	
696.258	0.23028	
696.665	0.23355	
697.072	0.23007	
697.479	0.22925	
697.885	0.23387	
698.292	0.23378	
698.698	0.23366	
699.105	0.2355	
699.511	0.23487	
699.918	0.23339	
700.324	0.23865	
700.73	0.2437	
701.137	0.23164	
701.543	0.23445	
701.949	0.23144	
702.355	0.23203	
702.761	0.24256	
703.167	0.23657	
703.573	0.2353	
703.979	0.23406	
704.385	0.243	
704.79	0.2428	
705.196	0.23922	
705.602	0.24419	
706.007	0.23695	
706.413	0.24423	
706.818	0.24616	
707.224	0.2392	
707.629	0.2364	
708.034	0.23256	
708.439	0.24288	
708.845	0.23949	
709.25	0.24301	
709.655	0.23875	
710.06	0.23484	
710.465	0.24938	
710.87	0.2419	
711.275	0.23986	
711.679	0.2414	
712.084	0.24397	
712.489	0.24492	
712.893	0.23783	
713.298	0.24314	
713.702	0.24584	
714.107	0.24546	
714.511	0.24085	
714.916	0.24798	
715.32	0.24396	
715.724	0.24553	
716.128	0.24721	
716.533	0.2437	
716.937	0.24167	
717.341	0.24655	
717.745	0.24761	
718.149	0.25241	
718.552	0.2454	
718.956	0.24971	
719.36	0.24154	
719.764	0.24945	
720.167	0.2412	
720.571	0.25033	
720.974	0.24978	
721.378	0.24837	
721.781	0.24837	
722.185	0.25095	
722.588	0.24481	
722.991	0.2534	
723.394	0.24751	
723.797	0.25196	
724.2	0.2462	
724.603	0.24793	
725.006	0.24202	
725.409	0.24313	
725.812	0.24429	
726.215	0.24474	
726.618	0.24471	
727.02	0.24872	
727.423	0.24778	
727.826	0.24887	
728.228	0.24908	
728.631	0.24227	
729.033	0.24497	
729.435	0.24277	
729.838	0.24008	
730.24	0.24127	
730.642	0.24033	
731.044	0.23554	
731.446	0.24165	
731.848	0.23917	
732.25	0.23822	
732.652	0.23852	
733.054	0.236	
733.456	0.23472	
733.857	0.24829	
734.259	0.23681	
734.661	0.23751	
735.062	0.23943	
735.464	0.23506	
735.865	0.23928	
736.267	0.23537	
736.668	0.23552	
737.069	0.23258	
737.47	0.23533	
737.872	0.2302	
738.273	0.23145	
738.674	0.23485	
739.075	0.22789	
739.476	0.23681	
739.877	0.2328	
740.278	0.229	
740.678	0.23245	
741.079	0.22968	
741.48	0.22745	
741.88	0.22677	
742.281	0.22743	
742.681	0.22944	
743.082	0.22824	
743.482	0.21921	
743.882	0.2256	
744.283	0.22753	
744.683	0.2226	
745.083	0.22413	
745.483	0.22155	
745.883	0.2229	
746.283	0.2217	
746.683	0.22248	
747.083	0.21951	
747.483	0.22396	
747.883	0.22335	
748.282	0.21867	
748.682	0.21733	
749.082	0.21605	
749.481	0.21901	
749.881	0.20883	
750.28	0.20876	
750.679	0.21403	
751.079	0.21232	
751.478	0.20888	
751.877	0.21039	
752.276	0.20631	
752.675	0.20497	
753.074	0.20542	
753.473	0.20698	
753.872	0.19998	
754.271	0.203	
754.67	0.20554	
755.069	0.20945	
755.467	0.19863	
755.866	0.19806	
756.265	0.20385	
756.663	0.20166	
757.062	0.19409	
757.46	0.19121	
757.858	0.19738	
758.257	0.19456	
758.655	0.19886	
759.053	0.19698	
759.451	0.18698	
759.849	0.19561	
760.247	0.18651	
760.645	0.19578	
761.043	0.19373	
761.441	0.19425	
761.839	0.18513	
762.237	0.18745	
762.634	0.18631	
763.032	0.18945	
763.429	0.18407	
763.827	0.18622	
764.224	0.18038	
764.622	0.18137	
765.019	0.19151	
765.416	0.18308	
765.814	0.17636	
766.211	0.17702	
766.608	0.18624	
767.005	0.17604	
767.402	0.18689	
767.799	0.17782	
768.196	0.17311	
768.593	0.17934	
768.989	0.16998	
769.386	0.17806	
769.783	0.16948	
770.179	0.1713	
770.576	0.16627	
770.972	0.17219	
771.369	0.17002	
771.765	0.16656	
772.161	0.16658	
772.558	0.16825	
772.954	0.16052	
773.35	0.16301	
773.746	0.16533	
774.142	0.16231	
774.538	0.1661	
774.934	0.16968	
775.33	0.16306	
775.726	0.16014	
776.121	0.15925	
776.517	0.16272	
776.913	0.15916	
777.308	0.15665	
777.704	0.15439	
778.099	0.15252	
778.495	0.15069	
778.89	0.15193	
779.285	0.15267	
779.68	0.1474	
780.076	0.14469	
780.471	0.14994	
780.866	0.15075	
781.261	0.14512	
781.656	0.14299	
782.051	0.14437	
782.445	0.14585	
782.84	0.14816	
783.235	0.14193	
783.63	0.14108	
784.024	0.13897	
784.419	0.14194	
784.813	0.14186	
785.208	0.13782	
785.602	0.14813	
785.996	0.14499	
786.391	0.14343	
786.785	0.1381	
787.179	0.13382	
787.573	0.14287	
787.967	0.12594	
788.361	0.13361	
788.755	0.13676	
789.149	0.13632	
789.543	0.13973	
789.936	0.13011	
790.33	0.12483	
790.724	0.13146	
791.117	0.12615	
791.511	0.12848	
791.904	0.12905	
792.298	0.13537	
792.691	0.12766	
793.084	0.13196	
793.477	0.13339	
793.871	0.12346	
794.264	0.11638	
794.657	0.12422	
795.05	0.12459	
795.443	0.12054	
795.836	0.1205	
796.228	0.12248	
796.621	0.12691	
797.014	0.11341	
797.406	0.11124	
797.799	0.11368	
798.192	0.11836	
798.584	0.10815	
798.976	0.11623	
799.369	0.11794	
799.761	0.11265	
800.153	0.11822	
800.546	0.11604	
800.938	0.11835	
801.33	0.11862	
801.722	0.11497	
802.114	0.10725	
802.506	0.10935	
802.897	0.10443	
803.289	0.10609	
803.681	0.11122	
804.073	0.10816	
804.464	0.11247	
804.856	0.11231	
805.247	0.1045	
805.639	0.09781	
806.03	0.10222	
806.421	0.10043	
806.813	0.10438	
807.204	0.10501	
807.595	0.10275	
807.986	0.10258	
808.377	0.1074	
808.768	0.10695	
809.159	0.10178	
809.55	0.10074	
809.941	0.09082	
810.331	0.09868	
810.722	0.09412	
811.113	0.09574	
811.503	0.0978	
811.894	0.10341	
812.284	0.09157	
812.675	0.09806	
813.065	0.09319	
813.455	0.09136	
813.846	0.08689	
814.236	0.08702	
814.626	0.09591	
815.016	0.08414	
815.406	0.08447	
815.796	0.09606	
816.186	0.0929	
816.575	0.0815	
816.965	0.09077	
817.355	0.09385	
817.745	0.09536	
818.134	0.08913	
818.524	0.08519	
818.913	0.08796	
819.303	0.09253	
819.692	0.09787	
820.081	0.08337	
820.47	0.086	
820.86	0.08308	
821.249	0.09506	
821.638	0.07803	
822.027	0.0803	
822.416	0.09098	
822.805	0.07919	
823.193	0.08155	
823.582	0.08293	
823.971	0.08071	
824.36	0.0791	
824.748	0.07966	
825.137	0.08713	
825.525	0.07617	
825.914	0.08531	
826.302	0.07859	
826.69	0.07362	
827.079	0.08012	
827.467	0.07124	
827.855	0.07729	
828.243	0.06896	
828.631	0.07915	
829.019	0.06664	
829.407	0.07619	
829.795	0.07225	
830.182	0.07351	
830.57	0.07087	
830.958	0.07445	
831.345	0.07372	
831.733	0.07442	
832.12	0.07502	
832.508	0.06747	
832.895	0.06514	
833.283	0.07784	
833.67	0.07158	
834.057	0.07085	
834.444	0.06861	
834.831	0.07198	
835.218	0.07446	
835.605	0.07178	
835.992	0.0731	
836.379	0.06934	
836.766	0.06316	
837.152	0.06443	
837.539	0.05709	
837.926	0.0682	
838.312	0.05884	
838.699	0.06715	
839.085	0.06491	
839.472	0.0594	
839.858	0.06643	
840.244	0.06556	
840.63	0.06989	
841.017	0.06476	
841.403	0.05861	
841.789	0.07003	
842.175	0.06189	
842.561	0.06399	
842.946	0.06173	
843.332	0.05687	
843.718	0.06877	
844.104	0.05817	
844.489	0.06393	
844.875	0.0576	
845.26	0.05848	
845.646	0.0677	
846.031	0.05701	
846.416	0.058	
846.802	0.05934	
847.187	0.04868	
847.572	0.06156	
847.957	0.05048	
848.342	0.0579	
848.727	0.05653	
849.112	0.06684	
849.497	0.05966	
849.882	0.06281	
850.266	0.0578	
850.651	0.04783	
851.036	0.04864	
851.42	0.0567	
851.805	0.05555	
852.189	0.05161	
852.574	0.04696	
852.958	0.04895	
853.342	0.0484	
853.726	0.05525	
854.11	0.05375	
854.495	0.05651	
854.879	0.04148	
855.263	0.04469	
855.646	0.0562	
856.03	0.04645	
856.414	0.05348	
856.798	0.05452	
857.181	0.04966	
857.565	0.04985	
857.949	0.05935	
858.332	0.06136	
858.716	0.04917	
859.099	0.04759	
859.482	0.05065	
859.866	0.04797	
860.249	0.03846	
860.632	0.04091	
861.015	0.05152	
861.398	0.04159	
861.781	0.0453	
862.164	0.04206	
862.547	0.04947	
862.929	0.04046	
863.312	0.0407	
863.695	0.05452	
864.077	0.05061	
864.46	0.05435	
864.842	0.05077	
865.225	0.04496	
865.607	0.04127	
865.99	0.04607	
866.372	0.06408	
866.754	0.05087	
867.136	0.04563	
867.518	0.05864	
867.9	0.0537	
868.282	0.05035	
868.664	0.05795	
869.046	0.04634	
869.428	0.04489	
869.809	0.04739	
870.191	0.03343	
870.573	0.04197	
870.954	0.0469	
871.336	0.04608	
871.717	0.05077	
872.099	0.04433	
872.48	0.05733	
872.861	0.05355	
873.242	0.05156	
873.623	0.04574	
874.004	0.05413	
874.385	0.05386	
874.766	0.05201	
875.147	0.04804	
875.528	0.03892	
875.909	0.06212	
876.29	0.05318	
876.67	0.04471	
877.051	0.04355	
877.431	0.04677	
877.812	0.04647	
878.192	0.04379	
878.573	0.04803	
878.953	0.05727	
879.333	0.05618	
879.713	0.05603	
880.093	0.05578	
880.473	0.04439	
880.853	0.04857	
881.233	0.05392	
881.613	0.05268	
881.993	0.05814	
882.373	0.04736	
882.753	0.0585	
883.132	0.05767	
883.512	0.06865	
883.891	0.05005	
884.271	0.05327	
884.65	0.05853	
885.029	0.06456	
885.409	0.05449	
885.788	0.06595	
886.167	0.06105	
886.546	0.06412	
886.925	0.04697	
887.304	0.0486	
887.683	0.06595	
888.062	0.05605	
888.441	0.06093	
888.82	0.06097	
889.198	0.06233	
889.577	0.06995	
889.955	0.07228	
890.334	0.06027	
890.712	0.04872	
891.091	0.06564	
891.469	0.06922	
891.847	0.06152	
892.226	0.05326	
892.604	0.05951	
892.982	0.06909	
893.36	0.06311	
893.738	0.06756	
894.116	0.05339	
894.493	0.05146	
894.871	0.04837	
895.249	0.06092	
895.627	0.06682	
896.004	0.06319	
896.382	0.0658	
896.759	0.05508	
897.137	0.0804	
897.514	0.06733	
897.891	0.06878	
898.269	0.07077	
898.646	0.07478	
899.023	0.06858	
899.4	0.07449	
899.777	0.07233	
900.154	0.07069	
900.531	0.05953	
900.908	0.06065	
901.284	0.06356	
901.661	0.06604	
902.038	0.06977	
902.414	0.08678	
902.791	0.08103	
903.167	0.07297	
903.544	0.07469	
903.92	0.07942	
904.296	0.06899	
904.672	0.073	
905.049	0.07277	
905.425	0.08358	
905.801	0.07295	
906.177	0.08106	
906.553	0.07432	
906.929	0.07611	
907.304	0.07179	
907.68	0.06824	
908.056	0.06718	
908.431	0.08991	
908.807	0.0618	
909.182	0.08677	
909.558	0.08514	
909.933	0.09061	
910.309	0.06654	
910.684	0.0874	
911.059	0.09013	
911.434	0.08132	
911.809	0.07178	
912.184	0.079	
912.559	0.06728	
912.934	0.06525	
913.309	0.10708	
913.684	0.0841	
914.058	0.0825	
914.433	0.05896	
914.808	0.08751	
915.182	0.08152	
915.557	0.07509	
915.931	0.07817	
916.305	0.08698	
916.68	0.07006	
917.054	0.09682	
917.428	0.08749	
917.802	0.09597	
918.176	0.08459	
918.55	0.09074	
918.924	0.09777	
919.298	0.09581	
919.672	0.07879	
920.045	0.09091	
920.419	0.08468	
920.793	0.08982	
921.166	0.09204	
921.54	0.09684	
921.913	0.07893	
922.287	0.10094	
922.66	0.07243	
923.033	0.07913	
923.406	0.10131	
923.78	0.11347	
924.153	0.08936	
924.526	0.08572	
924.899	0.08334	
925.271	0.09058	
925.644	0.1011	
926.017	0.07796	
926.39	0.09256	
926.762	0.07759	
927.135	0.11137	
927.508	0.08253	
927.88	0.10792	
928.252	0.09633	
928.625	0.09068	
928.997	0.08756	
929.369	0.0788	
929.741	0.09407	
930.114	0.09605	
930.486	0.10269	
930.858	0.08292	
931.229	0.12447	
931.601	0.08725	
931.973	0.10476	
932.345	0.11114	
932.717	0.10915	
933.088	0.06493	
933.46	0.06159	
933.831	0.08186	
934.203	0.09554	
934.574	0.12306	
934.945	0.1124	
935.317	0.06632	
935.688	0.10202	
936.059	0.11328	
936.43	0.08298	
936.801	0.12075	
937.172	0.08012	
937.543	0.09271	
937.914	0.11188	
938.284	0.12981	
938.655	0.10365	
939.026	0.10213	
939.396	0.0778	
939.767	0.10834	
940.137	0.07296	
940.508	0.07753	
940.878	0.04607	
941.248	0.10393	
941.618	0.10384	
941.989	0.12367	
942.359	0.1078	
942.729	0.07416	
943.099	0.06345	
943.469	0.07875	
943.838	0.12853	
944.208	0.08438	
944.578	0.06228	
944.948	0.12416	
945.317	0.07775	
945.687	0.13394	
946.056	0.12419	
946.426	0.08806	
946.795	0.11848	
947.164	0.11125	
947.533	0.07651	
947.903	0.0825	
948.272	0.09999	
948.641	0.0926	
949.01	0.08408	
949.379	0.1088	
949.748	0.13143	
950.116	0.06256	
950.485	0.08138	
950.854	0.13094	
951.222	0.10803	
951.591	0.08539	
951.959	0.11952	
952.328	0.11733	
952.696	0.13016	
953.065	0.10208	
953.433	0.03124	
953.801	0.08203	
954.169	0.14982	
954.537	0.11991	
954.905	0.15939	
955.273	0.12183	
955.641	0.04649	
956.009	0.16362	
956.377	0.08985	
956.744	0.11459	
957.112	0.15051	
957.479	0.13942	
957.847	0.04454	
958.214	0.09442	
958.582	0.11298	
958.949	0.08437	
959.316	0.19778	
959.684	0.14032	
960.051	0.0603	
960.418	0.09128	
960.785	0.11312	
961.152	0.10413	
961.519	0.07987	
961.885	0.08835	
962.252	0.10086	
962.619	0.05496	
962.986	0.05101	
963.352	0.06716	
963.719	0.07632	
964.085	0.05551	
964.452	0.10025	
964.818	0.02101	
965.184	0.09474	
965.55	0.15955	
965.916	0.05576	
966.283	0.16688	
966.649	0.02854	
967.015	0.18251	
967.38	0.17365	
967.746	0.17066	
968.112	0.25564	
968.478	0.127	
968.843	0.04646	
969.209	0.05724	
969.575	0.11989	
969.94	0.1469	
970.305	0.14784	
970.671	0.15616	
971.036	0.05266	
971.401	0.27097	
971.766	0.10711	
972.132	0.05576	
972.497	0.18482	
972.862	0.0949	
973.227	0.06204	
973.591	0.14676	
973.956	0.07507	
974.321	0.08939	
974.686	0.20102	
975.05	0.10118	
975.415	-0.0262	
975.779	0.11775	
976.144	0.08828	
976.508	0.12901	
976.872	0.25647	
977.236	0.38816	
977.601	0.0759	
977.965	0.07991	
978.329	0.16771	
978.693	0.30793	
979.057	0.13099	
979.421	0.06957	
979.784	0.09989	
980.148	0.02186	
980.512	0.10706	
980.875	0.16679	
981.239	0.20734	
981.602	0.07726	
981.966	0.28104	
982.329	0.15242	
982.692	0.0905	
983.056	-0.02076	
983.419	0.0743	
983.782	0.02388	
984.145	0.08156	
984.508	0.18896	
984.871	0.21827	
985.234	0.10088	
985.597	0.09297	
985.959	0.03597	
986.322	0.34302	
986.685	0.19281	
987.047	0.19332	
987.41	0.32151	
987.772	0.10845	
988.134	-0.04709	
988.497	-0.00981	
988.859	0.42422	
989.221	0.01604	
989.583	-0.0262	
989.945	0.2584	
990.307	0.16755	
990.669	0.07842	
991.031	-0.02176	
991.393	0.21905	
991.755	0.04996	
992.116	0.17408	
992.478	0.19863	
992.839	0.15715	
993.201	-0.15034	
993.562	0.16195	
993.924	0.18584	
994.285	0.09224	
994.646	0.26618	
995.007	0.25637	
995.369	0.22601	
995.73	0.10062	
996.091	0.12758	
996.451	0.04453	
996.812	0.08862	
997.173	0.17113	
997.534	-0.02429	
997.895	0.11596	
998.255	0.07765	
998.616	0.06832	
998.976	0.11977	
999.337	0.13993	
999.697	-0.06302	
1000.057	-0.08324	
1000.418	0.2096	
1000.778	0.16894	
1001.138	-0.14966	
1001.498	-0.05485	
1001.858	0.07247	
1002.218	0.04331	
1002.578	0.1042	
1002.937	0.00378	
1003.297	0.23615	
1003.657	0.03614	
1004.016	-0.0716	
1004.376	0.10659	
1004.735	0.21704	
1005.095	0.03751	
1005.454	0.12089	
1005.813	0.18072	
1006.173	0.00031	
1006.532	0.12803	
1006.891	-0.05235	
1007.25	0.1677	
1007.609	-0.03262	
1007.968	0.12336	
1008.327	0.0777	
1008.686	0.13094	
1009.044	0.03084	
1009.403	0.224	
1009.762	0.07245	
1010.12	-0.04977	
1010.479	0.07452	
1010.837	0.01895	
1011.195	0.02473	
1011.554	0.13356	
1011.912	-0.03666	
1012.27	0.06029	
1012.628	-0.26089	
1012.986	-0.04453	
1013.344	0.112	
1013.702	0.1379	
1014.06	0.10823	
1014.418	0.18915	
1014.775	-0.04574	
1015.133	-0.06052	
1015.491	0.16338	
1015.848	0.29988	
1016.206	0.17872	
1016.563	0.1038	
1016.92	0.0228	
1017.278	-0.07791	
1017.635	-0.0383	
1017.992	0.348	
1018.349	0.04293	
1018.706	-0.06031	
1019.063	-0.02167	
1019.42	0.10946	
1019.777	0.26453	
1020.134	0.15591	
1020.49	-0.03913	
1020.847	0.15085	
1021.203	0.02764	
1021.56	-0.08345	
1021.916	0.04937	
1022.273	-0.00485	
1022.629	0.13399	
1022.985	0.11209	
1023.342	0.00651	
1023.698	0.23949	
1024.054	0.19172	
1024.41	0.00023	
1024.766	0.006	
1025.122	0.32589	
1025.477	0.12365	
1025.833	0.23321	
1026.189	0.05911	
1026.545	0.02245	
1026.9	0.20486	
1027.256	0.10797	
1027.611	-0.01821	
1027.966	0.20933	
1028.322	0.00035	
1028.677	-0.00463	
1029.032	0.06067	
1029.387	0.07908	
1029.742	0.10566	
1030.097	0.21383	
1030.452	0.14957	
1030.807	0.06476	
1031.162	0.15682	
1031.517	0.05484	
1031.871	0.52499	
1032.226	0.20207	
1032.581	0.20207	
1032.935	0.20207	
