Absorbance:264		
187.856	-1.20908	
188.32	-1.20908	
188.785	-1.20908	
189.249	-0.1344	
189.713	0.33772	
190.178	0.15693	
190.642	0.41223	
191.106	0.09881	
191.57	-0.08195	
192.034	-0	
192.498	-0.0929	
192.963	-0.28823	
193.427	0.38934	
193.89	-0.01178	
194.354	-0	
194.818	-0	
195.282	2.02199	
195.746	0.65591	
196.21	-0.25752	
196.673	-0	
197.137	-0	
197.601	0.31742	
198.064	-0	
198.528	0.0584	
198.991	0.16564	
199.454	0.17925	
199.918	0.14649	
200.381	0.08625	
200.844	0.09327	
201.308	0.14261	
201.771	0.16324	
202.234	0.1231	
202.697	0.18961	
203.16	0.05771	
203.623	0.04568	
204.086	0.06757	
204.549	0.13331	
205.012	0.07759	
205.475	0.08969	
205.938	0.1637	
206.4	0.16361	
206.863	0.12058	
207.326	0.06661	
207.788	0.17863	
208.251	0.1794	
208.714	0.11216	
209.176	0.07076	
209.639	0.08528	
210.101	0.14239	
210.563	0.15038	
211.026	0.07386	
211.488	0.13471	
211.95	0.14384	
212.412	0.12957	
212.874	0.08003	
213.337	0.05912	
213.799	0.1073	
214.261	0.05707	
214.723	0.10877	
215.184	0.10371	
215.646	0.08154	
216.108	0.07226	
216.57	0.11095	
217.032	0.06112	
217.493	0.09618	
217.955	0.0878	
218.417	0.08232	
218.878	0.0871	
219.34	0.07955	
219.801	0.06737	
220.263	0.0702	
220.724	0.0627	
221.185	0.0685	
221.647	0.06789	
222.108	0.06048	
222.569	0.06599	
223.03	0.06042	
223.491	0.06546	
223.952	0.06222	
224.413	0.06168	
224.874	0.06416	
225.335	0.06689	
225.796	0.0647	
226.257	0.06124	
226.718	0.05951	
227.179	0.06235	
227.639	0.05858	
228.1	0.06115	
228.561	0.05471	
229.021	0.05573	
229.482	0.05676	
229.942	0.05329	
230.403	0.05887	
230.863	0.05932	
231.323	0.05363	
231.784	0.05585	
232.244	0.05295	
232.704	0.05082	
233.164	0.05287	
233.625	0.04645	
234.085	0.05503	
234.545	0.04555	
235.005	0.04448	
235.465	0.04841	
235.925	0.05179	
236.384	0.05035	
236.844	0.04859	
237.304	0.04223	
237.764	0.04681	
238.223	0.04913	
238.683	0.04644	
239.143	0.04757	
239.602	0.0449	
240.062	0.03762	
240.521	0.03897	
240.98	0.04424	
241.44	0.03342	
241.899	0.04119	
242.358	0.03754	
242.818	0.033	
243.277	0.03699	
243.736	0.03787	
244.195	0.03289	
244.654	0.03315	
245.113	0.02682	
245.572	0.03201	
246.031	0.03249	
246.49	0.02497	
246.949	0.02193	
247.408	0.03154	
247.866	0.03107	
248.325	0.02337	
248.784	0.02555	
249.242	0.02773	
249.701	0.02246	
250.159	0.01427	
250.618	0.01478	
251.076	0.01792	
251.534	0.02077	
251.993	0.02035	
252.451	0.02254	
252.909	0.01962	
253.368	0.02361	
253.826	0.01755	
254.284	0.02306	
254.742	0.01866	
255.2	0.01626	
255.658	0.0134	
256.116	0.01613	
256.574	0.02226	
257.031	0.01729	
257.489	0.01787	
257.947	0.01187	
258.405	0.01566	
258.862	0.01463	
259.32	0.01151	
259.777	0.02112	
260.235	0.01452	
260.692	0.01984	
261.15	0.01668	
261.607	0.01753	
262.065	0.01531	
262.522	0.01983	
262.979	0.01469	
263.436	0.01754	
263.893	0.02088	
264.351	0.01585	
264.808	0.01911	
265.265	0.01573	
265.722	0.01567	
266.178	0.01495	
266.635	0.02029	
267.092	0.0183	
267.549	0.02233	
268.006	0.01765	
268.462	0.01817	
268.919	0.0159	
269.376	0.02078	
269.832	0.02258	
270.289	0.02018	
270.745	0.02267	
271.202	0.01765	
271.658	0.01501	
272.114	0.02226	
272.571	0.01925	
273.027	0.02263	
273.483	0.02167	
273.939	0.02567	
274.395	0.02107	
274.851	0.01895	
275.307	0.02006	
275.763	0.02083	
276.219	0.02169	
276.675	0.02014	
277.131	0.02494	
277.587	0.02029	
278.042	0.01779	
278.498	0.02272	
278.954	0.01984	
279.409	0.02042	
279.865	0.02286	
280.32	0.01912	
280.776	0.02089	
281.231	0.01815	
281.687	0.02451	
282.142	0.02164	
282.597	0.02313	
283.052	0.01909	
283.508	0.02085	
283.963	0.01497	
284.418	0.01875	
284.873	0.01928	
285.328	0.01681	
285.783	0.01774	
286.238	0.01397	
286.693	0.023	
287.147	0.01902	
287.602	0.0188	
288.057	0.01775	
288.512	0.01767	
288.966	0.01829	
289.421	0.01811	
289.875	0.01428	
290.33	0.01766	
290.784	0.01629	
291.239	0.01925	
291.693	0.00964	
292.147	0.019	
292.602	0.01654	
293.056	0.0144	
293.51	0.01574	
293.964	0.01552	
294.418	0.01821	
294.872	0.01271	
295.326	0.01216	
295.78	0.01412	
296.234	0.01244	
296.688	0.01756	
297.142	0.01555	
297.595	0.01173	
298.049	0.00954	
298.503	0.01944	
298.956	0.00867	
299.41	0.01486	
299.863	0.01344	
300.317	0.01472	
300.77	0.01874	
301.224	0.01624	
301.677	0.0125	
302.13	0.01078	
302.584	0.00596	
303.037	0.00771	
303.49	0.01427	
303.943	0.01094	
304.396	0.01207	
304.849	0.01179	
305.302	0.0058	
305.755	0.01071	
306.208	0.01235	
306.661	0.01208	
307.114	0.01387	
307.566	0.01246	
308.019	0.01078	
308.472	0.00746	
308.924	0.00608	
309.377	0.00664	
309.829	0.0122	
310.282	0.00641	
310.734	0.00778	
311.187	0.00965	
311.639	0.00827	
312.091	0.00903	
312.543	0.00816	
312.995	0.00699	
313.448	0.00654	
313.9	0.00576	
314.352	0.01178	
314.804	0.00366	
315.256	0.01072	
315.708	0.00745	
316.159	0.01181	
316.611	0.00989	
317.063	0.00741	
317.515	0.00309	
317.966	0.01189	
318.418	0.00587	
318.87	0.00982	
319.321	0.00757	
319.773	0.01008	
320.224	0.00866	
320.675	0.00257	
321.127	0.01076	
321.578	0.00978	
322.029	0.01241	
322.48	0.0125	
322.932	0.01046	
323.383	0.00903	
323.834	0.00918	
324.285	0.01164	
324.736	0.00734	
325.187	0.01053	
325.638	0.01196	
326.088	0.00828	
326.539	0.00712	
326.99	0.01389	
327.441	0.01079	
327.891	0.01845	
328.342	0.01522	
328.792	0.01579	
329.243	0.01633	
329.693	0.01061	
330.144	0.00903	
330.594	0.00672	
331.044	0.01218	
331.495	0.01752	
331.945	0.01617	
332.395	0.01823	
332.845	0.02157	
333.295	0.02682	
333.745	0.02623	
334.195	0.02827	
334.645	0.02307	
335.095	0.02341	
335.545	0.01993	
335.995	0.01772	
336.444	0.02353	
336.894	0.02332	
337.344	0.02639	
337.793	0.02935	
338.243	0.01983	
338.692	0.01898	
339.142	0.02841	
339.591	0.02181	
340.041	0.0245	
340.49	0.02651	
340.939	0.02556	
341.388	0.03064	
341.838	0.03326	
342.287	0.02954	
342.736	0.03428	
343.185	0.03363	
343.634	0.03451	
344.083	0.03599	
344.532	0.02969	
344.981	0.03946	
345.429	0.03627	
345.878	0.03794	
346.327	0.03733	
346.776	0.04049	
347.224	0.04087	
347.673	0.04076	
348.121	0.04536	
348.57	0.0384	
349.018	0.05326	
349.467	0.05008	
349.915	0.04655	
350.363	0.04571	
350.811	0.04756	
351.26	0.05109	
351.708	0.05095	
352.156	0.05524	
352.604	0.05441	
353.052	0.05693	
353.5	0.05492	
353.948	0.06274	
354.396	0.06145	
354.843	0.07153	
355.291	0.06925	
355.739	0.06775	
356.186	0.07159	
356.634	0.06223	
357.082	0.08369	
357.529	0.07915	
357.977	0.08357	
358.424	0.08121	
358.871	0.08706	
359.319	0.08248	
359.766	0.08828	
360.213	0.09458	
360.661	0.09916	
361.108	0.10657	
361.555	0.10307	
362.002	0.11292	
362.449	0.1083	
362.896	0.12093	
363.343	0.1234	
363.79	0.12392	
364.236	0.12865	
364.683	0.12811	
365.13	0.13619	
365.577	0.13963	
366.023	0.14749	
366.47	0.14467	
366.916	0.15331	
367.363	0.15708	
367.809	0.16804	
368.256	0.16663	
368.702	0.17568	
369.148	0.19166	
369.594	0.19388	
370.041	0.19727	
370.487	0.20316	
370.933	0.20315	
371.379	0.20732	
371.825	0.21061	
372.271	0.22794	
372.717	0.23639	
373.163	0.2417	
373.608	0.24808	
374.054	0.25081	
374.5	0.26408	
374.946	0.26006	
375.391	0.27277	
375.837	0.27746	
376.282	0.28139	
376.728	0.2995	
377.173	0.29718	
377.618	0.31895	
378.064	0.31343	
378.509	0.31557	
378.954	0.32593	
379.4	0.32963	
379.845	0.33369	
380.29	0.34009	
380.735	0.35198	
381.18	0.35866	
381.625	0.36114	
382.07	0.36351	
382.514	0.37291	
382.959	0.37477	
383.404	0.38704	
383.849	0.40096	
384.293	0.39346	
384.738	0.41791	
385.183	0.40742	
385.627	0.42224	
386.072	0.40377	
386.516	0.42521	
386.96	0.41989	
387.405	0.42146	
387.849	0.43173	
388.293	0.44582	
388.737	0.44676	
389.181	0.43518	
389.626	0.44218	
390.07	0.44931	
390.514	0.43938	
390.957	0.44673	
391.401	0.44791	
391.845	0.45093	
392.289	0.45553	
392.733	0.45721	
393.176	0.4442	
393.62	0.46269	
394.064	0.44943	
394.507	0.45412	
394.951	0.44978	
395.394	0.46392	
395.838	0.46412	
396.281	0.45598	
396.724	0.45938	
397.168	0.46238	
397.611	0.45614	
398.054	0.44496	
398.497	0.45071	
398.94	0.44691	
399.383	0.45014	
399.826	0.43654	
400.269	0.43234	
400.712	0.43453	
401.155	0.43647	
401.597	0.42675	
402.04	0.43374	
402.483	0.43874	
402.925	0.41545	
403.368	0.41635	
403.811	0.41515	
404.253	0.40813	
404.696	0.39734	
405.138	0.40558	
405.58	0.39857	
406.023	0.39413	
406.465	0.39191	
406.907	0.38559	
407.349	0.37808	
407.791	0.38115	
408.233	0.366	
408.675	0.36662	
409.117	0.36537	
409.559	0.36657	
410.001	0.34395	
410.443	0.34231	
410.885	0.34659	
411.326	0.33671	
411.768	0.33267	
412.21	0.33168	
412.651	0.3269	
413.093	0.31717	
413.534	0.31225	
413.975	0.29463	
414.417	0.31392	
414.858	0.30004	
415.299	0.29219	
415.741	0.28623	
416.182	0.28469	
416.623	0.27702	
417.064	0.27053	
417.505	0.25673	
417.946	0.25109	
418.387	0.25491	
418.828	0.25274	
419.269	0.24202	
419.709	0.24157	
420.15	0.22238	
420.591	0.21768	
421.031	0.21479	
421.472	0.21666	
421.913	0.19778	
422.353	0.19784	
422.794	0.19482	
423.234	0.18896	
423.674	0.18056	
424.115	0.19041	
424.555	0.18429	
424.995	0.17584	
425.435	0.18089	
425.875	0.16005	
426.315	0.15906	
426.755	0.16541	
427.195	0.15723	
427.635	0.14845	
428.075	0.1398	
428.515	0.14363	
428.955	0.13972	
429.394	0.13316	
429.834	0.11938	
430.274	0.13133	
430.713	0.11993	
431.153	0.11998	
431.592	0.11122	
432.031	0.10647	
432.471	0.11233	
432.91	0.10657	
433.349	0.11013	
433.789	0.11378	
434.228	0.09881	
434.667	0.10158	
435.106	0.10191	
435.545	0.08911	
435.984	0.08559	
436.423	0.07877	
436.862	0.07644	
437.301	0.0747	
437.739	0.08058	
438.178	0.08324	
438.617	0.08866	
439.055	0.0779	
439.494	0.07915	
439.932	0.08096	
440.371	0.07026	
440.809	0.07805	
441.248	0.07539	
441.686	0.06957	
442.124	0.07087	
442.563	0.07884	
443.001	0.05829	
443.439	0.05698	
443.877	0.07006	
444.315	0.06224	
444.753	0.06431	
445.191	0.06437	
445.629	0.05907	
446.067	0.07558	
446.504	0.0504	
446.942	0.06148	
447.38	0.06193	
447.817	0.05967	
448.255	0.05654	
448.693	0.06236	
449.13	0.05391	
449.568	0.05623	
450.005	0.0471	
450.442	0.06191	
450.88	0.05292	
451.317	0.05385	
451.754	0.05109	
452.191	0.054	
452.628	0.05346	
453.065	0.05058	
453.502	0.05008	
453.939	0.04676	
454.376	0.04328	
454.813	0.05303	
455.25	0.04782	
455.686	0.04618	
456.123	0.057	
456.56	0.05007	
456.996	0.04777	
457.433	0.04792	
457.869	0.05089	
458.306	0.04336	
458.742	0.05365	
459.179	0.04675	
459.615	0.03922	
460.051	0.04281	
460.487	0.04969	
460.924	0.04977	
461.36	0.04545	
461.796	0.04894	
462.232	0.03719	
462.668	0.04887	
463.104	0.05308	
463.539	0.04717	
463.975	0.04228	
464.411	0.04702	
464.847	0.04159	
465.282	0.03449	
465.718	0.05077	
466.153	0.03148	
466.589	0.04553	
467.024	0.03963	
467.46	0.04335	
467.895	0.03971	
468.33	0.03318	
468.766	0.03607	
469.201	0.03169	
469.636	0.03719	
470.071	0.04402	
470.506	0.04314	
470.941	0.04885	
471.376	0.04078	
471.811	0.03471	
472.246	0.03621	
472.681	0.03987	
473.115	0.03558	
473.55	0.03342	
473.985	0.03445	
474.419	0.0331	
474.854	0.03022	
475.288	0.03345	
475.723	0.02834	
476.157	0.04041	
476.592	0.03155	
477.026	0.03575	
477.46	0.03556	
477.894	0.03763	
478.329	0.03988	
478.763	0.02648	
479.197	0.03225	
479.631	0.03459	
480.065	0.03359	
480.499	0.02967	
480.932	0.03169	
481.366	0.03073	
481.8	0.03367	
482.234	0.02934	
482.667	0.02584	
483.101	0.02975	
483.535	0.02521	
483.968	0.0267	
484.401	0.03195	
484.835	0.0299	
485.268	0.02699	
485.702	0.03214	
486.135	0.02532	
486.568	0.03422	
487.001	0.02384	
487.434	0.0208	
487.867	0.02873	
488.3	0.02409	
488.733	0.02492	
489.166	0.02451	
489.599	0.03186	
490.032	0.03307	
490.464	0.03803	
490.897	0.02999	
491.33	0.02728	
491.762	0.02014	
492.195	0.02859	
492.627	0.03155	
493.06	0.03032	
493.492	0.02143	
493.925	0.03029	
494.357	0.01341	
494.789	0.02916	
495.221	0.02525	
495.653	0.0237	
496.086	0.02796	
496.518	0.02675	
496.95	0.02462	
497.382	0.02713	
497.813	0.02378	
498.245	0.02691	
498.677	0.03283	
499.109	0.02491	
499.54	0.02908	
499.972	0.02576	
500.404	0.0306	
500.835	0.02593	
501.267	0.0269	
501.698	0.02539	
502.129	0.02899	
502.561	0.02276	
502.992	0.02643	
503.423	0.0192	
503.855	0.02429	
504.286	0.03389	
504.717	0.03073	
505.148	0.02903	
505.579	0.0287	
506.01	0.03823	
506.441	0.02999	
506.871	0.02361	
507.302	0.02368	
507.733	0.0353	
508.163	0.03218	
508.594	0.02721	
509.025	0.02895	
509.455	0.03102	
509.886	0.02745	
510.316	0.03119	
510.746	0.03232	
511.177	0.03412	
511.607	0.03052	
512.037	0.03297	
512.467	0.02883	
512.898	0.03113	
513.328	0.03661	
513.758	0.03389	
514.188	0.025	
514.617	0.03479	
515.047	0.02682	
515.477	0.04281	
515.907	0.04096	
516.337	0.02975	
516.766	0.03221	
517.196	0.03514	
517.625	0.03773	
518.055	0.02857	
518.484	0.03698	
518.914	0.03381	
519.343	0.03342	
519.772	0.03291	
520.202	0.0374	
520.631	0.03326	
521.06	0.0353	
521.489	0.03763	
521.918	0.03699	
522.347	0.02993	
522.776	0.03564	
523.205	0.02806	
523.634	0.03925	
524.063	0.03496	
524.491	0.0344	
524.92	0.03484	
525.349	0.03551	
525.777	0.03567	
526.206	0.03715	
526.634	0.03055	
527.063	0.03197	
527.491	0.03695	
527.919	0.04261	
528.348	0.04113	
528.776	0.03197	
529.204	0.03563	
529.632	0.03856	
530.06	0.0411	
530.488	0.04331	
530.916	0.03838	
531.344	0.0377	
531.772	0.04293	
532.2	0.03647	
532.627	0.03632	
533.055	0.0486	
533.483	0.03795	
533.91	0.03927	
534.338	0.03875	
534.765	0.04067	
535.193	0.03604	
535.62	0.03926	
536.048	0.04116	
536.475	0.04197	
536.902	0.04699	
537.329	0.04139	
537.757	0.03412	
538.184	0.04412	
538.611	0.04131	
539.038	0.04712	
539.465	0.03592	
539.892	0.04326	
540.318	0.04373	
540.745	0.04197	
541.172	0.04535	
541.599	0.03863	
542.025	0.04549	
542.452	0.0423	
542.878	0.04453	
543.305	0.04315	
543.731	0.047	
544.158	0.05037	
544.584	0.03562	
545.01	0.04259	
545.436	0.04308	
545.862	0.04337	
546.289	0.04346	
546.715	0.03697	
547.141	0.0493	
547.567	0.03971	
547.993	0.04164	
548.418	0.04263	
548.844	0.04575	
549.27	0.04348	
549.696	0.038	
550.121	0.04623	
550.547	0.04048	
550.972	0.04106	
551.398	0.04938	
551.823	0.04759	
552.249	0.04412	
552.674	0.03687	
553.099	0.04073	
553.525	0.04109	
553.95	0.03931	
554.375	0.0431	
554.8	0.04883	
555.225	0.05298	
555.65	0.04477	
556.075	0.04573	
556.5	0.0453	
556.925	0.04498	
557.349	0.04632	
557.774	0.04619	
558.199	0.0454	
558.623	0.04484	
559.048	0.04979	
559.472	0.04875	
559.897	0.05103	
560.321	0.05773	
560.746	0.05069	
561.17	0.04603	
561.594	0.04748	
562.018	0.05175	
562.443	0.05156	
562.867	0.04926	
563.291	0.05194	
563.715	0.05101	
564.139	0.05172	
564.562	0.05133	
564.986	0.04303	
565.41	0.05253	
565.834	0.04675	
566.257	0.0524	
566.681	0.05254	
567.105	0.05002	
567.528	0.05644	
567.952	0.05133	
568.375	0.05801	
568.798	0.0494	
569.222	0.05221	
569.645	0.04972	
570.068	0.04809	
570.491	0.05436	
570.914	0.05358	
571.337	0.04782	
571.76	0.04961	
572.183	0.05075	
572.606	0.05373	
573.029	0.05277	
573.452	0.05736	
573.875	0.05191	
574.297	0.04664	
574.72	0.05584	
575.143	0.05175	
575.565	0.05522	
575.988	0.05218	
576.41	0.05693	
576.832	0.05249	
577.255	0.05531	
577.677	0.04793	
578.099	0.05334	
578.521	0.05822	
578.943	0.05713	
579.365	0.05341	
579.787	0.05677	
580.209	0.05837	
580.631	0.0606	
581.053	0.05353	
581.475	0.05309	
581.897	0.05054	
582.318	0.05755	
582.74	0.06286	
583.162	0.05875	
583.583	0.06101	
584.005	0.06963	
584.426	0.06189	
584.847	0.05794	
585.269	0.06261	
585.69	0.06022	
586.111	0.06273	
586.532	0.06326	
586.954	0.06364	
587.375	0.06148	
587.796	0.06622	
588.217	0.0628	
588.637	0.07	
589.058	0.06549	
589.479	0.07085	
589.9	0.07491	
590.32	0.06723	
590.741	0.06688	
591.162	0.07256	
591.582	0.07546	
592.003	0.07411	
592.423	0.07792	
592.844	0.06916	
593.264	0.06078	
593.684	0.07092	
594.104	0.07087	
594.524	0.07654	
594.945	0.07195	
595.365	0.07481	
595.785	0.07957	
596.205	0.0806	
596.625	0.07785	
597.044	0.07871	
597.464	0.07506	
597.884	0.08083	
598.304	0.07345	
598.723	0.08085	
599.143	0.07122	
599.562	0.07533	
599.982	0.07648	
600.401	0.07812	
600.821	0.0811	
601.24	0.08536	
601.659	0.08662	
602.078	0.08431	
602.498	0.08738	
602.917	0.09124	
603.336	0.0879	
603.755	0.08849	
604.174	0.08505	
604.593	0.08313	
605.011	0.08612	
605.43	0.08739	
605.849	0.09276	
606.268	0.08668	
606.686	0.092	
607.105	0.09569	
607.523	0.09676	
607.942	0.09609	
608.36	0.09995	
608.779	0.10271	
609.197	0.1021	
609.615	0.10121	
610.033	0.10566	
610.451	0.10474	
610.87	0.10238	
611.288	0.10482	
611.706	0.1059	
612.124	0.11049	
612.541	0.10124	
612.959	0.10886	
613.377	0.11088	
613.795	0.1091	
614.212	0.10862	
614.63	0.10898	
615.048	0.11	
615.465	0.11266	
615.883	0.11302	
616.3	0.12007	
616.717	0.12021	
617.135	0.12263	
617.552	0.12345	
617.969	0.11859	
618.386	0.11626	
618.803	0.11837	
619.22	0.12854	
619.637	0.12993	
620.054	0.1217	
620.471	0.12519	
620.888	0.1336	
621.305	0.12463	
621.721	0.1216	
622.138	0.12925	
622.555	0.1354	
622.971	0.12626	
623.388	0.13186	
623.804	0.1332	
624.221	0.13507	
624.637	0.13618	
625.053	0.13663	
625.47	0.14003	
625.886	0.13537	
626.302	0.13655	
626.718	0.13834	
627.134	0.13872	
627.55	0.14431	
627.966	0.13977	
628.382	0.14559	
628.797	0.14594	
629.213	0.14798	
629.629	0.14858	
630.045	0.14712	
630.46	0.1505	
630.876	0.16032	
631.291	0.15161	
631.707	0.15412	
632.122	0.15786	
632.537	0.15645	
632.953	0.15925	
633.368	0.15792	
633.783	0.15725	
634.198	0.16047	
634.613	0.16104	
635.028	0.1622	
635.443	0.16365	
635.858	0.16585	
636.273	0.16838	
636.688	0.16127	
637.102	0.16458	
637.517	0.16327	
637.932	0.16876	
638.346	0.16489	
638.761	0.17126	
639.175	0.16983	
639.59	0.1769	
640.004	0.17556	
640.418	0.17362	
640.832	0.17578	
641.247	0.17937	
641.661	0.17153	
642.075	0.1784	
642.489	0.17596	
642.903	0.17425	
643.317	0.1814	
643.731	0.18478	
644.145	0.18437	
644.558	0.18284	
644.972	0.18149	
645.386	0.18494	
645.799	0.18796	
646.213	0.18697	
646.626	0.18399	
647.04	0.18036	
647.453	0.18489	
647.866	0.18615	
648.28	0.19268	
648.693	0.18394	
649.106	0.18503	
649.519	0.18939	
649.932	0.18826	
650.345	0.19392	
650.758	0.19903	
651.171	0.19289	
651.584	0.19571	
651.997	0.19103	
652.41	0.19793	
652.822	0.19492	
653.235	0.1988	
653.647	0.19502	
654.06	0.20025	
654.472	0.19964	
654.885	0.19571	
655.297	0.18943	
655.71	0.19264	
656.122	0.18074	
656.534	0.18777	
656.946	0.19052	
657.358	0.1989	
657.77	0.18882	
658.182	0.19425	
658.594	0.19954	
659.006	0.19854	
659.418	0.19989	
659.83	0.19508	
660.241	0.20172	
660.653	0.19414	
661.065	0.19135	
661.476	0.1958	
661.888	0.19966	
662.299	0.19585	
662.71	0.19554	
663.122	0.19126	
663.533	0.19389	
663.944	0.19807	
664.355	0.19079	
664.767	0.19131	
665.178	0.19406	
665.589	0.19311	
666	0.20014	
666.41	0.1896	
666.821	0.18911	
667.232	0.19432	
667.643	0.19289	
668.053	0.19038	
668.464	0.18463	
668.875	0.18933	
669.285	0.19601	
669.696	0.1893	
670.106	0.19119	
670.516	0.19206	
670.927	0.19265	
671.337	0.19553	
671.747	0.18961	
672.157	0.19775	
672.567	0.19154	
672.977	0.19411	
673.387	0.19031	
673.797	0.18972	
674.207	0.19339	
674.617	0.19925	
675.027	0.19216	
675.436	0.1855	
675.846	0.1952	
676.256	0.18838	
676.665	0.19081	
677.075	0.19372	
677.484	0.18964	
677.893	0.1953	
678.303	0.19515	
678.712	0.19189	
679.121	0.19431	
679.53	0.1935	
679.939	0.19517	
680.348	0.19491	
680.757	0.19634	
681.166	0.19123	
681.575	0.19193	
681.984	0.18978	
682.393	0.19469	
682.802	0.19846	
683.21	0.1965	
683.619	0.19797	
684.027	0.20052	
684.436	0.19729	
684.844	0.19515	
685.253	0.19411	
685.661	0.2003	
686.069	0.19408	
686.477	0.20161	
686.886	0.20068	
687.294	0.19946	
687.702	0.19971	
688.11	0.19695	
688.518	0.20389	
688.926	0.19502	
689.333	0.19668	
689.741	0.19696	
690.149	0.20008	
690.557	0.20122	
690.964	0.20536	
691.372	0.20028	
691.779	0.20339	
692.187	0.20314	
692.594	0.20334	
693.001	0.20579	
693.409	0.20611	
693.816	0.20304	
694.223	0.20249	
694.63	0.20734	
695.037	0.20617	
695.444	0.20625	
695.851	0.19801	
696.258	0.20453	
696.665	0.20994	
697.072	0.2024	
697.479	0.20329	
697.885	0.20379	
698.292	0.21001	
698.698	0.21152	
699.105	0.209	
699.511	0.2135	
699.918	0.20678	
700.324	0.21019	
700.73	0.21389	
701.137	0.21556	
701.543	0.21381	
701.949	0.20862	
702.355	0.21006	
702.761	0.21307	
703.167	0.21154	
703.573	0.21314	
703.979	0.20888	
704.385	0.21352	
704.79	0.21653	
705.196	0.21419	
705.602	0.22272	
706.007	0.22264	
706.413	0.21872	
706.818	0.21687	
707.224	0.21486	
707.629	0.2085	
708.034	0.2079	
708.439	0.21822	
708.845	0.2128	
709.25	0.21765	
709.655	0.21738	
710.06	0.21733	
710.465	0.21792	
710.87	0.21831	
711.275	0.22353	
711.679	0.21925	
712.084	0.22469	
712.489	0.22035	
712.893	0.21175	
713.298	0.22195	
713.702	0.21867	
714.107	0.22256	
714.511	0.21851	
714.916	0.22507	
715.32	0.21915	
715.724	0.22166	
716.128	0.21934	
716.533	0.22331	
716.937	0.22113	
717.341	0.2257	
717.745	0.22274	
718.149	0.22226	
718.552	0.20931	
718.956	0.22656	
719.36	0.22451	
719.764	0.21338	
720.167	0.224	
720.571	0.21912	
720.974	0.23265	
721.378	0.22276	
721.781	0.21963	
722.185	0.21941	
722.588	0.22137	
722.991	0.22581	
723.394	0.2201	
723.797	0.2222	
724.2	0.22353	
724.603	0.22048	
725.006	0.22013	
725.409	0.21109	
725.812	0.21638	
726.215	0.22567	
726.618	0.21459	
727.02	0.22198	
727.423	0.22106	
727.826	0.22298	
728.228	0.2162	
728.631	0.21507	
729.033	0.21904	
729.435	0.21316	
729.838	0.21311	
730.24	0.2218	
730.642	0.21512	
731.044	0.21325	
731.446	0.21698	
731.848	0.21237	
732.25	0.21627	
732.652	0.21209	
733.054	0.21078	
733.456	0.21962	
733.857	0.22061	
734.259	0.21734	
734.661	0.21282	
735.062	0.21239	
735.464	0.20845	
735.865	0.21266	
736.267	0.21224	
736.668	0.21105	
737.069	0.20982	
737.47	0.20588	
737.872	0.21023	
738.273	0.19873	
738.674	0.21533	
739.075	0.21476	
739.476	0.20944	
739.877	0.20488	
740.278	0.2098	
740.678	0.20343	
741.079	0.20277	
741.48	0.20106	
741.88	0.20776	
742.281	0.19806	
742.681	0.20767	
743.082	0.20203	
743.482	0.19846	
743.882	0.19266	
744.283	0.19733	
744.683	0.20352	
745.083	0.19296	
745.483	0.19075	
745.883	0.19311	
746.283	0.20151	
746.683	0.19822	
747.083	0.19564	
747.483	0.19726	
747.883	0.19654	
748.282	0.19218	
748.682	0.18887	
749.082	0.19513	
749.481	0.19511	
749.881	0.19085	
750.28	0.18927	
750.679	0.19331	
751.079	0.19156	
751.478	0.19076	
751.877	0.19007	
752.276	0.18538	
752.675	0.18216	
753.074	0.18558	
753.473	0.1745	
753.872	0.18299	
754.271	0.17988	
754.67	0.18788	
755.069	0.18994	
755.467	0.17518	
755.866	0.18014	
756.265	0.17511	
756.663	0.1856	
757.062	0.168	
757.46	0.17793	
757.858	0.1718	
758.257	0.17481	
758.655	0.17955	
759.053	0.16806	
759.451	0.16539	
759.849	0.16711	
760.247	0.16873	
760.645	0.16585	
761.043	0.17045	
761.441	0.17606	
761.839	0.162	
762.237	0.1707	
762.634	0.16061	
763.032	0.17354	
763.429	0.16921	
763.827	0.16292	
764.224	0.16351	
764.622	0.16145	
765.019	0.16385	
765.416	0.15315	
765.814	0.16091	
766.211	0.162	
766.608	0.16456	
767.005	0.15915	
767.402	0.16088	
767.799	0.15602	
768.196	0.15754	
768.593	0.15443	
768.989	0.14677	
769.386	0.15882	
769.783	0.15021	
770.179	0.15629	
770.576	0.14908	
770.972	0.14952	
771.369	0.1457	
771.765	0.15244	
772.161	0.1508	
772.558	0.15187	
772.954	0.14636	
773.35	0.14661	
773.746	0.14674	
774.142	0.14978	
774.538	0.14783	
774.934	0.14723	
775.33	0.14365	
775.726	0.14339	
776.121	0.14183	
776.517	0.13895	
776.913	0.145	
777.308	0.13833	
777.704	0.13342	
778.099	0.13424	
778.495	0.1405	
778.89	0.13831	
779.285	0.13173	
779.68	0.13372	
780.076	0.13215	
780.471	0.13488	
780.866	0.13132	
781.261	0.13124	
781.656	0.12847	
782.051	0.12289	
782.445	0.12135	
782.84	0.12682	
783.235	0.12499	
783.63	0.1264	
784.024	0.12097	
784.419	0.12279	
784.813	0.12167	
785.208	0.12138	
785.602	0.12303	
785.996	0.12905	
786.391	0.12492	
786.785	0.11829	
787.179	0.12577	
787.573	0.12458	
787.967	0.10947	
788.361	0.11843	
788.755	0.1216	
789.149	0.12183	
789.543	0.11862	
789.936	0.115	
790.33	0.10735	
790.724	0.11403	
791.117	0.11312	
791.511	0.11046	
791.904	0.10612	
792.298	0.11067	
792.691	0.11171	
793.084	0.11103	
793.477	0.10829	
793.871	0.10313	
794.264	0.10019	
794.657	0.09998	
795.05	0.10749	
795.443	0.10335	
795.836	0.1096	
796.228	0.10302	
796.621	0.10774	
797.014	0.10105	
797.406	0.1017	
797.799	0.09391	
798.192	0.1008	
798.584	0.10118	
798.976	0.10212	
799.369	0.09833	
799.761	0.09373	
800.153	0.09332	
800.546	0.09414	
800.938	0.10216	
801.33	0.1001	
801.722	0.09519	
802.114	0.09831	
802.506	0.09224	
802.897	0.09727	
803.289	0.09495	
803.681	0.09528	
804.073	0.09205	
804.464	0.09858	
804.856	0.08714	
805.247	0.09115	
805.639	0.08572	
806.03	0.0894	
806.421	0.08623	
806.813	0.08502	
807.204	0.08304	
807.595	0.08861	
807.986	0.089	
808.377	0.08457	
808.768	0.08597	
809.159	0.08717	
809.55	0.08185	
809.941	0.07418	
810.331	0.08176	
810.722	0.07175	
811.113	0.08281	
811.503	0.07389	
811.894	0.0833	
812.284	0.07403	
812.675	0.0819	
813.065	0.07426	
813.455	0.07897	
813.846	0.0719	
814.236	0.07023	
814.626	0.07473	
815.016	0.08154	
815.406	0.07163	
815.796	0.07278	
816.186	0.07171	
816.575	0.07114	
816.965	0.07447	
817.355	0.07598	
817.745	0.08138	
818.134	0.07457	
818.524	0.07467	
818.913	0.07714	
819.303	0.07822	
819.692	0.08049	
820.081	0.07212	
820.47	0.06991	
820.86	0.06671	
821.249	0.0714	
821.638	0.06869	
822.027	0.06703	
822.416	0.07733	
822.805	0.07527	
823.193	0.06385	
823.582	0.06246	
823.971	0.06405	
824.36	0.07355	
824.748	0.05835	
825.137	0.07232	
825.525	0.06845	
825.914	0.07416	
826.302	0.06506	
826.69	0.06542	
827.079	0.06451	
827.467	0.0639	
827.855	0.06295	
828.243	0.05799	
828.631	0.0628	
829.019	0.0511	
829.407	0.06201	
829.795	0.05706	
830.182	0.05868	
830.57	0.05489	
830.958	0.06161	
831.345	0.05687	
831.733	0.06405	
832.12	0.06652	
832.508	0.06141	
832.895	0.06013	
833.283	0.06044	
833.67	0.05777	
834.057	0.05503	
834.444	0.05857	
834.831	0.05893	
835.218	0.05785	
835.605	0.0509	
835.992	0.05822	
836.379	0.06189	
836.766	0.06087	
837.152	0.0484	
837.539	0.04656	
837.926	0.05735	
838.312	0.04605	
838.699	0.05737	
839.085	0.05282	
839.472	0.04754	
839.858	0.0616	
840.244	0.05189	
840.63	0.0552	
841.017	0.04803	
841.403	0.04907	
841.789	0.06123	
842.175	0.05217	
842.561	0.04847	
842.946	0.05618	
843.332	0.05617	
843.718	0.05596	
844.104	0.05035	
844.489	0.04663	
844.875	0.05535	
845.26	0.04644	
845.646	0.05528	
846.031	0.04686	
846.416	0.05085	
846.802	0.0465	
847.187	0.04954	
847.572	0.04742	
847.957	0.0524	
848.342	0.04169	
848.727	0.05005	
849.112	0.05044	
849.497	0.04858	
849.882	0.04829	
850.266	0.05265	
850.651	0.03486	
851.036	0.03614	
851.42	0.0506	
851.805	0.04549	
852.189	0.05251	
852.574	0.04377	
852.958	0.04729	
853.342	0.04634	
853.726	0.04644	
854.11	0.05396	
854.495	0.04775	
854.879	0.0403	
855.263	0.04469	
855.646	0.04491	
856.03	0.04375	
856.414	0.04944	
856.798	0.04733	
857.181	0.05118	
857.565	0.04677	
857.949	0.04549	
858.332	0.04801	
858.716	0.04137	
859.099	0.04367	
859.482	0.04567	
859.866	0.04975	
860.249	0.03741	
860.632	0.03727	
861.015	0.04228	
861.398	0.03685	
861.781	0.03333	
862.164	0.03327	
862.547	0.04141	
862.929	0.03419	
863.312	0.03444	
863.695	0.03725	
864.077	0.05069	
864.46	0.03879	
864.842	0.04316	
865.225	0.0376	
865.607	0.04207	
865.99	0.03839	
866.372	0.04822	
866.754	0.03758	
867.136	0.03256	
867.518	0.0457	
867.9	0.04815	
868.282	0.04298	
868.664	0.04081	
869.046	0.04958	
869.428	0.03932	
869.809	0.03645	
870.191	0.03244	
870.573	0.02798	
870.954	0.04281	
871.336	0.04071	
871.717	0.04335	
872.099	0.03792	
872.48	0.04284	
872.861	0.03601	
873.242	0.04602	
873.623	0.0408	
874.004	0.0349	
874.385	0.03993	
874.766	0.03392	
875.147	0.03909	
875.528	0.03372	
875.909	0.04457	
876.29	0.02948	
876.67	0.03665	
877.051	0.03229	
877.431	0.02821	
877.812	0.03105	
878.192	0.02478	
878.573	0.03168	
878.953	0.03928	
879.333	0.03714	
879.713	0.02153	
880.093	0.02966	
880.473	0.02088	
880.853	0.02553	
881.233	0.03227	
881.613	0.02409	
881.993	0.04248	
882.373	0.02023	
882.753	0.03284	
883.132	0.02579	
883.512	0.02584	
883.891	0.02023	
884.271	0.02466	
884.65	0.02278	
885.029	0.0216	
885.409	0.01712	
885.788	0.02788	
886.167	0.02406	
886.546	0.01738	
886.925	0.01196	
887.304	0.01354	
887.683	0.01657	
888.062	0.01066	
888.441	0.01168	
888.82	0.01522	
889.198	0.01907	
889.577	0.01956	
889.955	0.01728	
890.334	0.01849	
890.712	0.00752	
891.091	0.0102	
891.469	0.02348	
891.847	0.00915	
892.226	0.00194	
892.604	0.01809	
892.982	0.00082	
893.36	0.00672	
893.738	0.01902	
894.116	0.00403	
894.493	0.0049	
894.871	0.00204	
895.249	0.0106	
895.627	0.00389	
896.004	0.01691	
896.382	0.01213	
896.759	0.00863	
897.137	0.0063	
897.514	0.00203	
897.891	0.01776	
898.269	0.00867	
898.646	0.01209	
899.023	0.00761	
899.4	0.01126	
899.777	0.00604	
900.154	0.00814	
900.531	0.00299	
900.908	-0.00516	
901.284	0.0005	
901.661	-0.00012	
902.038	0.0036	
902.414	0.00957	
902.791	0.01332	
903.167	0.00162	
903.544	-0.00469	
903.92	0.00085	
904.296	-0.0104	
904.672	-0.00132	
905.049	-0.00336	
905.425	0.00061	
905.801	-0.00666	
906.177	-0.01086	
906.553	-0.0086	
906.929	0.00343	
907.304	-0.00167	
907.68	-0.01162	
908.056	-0.00276	
908.431	-0.00034	
908.807	-0.00372	
909.182	0.00507	
909.558	-0.00458	
909.933	-0.01902	
910.309	-0.01545	
910.684	-0.00343	
911.059	0.00137	
911.434	-0.00733	
911.809	-0.00805	
912.184	-0.00204	
912.559	-0.0157	
912.934	-0.00937	
913.309	-0.00437	
913.684	0.00502	
914.058	-0.00894	
914.433	-0.00939	
914.808	0.01207	
915.182	-0.01398	
915.557	-0.0179	
915.931	-0.00337	
916.305	0.0069	
916.68	-0.02652	
917.054	0.00434	
917.428	-0.00594	
917.802	0.01138	
918.176	-0.01774	
918.55	-0.00132	
918.924	-0.00619	
919.298	-0.00409	
919.672	-0.01055	
920.045	-0.01197	
920.419	-0.00911	
920.793	-0.01335	
921.166	-0.00811	
921.54	-0.00935	
921.913	0.00219	
922.287	-0.03432	
922.66	-0.00308	
923.033	-0.01239	
923.406	-0.00158	
923.78	-0.00129	
924.153	-0.01049	
924.526	0.00072	
924.899	-0.02134	
925.271	-0.02275	
925.644	-0.00425	
926.017	-0.01054	
926.39	-0.00839	
926.762	-0.00477	
927.135	-0.00628	
927.508	-0.03589	
927.88	-0.0061	
928.252	-0.00728	
928.625	-0.0202	
928.997	-0.00948	
929.369	-0.00942	
929.741	-0.00248	
930.114	-0.00122	
930.486	-0.01012	
930.858	-0.03125	
931.229	-0.00663	
931.601	-0.0027	
931.973	0.00232	
932.345	-0.00843	
932.717	0.00193	
933.088	-0.01029	
933.46	-0.01138	
933.831	0.00053	
934.203	-0.00097	
934.574	0.01353	
934.945	0.00323	
935.317	0.01835	
935.688	-0.01708	
936.059	0.02565	
936.43	-0.0005	
936.801	0.00217	
937.172	-0.02305	
937.543	0.0102	
937.914	-0.00887	
938.284	0.02471	
938.655	0.00123	
939.026	0.01772	
939.396	-0.00186	
939.767	-0.01369	
940.137	-0.00127	
940.508	-0.01528	
940.878	-0.02788	
941.248	0.0216	
941.618	0.00004	
941.989	0.0134	
942.359	-0.0218	
942.729	-0.00553	
943.099	-0.00304	
943.469	0.00143	
943.838	-0.00599	
944.208	0.01515	
944.578	-0.00667	
944.948	0.00749	
945.317	0.00005	
945.687	-0.02043	
946.056	0.04176	
946.426	0.01297	
946.795	-0.02569	
947.164	0.01117	
947.533	-0.03035	
947.903	0.00006	
948.272	0.00683	
948.641	0.02067	
949.01	0.06094	
949.379	0.019	
949.748	0.04146	
950.116	-0.0296	
950.485	0.05721	
950.854	0.07925	
951.222	-0.02029	
951.591	-0.01005	
951.959	0.06077	
952.328	0.0271	
952.696	0.00007	
953.065	0.00349	
953.433	0.00007	
953.801	0.03025	
954.169	0.0373	
954.537	0.00365	
954.905	0.05691	
955.273	0.04908	
955.641	0.00701	
956.009	0.05322	
956.377	0.00215	
956.744	0.04083	
957.112	0.04461	
957.479	0.09238	
957.847	-0.01292	
958.214	0.04542	
958.582	-0.03039	
958.949	0.03728	
959.316	0.0341	
959.684	0.03883	
960.051	0.01667	
960.418	0.00915	
960.785	0.04051	
961.152	-0.00741	
961.519	-0.03332	
961.885	0.03939	
962.252	0.09689	
962.619	-0.01186	
962.986	-0.01441	
963.352	0.00009	
963.719	0.05236	
964.085	0.05756	
964.452	-0.02214	
964.818	-0.04725	
965.184	-0.02448	
965.55	0.00828	
965.916	-0.00703	
966.283	0.01575	
966.649	-0.01341	
967.015	0.01236	
967.38	0.11719	
967.746	0.03998	
968.112	0.09789	
968.478	0.03313	
968.843	-0.02017	
969.209	-0.00624	
969.575	-0.00381	
969.94	0.03426	
970.305	0.06769	
970.671	0.05595	
971.036	-0.02289	
971.401	0.20152	
971.766	0.06547	
972.132	-0.0491	
972.497	0.02882	
972.862	0.01655	
973.227	0.02442	
973.591	0.05925	
973.956	0.02544	
974.321	0.09494	
974.686	0.10679	
975.05	-0.01252	
975.415	-0.01846	
975.779	0.079	
976.144	0.05845	
976.508	0.1115	
976.872	0.09715	
977.236	-0.02911	
977.601	-0.04188	
977.965	-0.00684	
978.329	0.13787	
978.693	0.31888	
979.057	0.10573	
979.421	0.04517	
979.784	0.00339	
980.148	0.02409	
980.512	0.10454	
980.875	0.04346	
981.239	0.10847	
981.602	-0.00275	
981.966	0.15797	
982.329	0.06637	
982.692	0.01269	
983.056	-0.07813	
983.419	0.08057	
983.782	0.07216	
984.145	0.04316	
984.508	0.04022	
984.871	0.05712	
985.234	-0.03797	
985.597	0.06437	
985.959	-0.08091	
986.322	0.07657	
986.685	0.07396	
987.047	0.05447	
987.41	0.08752	
987.772	0.0373	
988.134	-0.07856	
988.497	0.08177	
988.859	0.12458	
989.221	0.07102	
989.583	0.06236	
989.945	0.27706	
990.307	0.0701	
990.669	0.10932	
991.031	-0.10298	
991.393	0.04202	
991.755	0.04996	
992.116	0.12938	
992.478	0.10988	
992.839	0.01946	
993.201	0.01401	
993.562	0.06634	
993.924	0.15183	
994.285	0.20925	
994.646	0.00416	
995.007	0.19633	
995.369	0.11736	
995.73	0.0748	
996.091	0.1042	
996.451	0.11831	
996.812	0.04619	
997.173	0.05333	
997.534	0.0878	
997.895	0.1033	
998.255	0.19364	
998.616	0.01304	
998.976	0.15566	
999.337	0.12676	
999.697	0.05483	
1000.057	-0.06875	
1000.418	0.0091	
1000.778	0.10088	
1001.138	-0.07231	
1001.498	0.0398	
1001.858	0.03887	
1002.218	0.12355	
1002.578	0.05075	
1002.937	-0.01028	
1003.297	0.03825	
1003.657	0.05246	
1004.016	-0.05975	
1004.376	-0.09834	
1004.735	0.06231	
1005.095	0.14494	
1005.454	0.07901	
1005.813	0.11333	
1006.173	0.23465	
1006.532	0.07712	
1006.891	0.12963	
1007.25	0.17954	
1007.609	0.02764	
1007.968	0.06183	
1008.327	0.12013	
1008.686	-0.05939	
1009.044	0.08109	
1009.403	0.10893	
1009.762	0.11366	
1010.12	0.02545	
1010.479	0.1367	
1010.837	0.10786	
1011.195	-0.10431	
1011.554	-0.01276	
1011.912	-0.08162	
1012.27	0.06029	
1012.628	0.03078	
1012.986	0.11685	
1013.344	0.06978	
1013.702	0.21014	
1014.06	0.0893	
1014.418	0.05309	
1014.775	-0.11052	
1015.133	0.08319	
1015.491	0.19449	
1015.848	0.21639	
1016.206	0.26923	
1016.563	0.1816	
1016.92	0.05071	
1017.278	0.14411	
1017.635	-0.1067	
1017.992	0.15812	
1018.349	-0.05193	
1018.706	-0.02827	
1019.063	0.1307	
1019.42	0.09481	
1019.777	0.0541	
1020.134	0.24337	
1020.49	0.37104	
1020.847	0.03101	
1021.203	0.04833	
1021.56	0.02622	
1021.916	0.08265	
1022.273	0.01624	
1022.629	0.10778	
1022.985	0.25315	
1023.342	0.06598	
1023.698	0.11045	
1024.054	0.22374	
1024.41	-0.03553	
1024.766	0.08708	
1025.122	0.23832	
1025.477	0.23601	
1025.833	0.2053	
1026.189	0.19566	
1026.545	0.1077	
1026.9	0.00022	
1027.256	0.25182	
1027.611	0.05704	
1027.966	0.09025	
1028.322	0.22289	
1028.677	0.23965	
1029.032	0.00782	
1029.387	0.28497	
1029.742	0.03724	
1030.097	0.10786	
1030.452	0.12848	
1030.807	0.11114	
1031.162	0.30518	
1031.517	0.0718	
1031.871	-0.08643	
1032.226	0.06289	
1032.581	0.06289	
1032.935	0.06289	
