FLMS05510_1:101		
187.856	-11.31965	
188.32	-11.31965	
188.785	-11.31965	
189.249	-94.39422	
189.713	-144.79767	
190.178	-96.91339	
190.642	-81.7999	
191.106	-56.61908	
191.57	-59.13669	
192.034	-49.06685	
192.498	-54.10157	
192.963	-6.28844	
193.427	1.25761	
193.89	18.86149	
194.354	-61.65441	
194.818	71.6433	
195.282	-13.83541	
195.746	59.08025	
196.21	114.33893	
196.673	94.25047	
197.137	119.36005	
197.601	136.93083	
198.064	149.47842	
198.528	162.02354	
198.991	182.09061	
199.454	189.61414	
199.918	182.09061	
200.381	219.69948	
200.844	259.79151	
201.308	314.87782	
201.771	249.77082	
202.234	234.73689	
202.697	244.7599	
203.16	359.91417	
203.623	307.36878	
204.086	279.82826	
204.549	282.33242	
205.012	357.41295	
205.475	349.90874	
205.938	347.40715	
206.4	339.9018	
206.863	354.91164	
207.326	337.39983	
207.788	314.87782	
208.251	352.41024	
208.714	324.88855	
209.176	342.40368	
209.639	247.26541	
210.101	367.41725	
210.563	314.87782	
211.026	367.41725	
211.488	329.89335	
211.95	317.38065	
212.412	302.36227	
212.874	367.41725	
213.337	247.26541	
213.799	304.86557	
214.261	362.41529	
214.723	374.91949	
215.184	227.21862	
215.646	277.324	
216.108	322.38601	
216.57	329.89335	
217.032	312.3749	
217.493	257.28648	
217.955	262.29644	
218.417	299.85887	
218.878	244.7599	
219.34	269.81065	
219.801	272.3152	
220.263	384.92116	
220.724	329.89335	
221.185	337.39983	
221.647	299.85887	
222.108	364.91632	
222.569	342.40368	
223.03	339.9018	
223.491	257.28648	
223.952	279.82826	
224.413	262.29644	
224.874	304.86557	
225.335	274.81965	
225.796	232.2309	
226.257	369.91809	
226.718	369.91809	
227.179	282.33242	
227.639	272.3152	
228.1	374.91949	
228.561	324.88855	
229.021	294.85179	
229.482	224.71234	
229.942	334.89776	
230.403	307.36878	
230.863	287.34046	
231.323	272.3152	
231.784	332.3956	
232.244	262.29644	
232.704	312.3749	
233.164	327.391	
233.625	284.83649	
234.085	334.89776	
234.545	354.91164	
235.005	274.81965	
235.465	342.40368	
235.925	357.41295	
236.384	232.2309	
236.844	322.38601	
237.304	317.38065	
237.764	344.90546	
238.223	342.40368	
238.683	359.91417	
239.143	359.91417	
239.602	277.324	
240.062	287.34046	
240.521	264.80127	
240.98	284.83649	
241.44	359.91417	
241.899	282.33242	
242.358	262.29644	
242.818	337.39983	
243.277	352.41024	
243.736	429.91016	
244.195	359.91417	
244.654	294.85179	
245.113	297.35538	
245.572	289.84433	
246.031	304.86557	
246.49	349.90874	
246.949	297.35538	
247.408	337.39983	
247.866	289.84433	
248.325	317.38065	
248.784	299.85887	
249.242	332.3956	
249.701	362.41529	
250.159	349.90874	
250.618	372.41884	
251.076	314.87782	
251.534	349.90874	
251.993	289.84433	
252.451	359.91417	
252.909	339.9018	
253.368	187.1064	
253.826	324.88855	
254.284	349.90874	
254.742	329.89335	
255.2	309.87189	
255.658	377.42005	
256.116	317.38065	
256.574	279.82826	
257.031	329.89335	
257.489	334.89776	
257.947	257.28648	
258.405	377.42005	
258.862	289.84433	
259.32	394.92133	
259.777	302.36227	
260.235	347.40715	
260.692	407.41943	
261.15	369.91809	
261.607	367.41725	
262.065	324.88855	
262.522	332.3956	
262.979	297.35538	
263.436	399.92085	
263.893	262.29644	
264.351	347.40715	
264.808	339.9018	
265.265	312.3749	
265.722	339.9018	
266.178	309.87189	
266.635	327.391	
267.092	319.88338	
267.549	264.80127	
268.006	349.90874	
268.462	339.9018	
268.919	372.41884	
269.376	334.89776	
269.832	442.40176	
270.289	379.92051	
270.745	344.90546	
271.202	234.73689	
271.658	347.40715	
272.114	244.7599	
272.571	394.92133	
273.027	407.41943	
273.483	362.41529	
273.939	337.39983	
274.395	357.41295	
274.851	297.35538	
275.307	377.42005	
275.763	309.87189	
276.219	297.35538	
276.675	432.40867	
277.131	357.41295	
277.587	402.42047	
278.042	339.9018	
278.498	367.41725	
278.954	319.88338	
279.409	322.38601	
279.865	344.90546	
280.32	384.92116	
280.776	367.41725	
281.231	329.89335	
281.687	339.9018	
282.142	347.40715	
282.597	247.26541	
283.052	277.324	
283.508	369.91809	
283.963	344.90546	
284.418	337.39983	
284.873	362.41529	
285.328	297.35538	
285.783	259.79151	
286.238	387.42134	
286.693	392.42142	
287.147	349.90874	
287.602	332.3956	
288.057	354.91164	
288.512	357.41295	
288.966	364.91632	
289.421	324.88855	
289.875	444.89981	
290.33	362.41529	
290.784	392.42142	
291.239	282.33242	
291.693	312.3749	
292.147	317.38065	
292.602	409.91878	
293.056	339.9018	
293.51	379.92051	
293.964	394.92133	
294.418	267.30601	
294.872	304.86557	
295.326	324.88855	
295.78	349.90874	
296.234	332.3956	
296.688	302.36227	
297.142	307.36878	
297.595	342.40368	
298.049	369.91809	
298.503	309.87189	
298.956	299.85887	
299.41	357.41295	
299.863	414.91718	
300.317	339.9018	
300.77	309.87189	
301.224	429.91016	
301.677	327.391	
302.13	272.3152	
302.584	294.85179	
303.037	264.80127	
303.49	369.91809	
303.943	302.36227	
304.396	329.89335	
304.849	322.38601	
305.302	417.41624	
305.755	369.91809	
306.208	309.87189	
306.661	369.91809	
307.114	389.92143	
307.566	327.391	
308.019	354.91164	
308.472	339.9018	
308.924	334.89776	
309.377	359.91417	
309.829	362.41529	
310.282	357.41295	
310.734	359.91417	
311.187	362.41529	
311.639	429.91016	
312.091	324.88855	
312.543	412.41803	
312.995	324.88855	
313.448	384.92116	
313.9	309.87189	
314.352	362.41529	
314.804	364.91632	
315.256	352.41024	
315.708	287.34046	
316.159	294.85179	
316.611	359.91417	
317.063	367.41725	
317.515	379.92051	
317.966	262.29644	
318.418	357.41295	
318.87	374.91949	
319.321	292.34811	
319.773	354.91164	
320.224	324.88855	
320.675	387.42134	
321.127	357.41295	
321.578	349.90874	
322.029	382.42088	
322.48	327.391	
322.932	352.41024	
323.383	347.40715	
323.834	364.91632	
324.285	309.87189	
324.736	407.41943	
325.187	344.90546	
325.638	342.40368	
326.088	317.38065	
326.539	304.86557	
326.99	357.41295	
327.441	412.41803	
327.891	304.86557	
328.342	307.36878	
328.792	332.3956	
329.243	327.391	
329.693	364.91632	
330.144	387.42134	
330.594	302.36227	
331.044	394.92133	
331.495	352.41024	
331.945	372.41884	
332.395	357.41295	
332.845	394.92133	
333.295	412.41803	
333.745	334.89776	
334.195	424.91287	
334.645	277.324	
335.095	327.391	
335.545	344.90546	
335.995	367.41725	
336.444	327.391	
336.894	312.3749	
337.344	362.41529	
337.793	337.39983	
338.243	377.42005	
338.692	367.41725	
339.142	354.91164	
339.591	414.91718	
340.041	312.3749	
340.49	412.41803	
340.939	337.39983	
341.388	302.36227	
341.838	257.28648	
342.287	294.85179	
342.736	369.91809	
343.185	337.39983	
343.634	384.92116	
344.083	387.42134	
344.532	432.40867	
344.981	264.80127	
345.429	397.42113	
345.878	357.41295	
346.327	377.42005	
346.776	419.91521	
347.224	392.42142	
347.673	317.38065	
348.121	362.41529	
348.57	432.40867	
349.018	364.91632	
349.467	364.91632	
349.915	412.41803	
350.363	279.82826	
350.811	374.91949	
351.26	367.41725	
351.708	362.41529	
352.156	344.90546	
352.604	304.86557	
353.052	367.41725	
353.5	397.42113	
353.948	269.81065	
354.396	402.42047	
354.843	357.41295	
355.291	367.41725	
355.739	392.42142	
356.186	324.88855	
356.634	319.88338	
357.082	322.38601	
357.529	317.38065	
357.977	374.91949	
358.424	357.41295	
358.871	414.91718	
359.319	349.90874	
359.766	367.41725	
360.213	362.41529	
360.661	357.41295	
361.108	402.42047	
361.555	344.90546	
362.002	347.40715	
362.449	374.91949	
362.896	372.41884	
363.343	314.87782	
363.79	342.40368	
364.236	472.37219	
364.683	447.39776	
365.13	429.91016	
365.577	377.42005	
366.023	354.91164	
366.47	389.92143	
366.916	347.40715	
367.363	404.92	
367.809	402.42047	
368.256	402.42047	
368.702	354.91164	
369.148	362.41529	
369.594	307.36878	
370.041	389.92143	
370.487	389.92143	
370.933	362.41529	
371.379	389.92143	
371.825	307.36878	
372.271	419.91521	
372.717	419.91521	
373.163	344.90546	
373.608	349.90874	
374.054	357.41295	
374.5	374.91949	
374.946	374.91949	
375.391	322.38601	
375.837	384.92116	
376.282	417.41624	
376.728	417.41624	
377.173	377.42005	
377.618	354.91164	
378.064	342.40368	
378.509	297.35538	
378.954	347.40715	
379.4	342.40368	
379.845	432.40867	
380.29	404.92	
380.735	362.41529	
381.18	357.41295	
381.625	409.91878	
382.07	344.90546	
382.514	437.4054	
382.959	364.91632	
383.404	397.42113	
383.849	399.92085	
384.293	417.41624	
384.738	422.41409	
385.183	302.36227	
385.627	437.4054	
386.072	424.91287	
386.516	412.41803	
386.96	334.89776	
387.405	394.92133	
387.849	382.42088	
388.293	387.42134	
388.737	364.91632	
389.181	387.42134	
389.626	322.38601	
390.07	354.91164	
390.514	437.4054	
390.957	372.41884	
391.401	332.3956	
391.845	399.92085	
392.289	417.41624	
392.733	412.41803	
393.176	354.91164	
393.62	369.91809	
394.064	454.89105	
394.507	422.41409	
394.951	384.92116	
395.394	407.41943	
395.838	359.91417	
396.281	317.38065	
396.724	364.91632	
397.168	307.36878	
397.611	337.39983	
398.054	384.92116	
398.497	397.42113	
398.94	432.40867	
399.383	382.42088	
399.826	367.41725	
400.269	467.37804	
400.712	437.4054	
401.155	359.91417	
401.597	349.90874	
402.04	322.38601	
402.483	427.41157	
402.925	452.39338	
403.368	369.91809	
403.811	449.89562	
404.253	439.90363	
404.696	522.29354	
405.138	454.89105	
405.58	444.89981	
406.023	394.92133	
406.465	444.89981	
406.907	459.88612	
407.349	427.41157	
407.791	417.41624	
408.233	407.41943	
408.675	432.40867	
409.117	409.91878	
409.559	367.41725	
410.001	472.37219	
410.443	522.29354	
410.885	469.87516	
411.326	459.88612	
411.768	462.38352	
412.21	449.89562	
412.651	494.84132	
413.093	424.91287	
413.534	469.87516	
413.975	474.86912	
414.417	424.91287	
414.858	432.40867	
415.299	392.42142	
415.741	459.88612	
416.182	407.41943	
416.623	452.39338	
417.064	534.76818	
417.505	474.86912	
417.946	459.88612	
418.387	452.39338	
418.828	429.91016	
419.269	437.4054	
419.709	487.35243	
420.15	464.88083	
420.591	489.84882	
421.031	484.85595	
421.472	417.41624	
421.913	447.39776	
422.353	452.39338	
422.794	509.81662	
423.234	447.39776	
423.674	417.41624	
424.115	457.38864	
424.555	414.91718	
424.995	429.91016	
425.435	442.40176	
425.875	502.32938	
426.315	437.4054	
426.755	452.39338	
427.195	454.89105	
427.635	464.88083	
428.075	459.88612	
428.515	452.39338	
428.955	439.90363	
429.394	452.39338	
429.834	452.39338	
430.274	489.84882	
430.713	374.91949	
431.153	454.89105	
431.592	499.83345	
432.031	439.90363	
432.471	469.87516	
432.91	497.33743	
433.349	402.42047	
433.789	449.89562	
434.228	424.91287	
434.667	579.65818	
435.106	631.99311	
435.545	808.64781	
435.984	768.87647	
436.423	617.04429	
436.862	589.62977	
437.301	644.44803	
437.739	534.76818	
438.178	509.81662	
438.617	532.27343	
439.055	554.7229	
439.494	487.35243	
439.932	547.24056	
440.371	539.7574	
440.809	529.77859	
441.248	477.36597	
441.686	522.29354	
442.124	542.25188	
442.563	439.90363	
443.001	544.74626	
443.439	487.35243	
443.877	564.69809	
444.315	424.91287	
444.753	514.80766	
445.191	472.37219	
445.629	577.16505	
446.067	492.34511	
446.504	497.33743	
446.942	552.22887	
447.38	484.85595	
447.817	437.4054	
448.255	549.73476	
448.693	507.32097	
449.13	519.79834	
449.568	532.27343	
450.005	472.37219	
450.442	539.7574	
450.88	537.26284	
451.317	524.78865	
451.754	464.88083	
452.191	469.87516	
452.628	469.87516	
453.065	522.29354	
453.502	582.15121	
453.939	567.19166	
454.376	474.86912	
454.813	519.79834	
455.25	584.64415	
455.686	489.84882	
456.123	522.29354	
456.56	532.27343	
456.996	469.87516	
457.433	597.10753	
457.869	564.69809	
458.306	554.7229	
458.742	559.71067	
459.179	524.78865	
459.615	572.17854	
460.051	537.26284	
460.487	542.25188	
460.924	439.90363	
461.36	472.37219	
461.796	529.77859	
462.232	552.22887	
462.668	479.86272	
463.104	574.67184	
463.539	539.7574	
463.975	539.7574	
464.411	604.58448	
464.847	524.78865	
465.282	442.40176	
465.718	514.80766	
466.153	539.7574	
466.589	607.07662	
467.024	612.06063	
467.46	569.68514	
467.895	522.29354	
468.33	569.68514	
468.766	537.26284	
469.201	569.68514	
469.636	489.84882	
470.071	609.56867	
470.506	584.64415	
470.941	512.31219	
471.376	574.67184	
471.811	534.76818	
472.246	514.80766	
472.681	602.09225	
473.115	534.76818	
473.55	447.39776	
473.985	587.13701	
474.419	582.15121	
474.854	554.7229	
475.288	577.16505	
475.723	651.91991	
476.157	592.12245	
476.592	579.65818	
477.026	537.26284	
477.46	631.99311	
477.894	564.69809	
478.329	589.62977	
478.763	594.61503	
479.197	617.04429	
479.631	589.62977	
480.065	622.02758	
480.499	554.7229	
480.932	651.91991	
481.366	597.10753	
481.8	669.35123	
482.234	669.35123	
482.667	676.82047	
483.101	644.44803	
483.535	572.17854	
483.968	739.03351	
484.401	724.10735	
484.835	696.73458	
485.268	766.39004	
485.702	748.98255	
486.135	739.03351	
486.568	691.75658	
487.001	736.54603	
487.434	781.30738	
487.867	679.31004	
488.3	719.13127	
488.733	773.84909	
489.166	736.54603	
489.599	729.08308	
490.032	674.33081	
490.464	734.05847	
490.897	771.36283	
491.33	781.30738	
491.762	714.15484	
492.195	756.44342	
492.627	681.79952	
493.06	724.10735	
493.492	748.98255	
493.925	696.73458	
494.357	681.79952	
494.789	729.08308	
495.221	731.57082	
495.653	818.58721	
496.086	592.12245	
496.518	639.46633	
496.95	664.37129	
497.382	674.33081	
497.813	689.26745	
498.245	679.31004	
498.677	709.17806	
499.109	756.44342	
499.54	716.6431	
499.972	684.28892	
500.404	674.33081	
500.835	729.08308	
501.267	607.07662	
501.698	661.88119	
502.129	617.04429	
502.561	716.6431	
502.992	649.42937	
503.423	582.15121	
503.855	659.39101	
504.286	696.73458	
504.717	631.99311	
505.148	644.44803	
505.579	594.61503	
506.01	704.20093	
506.441	741.5209	
506.871	669.35123	
507.302	696.73458	
507.733	651.91991	
508.163	691.75658	
508.594	659.39101	
509.025	569.68514	
509.455	741.5209	
509.886	704.20093	
510.316	699.22345	
510.746	783.7933	
511.177	768.87647	
511.607	768.87647	
512.037	696.73458	
512.467	734.05847	
512.898	641.95722	
513.328	669.35123	
513.758	719.13127	
514.188	716.6431	
514.617	651.91991	
515.047	634.48427	
515.477	689.26745	
515.907	709.17806	
516.337	691.75658	
516.766	684.28892	
517.196	627.01053	
517.625	674.33081	
518.055	659.39101	
518.484	664.37129	
518.914	666.8613	
519.343	622.02758	
519.772	597.10753	
520.202	679.31004	
520.631	641.95722	
521.06	666.8613	
521.489	724.10735	
521.918	641.95722	
522.347	704.20093	
522.776	669.35123	
523.205	582.15121	
523.634	602.09225	
524.063	724.10735	
524.491	622.02758	
524.92	689.26745	
525.349	654.41037	
525.777	699.22345	
526.206	681.79952	
526.634	729.08308	
527.063	709.17806	
527.491	661.88119	
527.919	624.5191	
528.348	634.48427	
528.776	664.37129	
529.204	704.20093	
529.632	659.39101	
530.06	696.73458	
530.488	746.49542	
530.916	691.75658	
531.344	656.90073	
531.772	654.41037	
532.2	651.91991	
532.627	706.68954	
533.055	649.42937	
533.483	651.91991	
533.91	676.82047	
534.338	704.20093	
534.765	696.73458	
535.193	674.33081	
535.62	664.37129	
536.048	741.5209	
536.475	746.49542	
536.902	646.93875	
537.329	711.66649	
537.757	791.25055	
538.184	739.03351	
538.611	756.44342	
539.038	801.19235	
539.465	773.84909	
539.892	843.42977	
540.318	883.16024	
540.745	925.35027	
541.172	1130.9947	
541.599	1044.34567	
542.025	1212.60262	
542.452	1088.92037	
542.878	1123.5715	
543.305	1113.67278	
543.731	1138.41718	
544.158	1059.20682	
544.584	1111.1979	
545.01	1202.71534	
545.436	1227.43118	
545.862	1279.30896	
546.289	1397.75875	
546.715	1321.28017	
547.141	1177.99162	
547.567	1096.34694	
547.993	1019.57057	
548.418	1044.34567	
548.844	950.15667	
549.27	982.39258	
549.696	898.0536	
550.121	813.61768	
550.547	865.78082	
550.972	773.84909	
551.398	816.10249	
551.823	798.70703	
552.249	756.44342	
552.674	706.68954	
553.099	786.27914	
553.525	651.91991	
553.95	654.41037	
554.375	791.25055	
554.8	706.68954	
555.225	696.73458	
555.65	674.33081	
556.075	681.79952	
556.5	689.26745	
556.925	731.57082	
557.349	612.06063	
557.774	622.02758	
558.199	684.28892	
558.623	589.62977	
559.048	609.56867	
559.472	649.42937	
559.897	674.33081	
560.321	592.12245	
560.746	624.5191	
561.17	659.39101	
561.594	674.33081	
562.018	577.16505	
562.443	599.59994	
562.867	631.99311	
563.291	604.58448	
563.715	631.99311	
564.139	661.88119	
564.562	694.24562	
564.986	629.50186	
565.41	651.91991	
565.834	649.42937	
566.257	739.03351	
566.681	607.07662	
567.105	614.5525	
567.528	659.39101	
567.952	694.24562	
568.375	694.24562	
568.798	641.95722	
569.222	612.06063	
569.645	584.64415	
570.068	681.79952	
570.491	592.12245	
570.914	629.50186	
571.337	624.5191	
571.76	636.97534	
572.183	659.39101	
572.606	704.20093	
573.029	684.28892	
573.452	666.8613	
573.875	567.19166	
574.297	644.44803	
574.72	666.8613	
575.143	651.91991	
575.565	696.73458	
575.988	582.15121	
576.41	751.46959	
576.832	696.73458	
577.255	644.44803	
577.677	656.90073	
578.099	644.44803	
578.521	599.59994	
578.943	666.8613	
579.365	656.90073	
579.787	627.01053	
580.209	731.57082	
580.631	679.31004	
581.053	681.79952	
581.475	676.82047	
581.897	706.68954	
582.318	734.05847	
582.74	659.39101	
583.162	684.28892	
583.583	716.6431	
584.005	786.27914	
584.426	691.75658	
584.847	763.90351	
585.269	631.99311	
585.69	646.93875	
586.111	627.01053	
586.532	699.22345	
586.954	731.57082	
587.375	694.24562	
587.796	721.61935	
588.217	696.73458	
588.637	674.33081	
589.058	639.46633	
589.479	622.02758	
589.9	659.39101	
590.32	562.20443	
590.741	661.88119	
591.162	689.26745	
591.582	659.39101	
592.003	699.22345	
592.423	694.24562	
592.844	674.33081	
593.264	699.22345	
593.684	669.35123	
594.104	624.5191	
594.524	651.91991	
594.945	651.91991	
595.365	664.37129	
595.785	624.5191	
596.205	622.02758	
596.625	664.37129	
597.044	614.5525	
597.464	641.95722	
597.884	666.8613	
598.304	594.61503	
598.723	622.02758	
599.143	582.15121	
599.562	744.0082	
599.982	627.01053	
600.401	587.13701	
600.821	654.41037	
601.24	584.64415	
601.659	641.95722	
602.078	542.25188	
602.498	617.04429	
602.917	572.17854	
603.336	577.16505	
603.755	574.67184	
604.174	704.20093	
604.593	547.24056	
605.011	639.46633	
605.43	617.04429	
605.849	656.90073	
606.268	646.93875	
606.686	676.82047	
607.105	624.5191	
607.523	656.90073	
607.942	656.90073	
608.36	671.84106	
608.779	676.82047	
609.197	701.71223	
609.615	701.71223	
610.033	865.78082	
610.451	982.39258	
610.87	1434.73828	
611.288	1511.10908	
611.706	1466.7735	
612.124	1390.3608	
612.541	1207.65914	
612.959	1229.90233	
613.377	1036.914	
613.795	955.11695	
614.212	950.15667	
614.63	942.71562	
615.048	756.44342	
615.465	858.33123	
615.883	776.33527	
616.3	724.10735	
616.717	617.04429	
617.135	696.73458	
617.552	649.42937	
617.969	676.82047	
618.386	572.17854	
618.803	597.10753	
619.22	666.8613	
619.637	649.42937	
620.054	676.82047	
620.471	579.65818	
620.888	617.04429	
621.305	651.91991	
621.721	614.5525	
622.138	587.13701	
622.555	609.56867	
622.971	542.25188	
623.388	629.50186	
623.804	631.99311	
624.221	627.01053	
624.637	494.84132	
625.053	604.58448	
625.47	514.80766	
625.886	509.81662	
626.302	517.30304	
626.718	542.25188	
627.134	557.21683	
627.55	572.17854	
627.966	569.68514	
628.382	587.13701	
628.797	584.64415	
629.213	507.32097	
629.629	549.73476	
630.045	549.73476	
630.46	622.02758	
630.876	572.17854	
631.291	646.93875	
631.707	644.44803	
632.122	569.68514	
632.537	499.83345	
632.953	574.67184	
633.368	552.22887	
633.783	552.22887	
634.198	539.7574	
634.613	514.80766	
635.028	562.20443	
635.443	524.78865	
635.858	559.71067	
636.273	549.73476	
636.688	522.29354	
637.102	544.74626	
637.517	507.32097	
637.932	559.71067	
638.346	519.79834	
638.761	489.84882	
639.175	462.38352	
639.59	512.31219	
640.004	454.89105	
640.418	559.71067	
640.832	489.84882	
641.247	464.88083	
641.661	519.79834	
642.075	377.42005	
642.489	524.78865	
642.903	404.92	
643.317	502.32938	
643.731	549.73476	
644.145	497.33743	
644.558	462.38352	
644.972	542.25188	
645.386	544.74626	
645.799	439.90363	
646.213	532.27343	
646.626	499.83345	
647.04	474.86912	
647.453	432.40867	
647.866	539.7574	
648.28	484.85595	
648.693	544.74626	
649.106	472.37219	
649.519	484.85595	
649.932	534.76818	
650.345	557.21683	
650.758	497.33743	
651.171	549.73476	
651.584	477.36597	
651.997	522.29354	
652.41	562.20443	
652.822	502.32938	
653.235	464.88083	
653.647	437.4054	
654.06	534.76818	
654.472	524.78865	
654.885	544.74626	
655.297	527.28367	
655.71	452.39338	
656.122	432.40867	
656.534	447.39776	
656.946	477.36597	
657.358	447.39776	
657.77	469.87516	
658.182	454.89105	
658.594	487.35243	
659.006	487.35243	
659.418	502.32938	
659.83	464.88083	
660.241	552.22887	
660.653	427.41157	
661.065	562.20443	
661.476	494.84132	
661.888	402.42047	
662.299	439.90363	
662.71	482.35938	
663.122	519.79834	
663.533	517.30304	
663.944	534.76818	
664.355	464.88083	
664.767	409.91878	
665.178	479.86272	
665.589	427.41157	
666	452.39338	
666.41	442.40176	
666.821	519.79834	
667.232	414.91718	
667.643	507.32097	
668.053	449.89562	
668.464	489.84882	
668.875	494.84132	
669.285	502.32938	
669.696	502.32938	
670.106	439.90363	
670.516	409.91878	
670.927	552.22887	
671.337	404.92	
671.747	429.91016	
672.157	504.82522	
672.567	559.71067	
672.977	479.86272	
673.387	432.40867	
673.797	489.84882	
674.207	482.35938	
674.617	444.89981	
675.027	514.80766	
675.436	494.84132	
675.846	399.92085	
676.256	469.87516	
676.665	472.37219	
677.075	427.41157	
677.484	492.34511	
677.893	474.86912	
678.303	454.89105	
678.712	474.86912	
679.121	392.42142	
679.53	474.86912	
679.939	447.39776	
680.348	452.39338	
680.757	457.38864	
681.166	489.84882	
681.575	472.37219	
681.984	477.36597	
682.393	489.84882	
682.802	447.39776	
683.21	394.92133	
683.619	399.92085	
684.027	482.35938	
684.436	449.89562	
684.844	462.38352	
685.253	492.34511	
685.661	439.90363	
686.069	479.86272	
686.477	484.85595	
686.886	439.90363	
687.294	464.88083	
687.702	419.91521	
688.11	459.88612	
688.518	567.19166	
688.926	464.88083	
689.333	437.4054	
689.741	444.89981	
690.149	449.89562	
690.557	397.42113	
690.964	457.38864	
691.372	417.41624	
691.779	452.39338	
692.187	374.91949	
692.594	427.41157	
693.001	542.25188	
693.409	392.42142	
693.816	384.92116	
694.223	457.38864	
694.63	377.42005	
695.037	434.90708	
695.444	419.91521	
695.851	467.37804	
696.258	522.29354	
696.665	422.41409	
697.072	437.4054	
697.479	454.89105	
697.885	472.37219	
698.292	369.91809	
698.698	444.89981	
699.105	482.35938	
699.511	407.41943	
699.918	444.89981	
700.324	369.91809	
700.73	432.40867	
701.137	384.92116	
701.543	387.42134	
701.949	407.41943	
702.355	419.91521	
702.761	424.91287	
703.167	432.40867	
703.573	452.39338	
703.979	417.41624	
704.385	469.87516	
704.79	457.38864	
705.196	409.91878	
705.602	424.91287	
706.007	547.24056	
706.413	439.90363	
706.818	407.41943	
707.224	489.84882	
707.629	537.26284	
708.034	427.41157	
708.439	509.81662	
708.845	427.41157	
709.25	454.89105	
709.655	422.41409	
710.06	457.38864	
710.465	529.77859	
710.87	502.32938	
711.275	442.40176	
711.679	424.91287	
712.084	442.40176	
712.489	374.91949	
712.893	514.80766	
713.298	404.92	
713.702	492.34511	
714.107	479.86272	
714.511	402.42047	
714.916	477.36597	
715.32	467.37804	
715.724	474.86912	
716.128	389.92143	
716.533	449.89562	
716.937	377.42005	
717.341	397.42113	
717.745	457.38864	
718.149	404.92	
718.552	334.89776	
718.956	417.41624	
719.36	392.42142	
719.764	387.42134	
720.167	422.41409	
720.571	442.40176	
720.974	427.41157	
721.378	459.88612	
721.781	397.42113	
722.185	439.90363	
722.588	399.92085	
722.991	362.41529	
723.394	399.92085	
723.797	432.40867	
724.2	359.91417	
724.603	459.88612	
725.006	429.91016	
725.409	459.88612	
725.812	434.90708	
726.215	389.92143	
726.618	439.90363	
727.02	424.91287	
727.423	454.89105	
727.826	397.42113	
728.228	369.91809	
728.631	394.92133	
729.033	332.3956	
729.435	447.39776	
729.838	407.41943	
730.24	404.92	
730.642	432.40867	
731.044	329.89335	
731.446	387.42134	
731.848	402.42047	
732.25	397.42113	
732.652	394.92133	
733.054	394.92133	
733.456	357.41295	
733.857	444.89981	
734.259	337.39983	
734.661	432.40867	
735.062	357.41295	
735.464	317.38065	
735.865	387.42134	
736.267	432.40867	
736.668	429.91016	
737.069	392.42142	
737.47	417.41624	
737.872	402.42047	
738.273	419.91521	
738.674	344.90546	
739.075	419.91521	
739.476	472.37219	
739.877	409.91878	
740.278	334.89776	
740.678	357.41295	
741.079	459.88612	
741.48	414.91718	
741.88	399.92085	
742.281	447.39776	
742.681	417.41624	
743.082	404.92	
743.482	392.42142	
743.882	394.92133	
744.283	377.42005	
744.683	472.37219	
745.083	382.42088	
745.483	419.91521	
745.883	362.41529	
746.283	352.41024	
746.683	404.92	
747.083	374.91949	
747.483	434.90708	
747.883	404.92	
748.282	344.90546	
748.682	322.38601	
749.082	352.41024	
749.481	422.41409	
749.881	477.36597	
750.28	367.41725	
750.679	449.89562	
751.079	469.87516	
751.478	414.91718	
751.877	452.39338	
752.276	452.39338	
752.675	424.91287	
753.074	374.91949	
753.473	397.42113	
753.872	439.90363	
754.271	389.92143	
754.67	377.42005	
755.069	367.41725	
755.467	332.3956	
755.866	379.92051	
756.265	349.90874	
756.663	437.4054	
757.062	407.41943	
757.46	359.91417	
757.858	369.91809	
758.257	399.92085	
758.655	452.39338	
759.053	332.3956	
759.451	364.91632	
759.849	389.92143	
760.247	384.92116	
760.645	344.90546	
761.043	394.92133	
761.441	317.38065	
761.839	369.91809	
762.237	362.41529	
762.634	402.42047	
763.032	392.42142	
763.429	357.41295	
763.827	359.91417	
764.224	364.91632	
764.622	279.82826	
765.019	319.88338	
765.416	362.41529	
765.814	449.89562	
766.211	407.41943	
766.608	399.92085	
767.005	379.92051	
767.402	294.85179	
767.799	384.92116	
768.196	342.40368	
768.593	484.85595	
768.989	389.92143	
769.386	357.41295	
769.783	412.41803	
770.179	374.91949	
770.576	412.41803	
770.972	429.91016	
771.369	352.41024	
771.765	414.91718	
772.161	442.40176	
772.558	384.92116	
772.954	419.91521	
773.35	439.90363	
773.746	397.42113	
774.142	389.92143	
774.538	487.35243	
774.934	379.92051	
775.33	364.91632	
775.726	357.41295	
776.121	354.91164	
776.517	352.41024	
776.913	404.92	
777.308	327.391	
777.704	322.38601	
778.099	382.42088	
778.495	419.91521	
778.89	372.41884	
779.285	422.41409	
779.68	304.86557	
780.076	379.92051	
780.471	369.91809	
780.866	344.90546	
781.261	379.92051	
781.656	372.41884	
782.051	314.87782	
782.445	354.91164	
782.84	427.41157	
783.235	289.84433	
783.63	359.91417	
784.024	372.41884	
784.419	417.41624	
784.813	352.41024	
785.208	419.91521	
785.602	314.87782	
785.996	364.91632	
786.391	347.40715	
786.785	409.91878	
787.179	429.91016	
787.573	357.41295	
787.967	407.41943	
788.361	382.42088	
788.755	334.89776	
789.149	364.91632	
789.543	277.324	
789.936	307.36878	
790.33	294.85179	
790.724	317.38065	
791.117	322.38601	
791.511	402.42047	
791.904	412.41803	
792.298	382.42088	
792.691	312.3749	
793.084	389.92143	
793.477	414.91718	
793.871	424.91287	
794.264	444.89981	
794.657	389.92143	
795.05	359.91417	
795.443	352.41024	
795.836	332.3956	
796.228	367.41725	
796.621	329.89335	
797.014	404.92	
797.406	364.91632	
797.799	334.89776	
798.192	452.39338	
798.584	444.89981	
798.976	397.42113	
799.369	447.39776	
799.761	352.41024	
800.153	329.89335	
800.546	392.42142	
800.938	427.41157	
801.33	437.4054	
801.722	354.91164	
802.114	349.90874	
802.506	469.87516	
802.897	402.42047	
803.289	382.42088	
803.681	372.41884	
804.073	349.90874	
804.464	454.89105	
804.856	319.88338	
805.247	304.86557	
805.639	439.90363	
806.03	404.92	
806.421	322.38601	
806.813	319.88338	
807.204	367.41725	
807.595	334.89776	
807.986	392.42142	
808.377	399.92085	
808.768	389.92143	
809.159	462.38352	
809.55	352.41024	
809.941	379.92051	
810.331	349.90874	
810.722	359.91417	
811.113	429.91016	
811.503	389.92143	
811.894	374.91949	
812.284	334.89776	
812.675	314.87782	
813.065	339.9018	
813.455	384.92116	
813.846	382.42088	
814.236	372.41884	
814.626	402.42047	
815.016	389.92143	
815.406	377.42005	
815.796	284.83649	
816.186	379.92051	
816.575	344.90546	
816.965	379.92051	
817.355	322.38601	
817.745	387.42134	
818.134	404.92	
818.524	387.42134	
818.913	424.91287	
819.303	414.91718	
819.692	357.41295	
820.081	347.40715	
820.47	342.40368	
820.86	402.42047	
821.249	352.41024	
821.638	412.41803	
822.027	447.39776	
822.416	419.91521	
822.805	394.92133	
823.193	369.91809	
823.582	364.91632	
823.971	352.41024	
824.36	359.91417	
824.748	387.42134	
825.137	344.90546	
825.525	382.42088	
825.914	374.91949	
826.302	254.78136	
826.69	392.42142	
827.079	352.41024	
827.467	394.92133	
827.855	327.391	
828.243	407.41943	
828.631	334.89776	
829.019	419.91521	
829.407	332.3956	
829.795	352.41024	
830.182	297.35538	
830.57	342.40368	
830.958	374.91949	
831.345	409.91878	
831.733	329.89335	
832.12	352.41024	
832.508	439.90363	
832.895	357.41295	
833.283	394.92133	
833.67	399.92085	
834.057	404.92	
834.444	334.89776	
834.831	357.41295	
835.218	397.42113	
835.605	429.91016	
835.992	277.324	
836.379	312.3749	
836.766	422.41409	
837.152	347.40715	
837.539	369.91809	
837.926	322.38601	
838.312	369.91809	
838.699	389.92143	
839.085	317.38065	
839.472	339.9018	
839.858	369.91809	
840.244	344.90546	
840.63	449.89562	
841.017	357.41295	
841.403	329.89335	
841.789	299.85887	
842.175	367.41725	
842.561	324.88855	
842.946	367.41725	
843.332	389.92143	
843.718	304.86557	
844.104	362.41529	
844.489	357.41295	
844.875	432.40867	
845.26	364.91632	
845.646	367.41725	
846.031	334.89776	
846.416	457.38864	
846.802	319.88338	
847.187	397.42113	
847.572	392.42142	
847.957	327.391	
848.342	377.42005	
848.727	414.91718	
849.112	347.40715	
849.497	359.91417	
849.882	312.3749	
850.266	377.42005	
850.651	317.38065	
851.036	352.41024	
851.42	349.90874	
851.805	379.92051	
852.189	387.42134	
852.574	392.42142	
852.958	409.91878	
853.342	379.92051	
853.726	349.90874	
854.11	387.42134	
854.495	359.91417	
854.879	344.90546	
855.263	369.91809	
855.646	354.91164	
856.03	442.40176	
856.414	309.87189	
856.798	377.42005	
857.181	389.92143	
857.565	367.41725	
857.949	339.9018	
858.332	319.88338	
858.716	347.40715	
859.099	329.89335	
859.482	347.40715	
859.866	349.90874	
860.249	429.91016	
860.632	332.3956	
861.015	364.91632	
861.398	317.38065	
861.781	309.87189	
862.164	354.91164	
862.547	339.9018	
862.929	407.41943	
863.312	292.34811	
863.695	289.84433	
864.077	332.3956	
864.46	369.91809	
864.842	337.39983	
865.225	324.88855	
865.607	294.85179	
865.99	429.91016	
866.372	329.89335	
866.754	357.41295	
867.136	397.42113	
867.518	367.41725	
867.9	319.88338	
868.282	389.92143	
868.664	277.324	
869.046	402.42047	
869.428	382.42088	
869.809	419.91521	
870.191	304.86557	
870.573	337.39983	
870.954	329.89335	
871.336	339.9018	
871.717	379.92051	
872.099	317.38065	
872.48	362.41529	
872.861	314.87782	
873.242	349.90874	
873.623	419.91521	
874.004	372.41884	
874.385	399.92085	
874.766	342.40368	
875.147	294.85179	
875.528	329.89335	
875.909	409.91878	
876.29	369.91809	
876.67	379.92051	
877.051	407.41943	
877.431	354.91164	
877.812	364.91632	
878.192	379.92051	
878.573	319.88338	
878.953	322.38601	
879.333	377.42005	
879.713	292.34811	
880.093	339.9018	
880.473	379.92051	
880.853	314.87782	
881.233	382.42088	
881.613	359.91417	
881.993	384.92116	
882.373	339.9018	
882.753	427.41157	
883.132	334.89776	
883.512	339.9018	
883.891	277.324	
884.271	374.91949	
884.65	402.42047	
885.029	347.40715	
885.409	349.90874	
885.788	352.41024	
886.167	322.38601	
886.546	369.91809	
886.925	352.41024	
887.304	309.87189	
887.683	439.90363	
888.062	354.91164	
888.441	454.89105	
888.82	389.92143	
889.198	349.90874	
889.577	304.86557	
889.955	437.4054	
890.334	357.41295	
890.712	344.90546	
891.091	359.91417	
891.469	377.42005	
891.847	357.41295	
892.226	387.42134	
892.604	417.41624	
892.982	314.87782	
893.36	357.41295	
893.738	322.38601	
894.116	447.39776	
894.493	322.38601	
894.871	437.4054	
895.249	377.42005	
895.627	394.92133	
896.004	347.40715	
896.382	339.9018	
896.759	372.41884	
897.137	397.42113	
897.514	392.42142	
897.891	327.391	
898.269	399.92085	
898.646	299.85887	
899.023	387.42134	
899.4	379.92051	
899.777	347.40715	
900.154	274.81965	
900.531	359.91417	
900.908	377.42005	
901.284	334.89776	
901.661	417.41624	
902.038	362.41529	
902.414	384.92116	
902.791	322.38601	
903.167	352.41024	
903.544	377.42005	
903.92	299.85887	
904.296	377.42005	
904.672	339.9018	
905.049	439.90363	
905.425	327.391	
905.801	384.92116	
906.177	332.3956	
906.553	369.91809	
906.929	294.85179	
907.304	277.324	
907.68	377.42005	
908.056	389.92143	
908.431	384.92116	
908.807	307.36878	
909.182	317.38065	
909.558	327.391	
909.933	349.90874	
910.309	362.41529	
910.684	347.40715	
911.059	332.3956	
911.434	407.41943	
911.809	314.87782	
912.184	354.91164	
912.559	342.40368	
912.934	389.92143	
913.309	377.42005	
913.684	347.40715	
914.058	302.36227	
914.433	334.89776	
914.808	349.90874	
915.182	387.42134	
915.557	362.41529	
915.931	429.91016	
916.305	392.42142	
916.68	314.87782	
917.054	347.40715	
917.428	339.9018	
917.802	374.91949	
918.176	339.9018	
918.55	362.41529	
918.924	387.42134	
919.298	374.91949	
919.672	352.41024	
920.045	334.89776	
920.419	319.88338	
920.793	352.41024	
921.166	372.41884	
921.54	454.89105	
921.913	352.41024	
922.287	354.91164	
922.66	384.92116	
923.033	359.91417	
923.406	422.41409	
923.78	359.91417	
924.153	427.41157	
924.526	432.40867	
924.899	339.9018	
925.271	319.88338	
925.644	334.89776	
926.017	387.42134	
926.39	329.89335	
926.762	454.89105	
927.135	384.92116	
927.508	392.42142	
927.88	357.41295	
928.252	384.92116	
928.625	352.41024	
928.997	397.42113	
929.369	429.91016	
929.741	402.42047	
930.114	437.4054	
930.486	309.87189	
930.858	307.36878	
931.229	344.90546	
931.601	299.85887	
931.973	332.3956	
932.345	319.88338	
932.717	287.34046	
933.088	327.391	
933.46	349.90874	
933.831	359.91417	
934.203	329.89335	
934.574	347.40715	
934.945	287.34046	
935.317	374.91949	
935.688	334.89776	
936.059	324.88855	
936.43	287.34046	
936.801	367.41725	
937.172	337.39983	
937.543	372.41884	
937.914	307.36878	
938.284	357.41295	
938.655	337.39983	
939.026	382.42088	
939.396	344.90546	
939.767	357.41295	
940.137	322.38601	
940.508	382.42088	
940.878	269.81065	
941.248	382.42088	
941.618	307.36878	
941.989	389.92143	
942.359	409.91878	
942.729	299.85887	
943.099	419.91521	
943.469	232.2309	
943.838	294.85179	
944.208	334.89776	
944.578	364.91632	
944.948	404.92	
945.317	404.92	
945.687	382.42088	
946.056	327.391	
946.426	417.41624	
946.795	342.40368	
947.164	342.40368	
947.533	344.90546	
947.903	367.41725	
948.272	397.42113	
948.641	399.92085	
949.01	249.77082	
949.379	367.41725	
949.748	332.3956	
950.116	357.41295	
950.485	314.87782	
950.854	329.89335	
951.222	367.41725	
951.591	364.91632	
951.959	322.38601	
952.328	322.38601	
952.696	309.87189	
953.065	377.42005	
953.433	307.36878	
953.801	239.74859	
954.169	304.86557	
954.537	344.90546	
954.905	317.38065	
955.273	352.41024	
955.641	284.83649	
956.009	362.41529	
956.377	372.41884	
956.744	302.36227	
957.112	369.91809	
957.479	387.42134	
957.847	344.90546	
958.214	379.92051	
958.582	304.86557	
958.949	374.91949	
959.316	347.40715	
959.684	337.39983	
960.051	334.89776	
960.418	342.40368	
960.785	392.42142	
961.152	332.3956	
961.519	352.41024	
961.885	367.41725	
962.252	324.88855	
962.619	424.91287	
962.986	289.84433	
963.352	359.91417	
963.719	367.41725	
964.085	352.41024	
964.452	347.40715	
964.818	389.92143	
965.184	334.89776	
965.55	402.42047	
965.916	379.92051	
966.283	357.41295	
966.649	354.91164	
967.015	337.39983	
967.38	419.91521	
967.746	344.90546	
968.112	347.40715	
968.478	342.40368	
968.843	412.41803	
969.209	379.92051	
969.575	387.42134	
969.94	332.3956	
970.305	379.92051	
970.671	319.88338	
971.036	309.87189	
971.401	342.40368	
971.766	394.92133	
972.132	384.92116	
972.497	299.85887	
972.862	379.92051	
973.227	299.85887	
973.591	362.41529	
973.956	327.391	
974.321	354.91164	
974.686	389.92143	
975.05	349.90874	
975.415	339.9018	
975.779	347.40715	
976.144	377.42005	
976.508	314.87782	
976.872	379.92051	
977.236	369.91809	
977.601	302.36227	
977.965	287.34046	
978.329	377.42005	
978.693	389.92143	
979.057	364.91632	
979.421	394.92133	
979.784	342.40368	
980.148	352.41024	
980.512	294.85179	
980.875	362.41529	
981.239	342.40368	
981.602	374.91949	
981.966	349.90874	
982.329	332.3956	
982.692	364.91632	
983.056	379.92051	
983.419	372.41884	
983.782	369.91809	
984.145	299.85887	
984.508	362.41529	
984.871	299.85887	
985.234	379.92051	
985.597	429.91016	
985.959	429.91016	
986.322	309.87189	
986.685	414.91718	
987.047	324.88855	
987.41	354.91164	
987.772	294.85179	
988.134	309.87189	
988.497	357.41295	
988.859	407.41943	
989.221	237.24279	
989.583	337.39983	
989.945	374.91949	
990.307	357.41295	
990.669	367.41725	
991.031	247.26541	
991.393	377.42005	
991.755	332.3956	
992.116	357.41295	
992.478	317.38065	
992.839	317.38065	
993.201	327.391	
993.562	414.91718	
993.924	247.26541	
994.285	277.324	
994.646	412.41803	
995.007	412.41803	
995.369	312.3749	
995.73	347.40715	
996.091	412.41803	
996.451	334.89776	
996.812	304.86557	
997.173	379.92051	
997.534	317.38065	
997.895	314.87782	
998.255	407.41943	
998.616	397.42113	
998.976	384.92116	
999.337	337.39983	
999.697	342.40368	
1000.057	357.41295	
1000.418	387.42134	
1000.778	332.3956	
1001.138	297.35538	
1001.498	394.92133	
1001.858	387.42134	
1002.218	367.41725	
1002.578	389.92143	
1002.937	332.3956	
1003.297	332.3956	
1003.657	352.41024	
1004.016	327.391	
1004.376	329.89335	
1004.735	334.89776	
1005.095	324.88855	
1005.454	334.89776	
1005.813	337.39983	
1006.173	299.85887	
1006.532	367.41725	
1006.891	317.38065	
1007.25	307.36878	
1007.609	362.41529	
1007.968	324.88855	
1008.327	317.38065	
1008.686	317.38065	
1009.044	357.41295	
1009.403	384.92116	
1009.762	362.41529	
1010.12	367.41725	
1010.479	372.41884	
1010.837	272.3152	
1011.195	282.33242	
1011.554	284.83649	
1011.912	262.29644	
1012.27	334.89776	
1012.628	339.9018	
1012.986	364.91632	
1013.344	362.41529	
1013.702	324.88855	
1014.06	312.3749	
1014.418	344.90546	
1014.775	347.40715	
1015.133	269.81065	
1015.491	332.3956	
1015.848	394.92133	
1016.206	307.36878	
1016.563	352.41024	
1016.92	414.91718	
1017.278	364.91632	
1017.635	342.40368	
1017.992	387.42134	
1018.349	339.9018	
1018.706	387.42134	
1019.063	392.42142	
1019.42	349.90874	
1019.777	447.39776	
1020.134	279.82826	
1020.49	342.40368	
1020.847	329.89335	
1021.203	309.87189	
1021.56	392.42142	
1021.916	409.91878	
1022.273	349.90874	
1022.629	374.91949	
1022.985	394.92133	
1023.342	329.89335	
1023.698	304.86557	
1024.054	389.92143	
1024.41	367.41725	
1024.766	357.41295	
1025.122	374.91949	
1025.477	357.41295	
1025.833	314.87782	
1026.189	372.41884	
1026.545	332.3956	
1026.9	372.41884	
1027.256	347.40715	
1027.611	317.38065	
1027.966	374.91949	
1028.322	344.90546	
1028.677	389.92143	
1029.032	337.39983	
1029.387	287.34046	
1029.742	307.36878	
1030.097	317.38065	
1030.452	389.92143	
1030.807	372.41884	
1031.162	367.41725	
1031.517	287.34046	
1031.871	322.38601	
1032.226	379.92051	
1032.581	379.92051	
1032.935	379.92051	
