FLMS05510_1:101		
187.856	-30.03308	
188.32	-30.03308	
188.785	-30.03308	
189.249	-75.34633	
189.713	-110.61324	
190.178	-98.01557	
190.642	-77.86471	
191.106	-57.72052	
191.57	-30.03308	
192.034	-52.68551	
192.498	-4.87349	
192.963	-30.03308	
193.427	-14.93609	
193.89	-17.452	
194.354	-37.58296	
194.818	5.18748	
195.282	73.05649	
195.746	95.66315	
196.21	95.66315	
196.673	45.41506	
197.137	105.70795	
197.601	170.96043	
198.064	130.81299	
198.528	201.05449	
198.991	321.29112	
199.454	251.18007	
199.918	223.61581	
200.381	248.67471	
200.844	293.75644	
201.308	268.71488	
201.771	208.57581	
202.234	271.21947	
202.697	273.72396	
203.16	266.2102	
203.623	298.76361	
204.086	343.81094	
204.549	398.82723	
205.012	396.32748	
205.475	316.28567	
205.938	363.82213	
206.4	396.32748	
206.863	353.81729	
207.326	326.29619	
207.788	351.31585	
208.251	391.32769	
208.714	391.32769	
209.176	316.28567	
209.639	366.32311	
210.101	388.82765	
210.563	373.82546	
211.026	338.8072	
211.488	341.30912	
211.95	396.32748	
212.412	368.82399	
212.874	321.29112	
213.337	378.82657	
213.799	363.82213	
214.261	356.31864	
214.723	338.8072	
215.184	388.82765	
215.646	313.78281	
216.108	401.3269	
216.57	366.32311	
217.032	283.74097	
217.493	313.78281	
217.955	321.29112	
218.417	348.81431	
218.878	341.30912	
219.34	381.32698	
219.801	381.32698	
220.263	343.81094	
220.724	303.77039	
221.185	318.78845	
221.647	273.72396	
222.108	403.82647	
222.569	446.30492	
223.03	316.28567	
223.491	398.82723	
223.952	371.32477	
224.413	421.32084	
224.874	356.31864	
225.335	311.27985	
225.796	343.81094	
226.257	363.82213	
226.718	418.82193	
227.179	296.26007	
227.639	368.82399	
228.1	331.30088	
228.561	421.32084	
229.021	318.78845	
229.482	356.31864	
229.942	323.7937	
230.403	288.7489	
230.863	338.8072	
231.323	403.82647	
231.784	336.30519	
232.244	336.30519	
232.704	338.8072	
233.164	293.75644	
233.625	361.32106	
234.085	311.27985	
234.545	361.32106	
235.005	328.79858	
235.465	366.32311	
235.925	258.69557	
236.384	383.8273	
236.844	363.82213	
237.304	343.81094	
237.764	371.32477	
238.223	393.82763	
238.683	301.26704	
239.143	386.32752	
239.602	341.30912	
240.062	348.81431	
240.521	376.32606	
240.98	318.78845	
241.44	436.3124	
241.899	328.79858	
242.358	268.71488	
242.818	381.32698	
243.277	293.75644	
243.736	271.21947	
244.195	353.81729	
244.654	348.81431	
245.113	333.80308	
245.572	411.32462	
246.031	363.82213	
246.49	371.32477	
246.949	293.75644	
247.408	421.32084	
247.866	398.82723	
248.325	446.30492	
248.784	458.79348	
249.242	321.29112	
249.701	378.82657	
250.159	313.78281	
250.618	386.32752	
251.076	333.80308	
251.534	318.78845	
251.993	378.82657	
252.451	346.31267	
252.909	381.32698	
253.368	411.32462	
253.826	413.82381	
254.284	398.82723	
254.742	361.32106	
255.2	338.8072	
255.658	348.81431	
256.116	391.32769	
256.574	358.8199	
257.031	358.8199	
257.489	358.8199	
257.947	433.81404	
258.405	373.82546	
258.862	353.81729	
259.32	283.74097	
259.777	418.82193	
260.235	411.32462	
260.692	361.32106	
261.15	361.32106	
261.607	311.27985	
262.065	348.81431	
262.522	453.79833	
262.979	393.82763	
263.436	293.75644	
263.893	293.75644	
264.351	343.81094	
264.808	386.32752	
265.265	331.30088	
265.722	366.32311	
266.178	306.27364	
266.635	306.27364	
267.092	396.32748	
267.549	373.82546	
268.006	421.32084	
268.462	411.32462	
268.919	361.32106	
269.376	306.27364	
269.832	381.32698	
270.289	368.82399	
270.745	368.82399	
271.202	373.82546	
271.658	346.31267	
272.114	413.82381	
272.571	358.8199	
273.027	398.82723	
273.483	361.32106	
273.939	426.3184	
274.395	366.32311	
274.851	353.81729	
275.307	418.82193	
275.763	363.82213	
276.219	396.32748	
276.675	331.30088	
277.131	366.32311	
277.587	423.81967	
278.042	411.32462	
278.498	341.30912	
278.954	358.8199	
279.409	381.32698	
279.865	446.30492	
280.32	393.82763	
280.776	388.82765	
281.231	368.82399	
281.687	448.80281	
282.142	441.30884	
282.597	471.27975	
283.052	498.74145	
283.508	488.75666	
283.963	498.74145	
284.418	528.68707	
284.873	488.75666	
285.328	508.72478	
285.783	513.7159	
286.238	533.67674	
286.693	533.67674	
287.147	533.67674	
287.602	603.49414	
288.057	645.84907	
288.512	640.86747	
288.966	670.75177	
289.421	675.73125	
289.875	640.86747	
290.33	790.16308	
290.784	742.92002	
291.239	747.89444	
291.693	740.43268	
292.147	812.53055	
292.602	921.78367	
293.056	864.69447	
293.51	911.8583	
293.964	951.55178	
294.418	973.87002	
294.872	1102.68989	
295.326	1122.48889	
295.78	1077.9339	
296.234	1157.12482	
296.688	1167.01793	
297.142	1270.81941	
297.595	1300.45166	
298.049	1396.67993	
298.503	1411.47398	
298.956	1480.477	
299.41	1615.84895	
299.863	1468.15935	
300.317	1527.2671	
300.77	1564.18777	
301.224	1721.53153	
301.677	1802.54712	
302.13	1841.79975	
302.584	1944.75314	
303.037	2013.32136	
303.49	2018.21705	
303.943	2096.51136	
304.396	2233.36222	
304.849	2221.15179	
305.302	2357.8158	
305.755	2335.86561	
306.208	2452.8736	
306.661	2540.53403	
307.114	2550.26907	
307.566	2647.56507	
308.019	2703.46579	
308.472	2752.04897	
308.924	2732.6186	
309.377	2912.2031	
309.829	2849.14308	
310.282	3043.04687	
310.734	2999.45121	
311.187	3193.06663	
311.639	3040.62538	
312.091	3231.74577	
312.543	3381.49128	
312.995	3374.25048	
313.448	3369.423	
313.9	3451.46002	
314.352	3596.07632	
314.804	3800.61635	
315.256	3704.41041	
315.708	3644.23827	
316.159	3786.19088	
316.611	3911.14846	
317.063	4100.71746	
317.515	3937.56359	
317.966	3887.12921	
318.418	4117.49915	
318.87	4194.18351	
319.321	4239.69014	
319.773	4292.35914	
320.224	4455.00021	
320.675	4407.18865	
321.127	4249.26814	
321.578	4543.39914	
322.029	4397.62394	
322.48	4517.12547	
322.932	4555.33974	
323.383	4605.4768	
323.834	4719.99446	
324.285	4808.19178	
324.736	4653.20621	
325.187	4743.83814	
325.638	4703.30099	
326.088	4717.60983	
326.539	4803.42605	
326.99	4793.89402	
327.441	4839.16426	
327.891	4774.82764	
328.342	4719.99446	
328.792	4777.21111	
329.243	4762.90957	
329.693	4910.60809	
330.144	4805.80894	
330.594	4583.99215	
331.044	4622.18432	
331.495	4505.18091	
331.945	4684.2198	
332.395	4836.78205	
332.845	4748.60629	
333.295	5110.42131	
333.745	5162.69787	
334.195	5146.06691	
334.645	5264.80881	
335.095	5260.0614	
335.545	5236.32149	
335.995	5286.16987	
336.444	5319.39062	
336.894	5392.91826	
337.344	5584.82802	
337.793	5634.53293	
338.243	5665.29247	
338.692	5752.79649	
339.142	5821.337	
339.591	5615.60012	
340.041	5539.83941	
340.49	5452.18212	
340.939	5418.99794	
341.388	5421.36854	
341.838	5364.46127	
342.287	5516.1545	
342.736	5364.46127	
343.185	5527.99753	
343.634	5400.03146	
344.083	5532.73442	
344.532	5490.09576	
344.981	5452.18212	
345.429	5392.91826	
345.878	5390.5471	
346.327	5456.92197	
346.776	5516.1545	
347.224	5506.67924	
347.673	5338.36979	
348.121	5433.22084	
348.57	5381.062	
349.018	5499.57231	
349.467	5418.99794	
349.915	5430.85048	
350.363	5416.62729	
350.811	5485.3572	
351.26	5307.52712	
351.708	5418.99794	
352.156	5385.80464	
352.604	5321.76318	
353.052	5362.08955	
353.5	5328.88058	
353.948	5252.93992	
354.396	5264.80881	
354.843	5269.55604	
355.291	5224.44978	
355.739	5269.55604	
356.186	5373.94768	
356.634	5169.82472	
357.082	5243.44396	
357.529	5231.57295	
357.977	5219.70076	
358.424	5224.44978	
358.871	5103.29091	
359.319	4898.70379	
359.766	5100.91402	
360.213	5043.8543	
360.661	5293.28937	
361.108	5141.31478	
361.555	5048.61033	
362.002	5050.98827	
362.449	5022.44984	
362.896	4893.94174	
363.343	4970.11155	
363.79	4977.24995	
364.236	5115.17467	
364.683	5172.20024	
365.13	5027.20672	
365.577	5089.02883	
366.023	5207.8274	
366.47	5233.94725	
366.916	5257.68762	
367.363	5283.7966	
367.809	5181.70186	
368.256	5378.6906	
368.702	5155.5706	
369.148	5072.38758	
369.594	5036.71991	
370.041	4977.24995	
370.487	4870.12858	
370.933	4891.56064	
371.379	4832.01749	
371.825	4784.36122	
372.271	4841.54642	
372.717	4715.22514	
373.163	4965.35237	
373.608	4791.5109	
374.054	4905.84651	
374.5	4848.69261	
374.946	4672.29248	
375.391	4767.67694	
375.837	4715.22514	
376.282	4662.74973	
376.728	4815.34	
377.173	4760.52581	
377.618	4660.36392	
378.064	4772.44412	
378.509	4660.36392	
378.954	4832.01749	
379.4	4979.62932	
379.845	5267.18245	
380.29	4924.89165	
380.735	4872.51011	
381.18	4715.22514	
381.625	4483.67758	
382.07	4505.18091	
382.514	4404.79754	
382.959	4349.78837	
383.404	4462.17022	
383.849	4349.78837	
384.293	4433.48747	
384.738	4612.63746	
385.183	4574.44214	
385.627	4922.51118	
386.072	4874.8916	
386.516	4951.0737	
386.96	4982.00865	
387.405	4839.16426	
387.849	4793.89402	
388.293	4755.75815	
388.737	4665.13549	
389.181	4638.88944	
389.626	4385.66692	
390.07	4261.23951	
390.514	4136.67516	
390.957	4100.71746	
391.401	4304.32596	
391.845	4038.36337	
392.289	4019.17047	
392.733	4004.77362	
393.176	4105.51249	
393.62	3906.34503	
394.064	3992.77482	
394.507	3891.93348	
394.951	3951.96918	
395.394	4011.97228	
395.838	4086.33114	
396.281	4201.36999	
396.724	4083.93325	
397.168	4045.55985	
397.611	4047.95857	
398.054	4127.08756	
398.497	4409.5797	
398.94	4423.92496	
399.383	4543.39914	
399.826	4376.10041	
400.269	4258.84534	
400.712	4059.95142	
401.155	3961.57186	
401.597	3766.95395	
402.04	3980.77472	
402.483	3738.09218	
402.925	3899.13949	
403.368	3930.36009	
403.811	3781.38197	
404.253	4002.37396	
404.696	3930.36009	
405.138	4043.16107	
405.58	4146.26193	
406.023	4607.86374	
406.465	4955.83345	
406.907	4948.69376	
407.349	4770.06056	
407.791	4593.54138	
408.233	4550.56365	
408.675	4361.74914	
409.117	4009.57278	
409.559	4095.92223	
410.001	4218.13666	
410.443	4057.55295	
410.885	3872.71514	
411.326	3646.6458	
411.768	3555.12164	
412.21	3531.02331	
412.651	3506.91952	
413.093	3347.69658	
413.534	3393.55818	
413.975	3453.87191	
414.417	3359.76737	
414.858	3367.00917	
415.299	3494.86558	
415.741	3651.4607	
416.182	3827.05809	
416.623	3879.92241	
417.064	4177.41328	
417.505	4474.11925	
417.946	4443.04919	
418.387	4151.055	
418.828	3899.13949	
419.269	3875.11762	
419.709	4110.30731	
420.15	4206.16072	
420.591	4222.92667	
421.031	4172.62133	
421.472	3925.5575	
421.913	3836.67168	
422.353	3663.497	
422.794	3432.16294	
423.234	3275.24249	
423.674	3200.32008	
424.115	3135.02062	
424.555	3091.46448	
424.995	3038.20384	
425.435	3043.04687	
425.875	2907.35375	
426.315	2924.32545	
426.755	2849.14308	
427.195	2861.27312	
427.635	2863.69895	
428.075	2907.35375	
428.515	2934.02226	
428.955	2936.44632	
429.394	2955.83666	
429.834	2866.12472	
430.274	2984.91513	
430.713	3113.24487	
431.153	3047.88967	
431.592	2946.14196	
432.031	2846.71689	
432.471	2994.60608	
432.91	3270.41043	
433.349	3812.63612	
433.789	4266.0277	
434.228	4052.75587	
434.667	3776.57284	
435.106	3663.497	
435.545	3417.68782	
435.984	3241.41329	
436.423	3059.99566	
436.862	3018.82938	
437.301	2727.76041	
437.739	2749.62038	
438.178	2696.17622	
438.617	2754.47749	
439.055	2885.52875	
439.494	2642.70261	
439.932	2798.18063	
440.371	3038.20384	
440.809	3076.94162	
441.248	3263.1619	
441.686	3238.99649	
442.124	3258.32927	
442.563	3132.60132	
443.001	2904.92899	
443.439	2866.12472	
443.877	3086.62376	
444.315	3120.50397	
444.753	3405.62369	
445.191	3359.76737	
445.629	3518.9721	
446.067	3490.04362	
446.504	3299.39946	
446.942	3185.81268	
447.38	2904.92899	
447.817	2946.14196	
448.255	3304.23018	
448.693	3350.11085	
449.13	3547.89271	
449.568	3634.6076	
450.005	3309.06067	
450.442	3424.92563	
450.88	3050.31099	
451.317	3101.14523	
451.754	3072.10021	
452.191	3132.60132	
452.628	3142.27817	
453.065	3055.15344	
453.502	3226.91167	
453.939	3149.53521	
454.376	3028.51708	
454.813	3173.72161	
455.25	3231.74577	
455.686	3400.79765	
456.123	3511.74072	
456.56	3836.67168	
456.996	4182.20503	
457.433	4249.26814	
457.869	4409.5797	
458.306	4100.71746	
458.742	3463.51891	
459.179	3241.41329	
459.615	2873.40168	
460.051	2771.47547	
460.487	2628.11376	
460.924	2705.89552	
461.36	2841.86434	
461.796	3151.9541	
462.232	3858.29918	
462.668	4910.60809	
463.104	5243.44396	
463.539	5005.79926	
463.975	4409.5797	
464.411	3942.36566	
464.847	3624.97608	
465.282	3364.59529	
465.718	3369.423	
466.153	3304.23018	
466.589	3289.73735	
467.024	3323.55081	
467.46	3482.81026	
467.895	3470.75358	
468.33	3612.93546	
468.766	3325.96564	
469.201	3154.37294	
469.636	2948.56572	
470.071	2868.55043	
470.506	2849.14308	
470.941	2902.50416	
471.376	3127.76255	
471.811	3265.57813	
472.246	3391.14491	
472.681	3130.18197	
473.115	2992.18343	
473.55	3016.40732	
473.985	2917.05222	
474.419	2800.60801	
474.854	2581.90111	
475.288	2637.83991	
475.723	2766.61921	
476.157	2849.14308	
476.592	2781.18728	
477.026	2938.87032	
477.46	2926.74974	
477.894	3050.31099	
478.329	3072.10021	
478.763	3159.21045	
479.197	3347.69658	
479.631	3347.69658	
480.065	3267.99431	
480.499	3236.57964	
480.932	3178.55821	
481.366	3156.79173	
481.8	3132.60132	
482.234	3110.82506	
482.667	3197.90232	
483.101	3289.73735	
483.535	3504.50884	
483.968	3622.56806	
484.401	3843.88132	
484.835	4490.8458	
485.268	10057.47538	
485.702	16566.66207	
486.135	18666.0248	
486.568	15343.25631	
487.001	12114.47569	
487.434	9853.79801	
487.867	7688.11583	
488.3	6069.18184	
488.733	4529.06879	
489.166	3980.77472	
489.599	3540.6633	
490.032	3335.62439	
490.464	3441.81192	
490.897	3383.90477	
491.33	3395.97139	
491.762	3465.93052	
492.195	4457.39026	
492.627	5816.6113	
493.06	6673.73212	
493.492	6436.49514	
493.925	5705.5048	
494.357	4920.13066	
494.789	4328.25581	
495.221	3963.9724	
495.653	3870.31261	
496.086	3598.48493	
496.518	3605.71044	
496.95	3971.17371	
497.382	4095.92223	
497.813	3947.16752	
498.245	3480.39904	
498.677	3284.90595	
499.109	3357.35332	
499.54	3265.57813	
499.972	3398.38455	
500.404	3689.97215	
500.835	4304.32596	
501.267	4698.53098	
501.698	4414.36165	
502.129	4115.10192	
502.561	3632.1998	
502.992	3439.39976	
503.423	3376.66413	
503.855	3277.65844	
504.286	3212.40802	
504.717	3197.90232	
505.148	3338.03894	
505.579	3330.79513	
506.01	3313.89094	
506.441	3538.25338	
506.871	3497.27648	
507.302	3615.34369	
507.733	3649.05327	
508.163	3637.01535	
508.594	3453.87191	
509.025	3135.02062	
509.455	2975.22324	
509.886	2803.03533	
510.316	2924.32545	
510.746	2900.07928	
511.177	2812.74402	
511.607	2873.40168	
512.037	2718.04329	
512.467	2579.46825	
512.898	2469.92505	
513.328	2572.16929	
513.758	2511.3229	
514.188	2530.79798	
514.617	2538.10011	
515.047	2669.44311	
515.477	2720.47266	
515.907	2489.40865	
516.337	2645.13387	
516.766	2737.47656	
517.196	2909.77846	
517.625	2812.74402	
518.055	2654.8583	
518.484	2611.09064	
518.914	2735.04761	
519.343	2790.89812	
519.772	2892.80428	
520.202	2737.47656	
520.631	2623.25032	
521.06	2455.30971	
521.489	2421.1984	
521.918	2710.75481	
522.347	2715.61386	
522.776	2652.42729	
523.205	2710.75481	
523.634	2484.53813	
524.063	2530.79798	
524.491	2362.69292	
524.92	2365.13138	
525.349	2418.76141	
525.777	2783.61508	
526.206	3047.88967	
526.634	3289.73735	
527.063	3231.74577	
527.491	3074.52094	
527.919	2917.05222	
528.348	2875.82721	
528.776	2701.03599	
529.204	2525.92959	
529.632	2752.04897	
530.06	2761.7627	
530.488	2759.33436	
530.916	2608.65852	
531.344	2613.5227	
531.772	2606.22633	
532.2	2577.03533	
532.627	2409.01278	
533.055	2547.83541	
533.483	2511.3229	
533.91	2693.74624	
534.338	2460.18174	
534.765	2316.34995	
535.193	2377.32273	
535.62	2343.18292	
536.048	2416.32434	
536.475	2450.43742	
536.902	2547.83541	
537.329	2491.84382	
537.757	2348.0608	
538.184	2637.83991	
538.611	2790.89812	
539.038	2897.65434	
539.465	2917.05222	
539.892	2866.12472	
540.318	3009.14076	
540.745	2887.95399	
541.172	2984.91513	
541.599	3357.35332	
542.025	3543.07316	
542.452	3552.71205	
542.878	3482.81026	
543.305	3139.85904	
543.731	2866.12472	
544.158	2584.33391	
544.584	2482.10277	
545.01	2525.92959	
545.436	2625.68207	
545.862	2812.74402	
546.289	2846.71689	
546.715	2596.49699	
547.141	2540.53403	
547.567	2542.96788	
547.993	2523.4953	
548.418	2394.38794	
548.844	2299.27037	
549.27	2343.18292	
549.696	2413.88722	
550.121	2632.97696	
550.547	2489.40865	
550.972	2340.74388	
551.398	2304.15057	
551.823	2255.33687	
552.249	2213.82475	
552.674	2079.39036	
553.099	2330.98708	
553.525	2708.3252	
553.95	2892.80428	
554.375	2739.90544	
554.8	2557.56971	
555.225	2448.00119	
555.65	2389.51249	
556.075	2213.82475	
556.5	2106.29332	
556.925	1957.00139	
557.349	2062.26607	
557.774	1812.36196	
558.199	1881.0345	
558.623	1827.08211	
559.048	1939.85336	
559.472	1917.80094	
559.897	2272.42462	
560.321	2228.47824	
560.746	2235.80411	
561.17	2272.42462	
561.594	2174.73721	
562.018	2204.05444	
562.443	2206.49712	
562.867	2328.54772	
563.291	2306.59058	
563.715	2233.36222	
564.139	2120.96425	
564.562	2045.13849	
564.986	2086.72833	
565.41	2372.44638	
565.834	2467.48932	
566.257	2591.63194	
566.681	2413.88722	
567.105	2340.74388	
567.528	2338.30477	
567.952	2428.50901	
568.375	2914.62769	
568.798	3347.69658	
569.222	3151.9541	
569.645	3325.96564	
570.068	3238.99649	
570.491	3185.81268	
570.914	3045.4683	
571.337	2820.0249	
571.76	2771.47547	
572.183	2912.2031	
572.606	3528.61318	
573.029	4218.13666	
573.452	4667.5212	
573.875	4524.29161	
574.297	3908.74677	
574.72	3260.74562	
575.143	3135.02062	
575.565	3540.6633	
575.988	3733.28114	
576.41	3465.93052	
576.832	3774.1682	
577.255	3990.3749	
577.677	4359.35708	
578.099	4684.2198	
578.521	4889.17949	
578.943	4889.17949	
579.365	4476.50891	
579.787	4268.42172	
580.209	4043.16107	
580.631	4739.06979	
581.053	5693.67902	
581.475	6278.8716	
581.897	5963.02364	
582.318	5321.76318	
582.74	4898.70379	
583.162	4891.56064	
583.583	5086.65166	
584.005	4612.63746	
584.426	3827.05809	
584.847	3579.21453	
585.269	3205.15542	
585.69	2960.68365	
586.111	3154.37294	
586.532	3593.66766	
586.954	4071.94298	
587.375	4292.35914	
587.796	4455.00021	
588.217	5231.57295	
588.637	5523.26046	
589.058	5340.74198	
589.479	4488.45644	
589.9	3711.62881	
590.32	3173.72161	
590.741	3168.88479	
591.162	3543.07316	
591.582	3959.17127	
592.003	4615.02425	
592.423	4750.99029	
592.844	5276.67653	
593.264	5974.82351	
593.684	6476.45756	
594.104	6356.53196	
594.524	6055.03268	
594.945	5456.92197	
595.365	5169.82472	
595.785	4514.73666	
596.205	4681.83444	
596.625	4939.17349	
597.044	5892.20072	
597.464	6328.29743	
597.884	6250.61946	
598.304	5445.07199	
598.723	5036.71991	
599.143	4853.4565	
599.562	4548.17553	
599.982	4117.49915	
600.401	3894.33554	
600.821	3702.00416	
601.24	4574.44214	
601.659	6144.61672	
602.078	7615.9265	
602.498	8115.76506	
602.917	8185.35683	
603.336	7305.74906	
603.755	5818.97417	
604.174	4960.59301	
604.593	4411.9707	
605.011	4088.72899	
605.43	3673.12508	
605.849	3637.01535	
606.268	4139.07192	
606.686	4572.05451	
607.105	4955.83345	
607.523	5276.67653	
607.942	5193.57781	
608.36	5440.33167	
608.779	5195.95286	
609.197	5442.70185	
609.615	5324.1357	
610.033	4724.76359	
610.451	3920.7547	
610.87	3287.32168	
611.288	3461.10724	
611.706	4266.0277	
612.124	5200.70282	
612.541	5556.4161	
612.959	5655.82883	
613.377	5580.09316	
613.795	5286.16987	
614.212	4256.45112	
614.63	3769.35876	
615.048	3265.57813	
615.465	3057.57458	
615.883	2902.50416	
616.3	3023.67335	
616.717	3062.41669	
617.135	3202.73778	
617.552	3446.63608	
617.969	3393.55818	
618.386	3043.04687	
618.803	2669.44311	
619.22	2900.07928	
619.637	3412.86233	
620.054	3839.07495	
620.471	3125.34308	
620.888	2360.25439	
621.305	2172.29368	
621.721	2313.9102	
622.138	3001.87368	
622.555	3774.1682	
622.971	3875.11762	
623.388	3629.79195	
623.804	3251.0799	
624.221	2992.18343	
624.637	2404.13809	
625.053	2020.66479	
625.47	1655.18828	
625.886	1492.79279	
626.302	1478.01362	
626.718	1667.47802	
627.134	1957.00139	
627.55	2199.1689	
627.966	2103.84793	
628.382	2028.00761	
628.797	1986.39022	
629.213	1930.05297	
629.629	2089.17419	
630.045	2345.62189	
630.46	2047.58549	
630.876	1660.1044	
631.291	1537.11423	
631.707	1623.22649	
632.122	2025.56007	
632.537	2467.48932	
632.953	2669.44311	
633.368	2452.8736	
633.783	2072.05178	
634.198	1934.9533	
634.613	1596.1723	
635.028	1359.68283	
635.443	1293.04465	
635.858	1381.88315	
636.273	1372.0171	
636.688	1394.21399	
637.102	1413.93939	
637.517	1455.83983	
637.932	1352.28135	
638.346	1357.21575	
638.761	1243.64668	
639.175	1391.74797	
639.59	1418.86999	
640.004	1406.54293	
640.418	1413.93939	
640.832	1228.82121	
641.247	1085.36155	
641.661	1043.26193	
642.075	1092.78846	
642.489	1243.64668	
642.903	1394.21399	
643.317	1391.74797	
643.731	1423.80028	
644.145	1265.87962	
644.558	1169.49101	
644.972	996.18158	
645.386	1055.6466	
645.799	961.47183	
646.213	1040.78475	
646.626	949.07156	
647.04	911.8583	
647.453	906.89511	
647.866	859.72809	
648.28	775.24758	
648.693	752.86852	
649.106	909.37675	
649.519	901.93159	
649.932	882.07415	
650.345	909.37675	
650.758	998.66023	
651.171	951.55178	
651.584	983.78709	
651.997	1196.68966	
652.41	1164.54477	
652.822	1100.21465	
653.235	1201.63384	
653.647	1107.64012	
654.06	1159.59822	
654.472	1159.59822	
654.885	1694.50912	
655.297	10075.7687	
655.71	37940.56536	
656.122	58014.80368	
656.534	63831.79069	
656.946	46239.2249	
657.358	33395.31754	
657.77	23760.44968	
658.182	15420.8447	
658.594	9876.69819	
659.006	6135.18987	
659.418	3427.33812	
659.83	1971.69703	
660.241	1320.20031	
660.653	978.82872	
661.065	874.62622	
661.476	889.52132	
661.888	862.21132	
662.299	889.52132	
662.71	971.39055	
663.122	973.87002	
663.533	882.07415	
663.944	780.21976	
664.355	807.5606	
664.767	824.95393	
665.178	665.77194	
665.589	705.60078	
666	732.97013	
666.41	643.35831	
666.821	705.60078	
667.232	635.88551	
667.643	655.81121	
668.053	630.9032	
668.464	665.77194	
668.875	700.6234	
669.285	765.30219	
669.696	889.52132	
670.106	916.82115	
670.516	839.85918	
670.927	867.17753	
671.337	879.59159	
671.747	847.31065	
672.157	772.76136	
672.567	638.37653	
672.977	718.0427	
673.387	688.17842	
673.797	723.01886	
674.207	591.03191	
674.617	708.08934	
675.027	742.92002	
675.436	723.01886	
675.846	695.64567	
676.256	762.81563	
676.665	732.97013	
677.075	650.83031	
677.484	695.64567	
677.893	620.93752	
678.303	710.57781	
678.712	660.79175	
679.121	633.3944	
679.53	690.6676	
679.939	723.01886	
680.348	802.59031	
680.757	911.8583	
681.166	879.59159	
681.575	822.46943	
681.984	824.95393	
682.393	790.16308	
682.802	839.85918	
683.21	802.59031	
683.619	844.82691	
684.027	735.45774	
684.436	817.50016	
684.844	767.78867	
685.253	705.60078	
685.661	655.81121	
686.069	650.83031	
686.477	623.42907	
686.886	608.47841	
687.294	605.98632	
687.702	740.43268	
688.11	618.44587	
688.518	645.84907	
688.926	658.30152	
689.333	665.77194	
689.741	727.99467	
690.149	688.17842	
690.557	755.35542	
690.964	713.0662	
691.372	705.60078	
691.779	718.0427	
692.187	603.49414	
692.594	680.71039	
693.001	740.43268	
693.409	630.9032	
693.816	588.5392	
694.223	635.88551	
694.63	718.0427	
695.037	673.24156	
695.444	613.46232	
695.851	737.94525	
696.258	630.9032	
696.665	658.30152	
697.072	625.92054	
697.479	675.73125	
697.885	663.28189	
698.292	548.64356	
698.698	588.5392	
699.105	665.77194	
699.511	576.07428	
699.918	601.00188	
700.324	598.50952	
700.73	548.64356	
701.137	645.84907	
701.543	660.79175	
701.949	633.3944	
702.355	708.08934	
702.761	683.19982	
703.167	620.93752	
703.573	732.97013	
703.979	770.27506	
704.385	772.76136	
704.79	745.40727	
705.196	787.67738	
705.602	750.38152	
706.007	747.89444	
706.413	630.9032	
706.818	690.6676	
707.224	548.64356	
707.629	598.50952	
708.034	593.52454	
708.439	688.17842	
708.845	673.24156	
709.25	668.2619	
709.655	638.37653	
710.06	650.83031	
710.465	683.19982	
710.87	750.38152	
711.275	777.73371	
711.679	757.84225	
712.084	718.0427	
712.489	610.97041	
712.893	718.0427	
713.298	558.61963	
713.702	732.97013	
714.107	633.3944	
714.511	628.41191	
714.916	608.47841	
715.32	673.24156	
715.724	695.64567	
716.128	625.92054	
716.533	852.27788	
716.937	767.78867	
717.341	973.87002	
717.745	1008.57401	
718.149	949.07156	
718.552	864.69447	
718.956	956.51197	
719.36	968.91099	
719.764	872.14341	
720.167	921.78367	
720.571	899.4497	
720.974	892.00354	
721.378	792.6487	
721.781	775.24758	
722.185	844.82691	
722.588	936.66922	
722.991	1058.12329	
723.394	1013.53041	
723.797	1186.80035	
724.2	1162.07154	
724.603	1263.4096	
725.006	1312.79514	
725.409	1270.81941	
725.812	1293.04465	
726.215	1428.73027	
726.618	1559.26597	
727.02	1505.10672	
727.423	1369.5504	
727.826	1169.49101	
728.228	1162.07154	
728.631	1238.70517	
729.033	1354.74859	
729.435	1221.40742	
729.838	1211.52126	
730.24	1359.68283	
730.642	1364.61677	
731.044	1367.08362	
731.446	1285.63693	
731.848	1295.51373	
732.25	1142.28277	
732.652	1129.91219	
733.054	1048.21604	
733.456	847.31065	
733.857	822.46943	
734.259	983.78709	
734.661	1181.85522	
735.062	1381.88315	
735.464	1332.54071	
735.865	1186.80035	
736.267	1162.07154	
736.668	1077.9339	
737.069	941.63041	
737.47	1011.05225	
737.872	827.43835	
738.273	815.0154	
738.674	802.59031	
739.075	929.22682	
739.476	968.91099	
739.877	941.63041	
740.278	819.98483	
740.678	755.35542	
741.079	703.11214	
741.48	727.99467	
741.88	655.81121	
742.281	747.89444	
742.681	745.40727	
743.082	819.98483	
743.482	777.73371	
743.882	790.16308	
744.283	996.18158	
744.683	1127.43784	
745.083	1273.28919	
745.483	1268.34955	
745.883	1124.96341	
746.283	1189.2728	
746.683	1129.91219	
747.083	1189.2728	
747.483	1082.88574	
747.883	991.22403	
748.282	899.4497	
748.682	805.0755	
749.082	824.95393	
749.481	839.85918	
749.881	805.0755	
750.28	911.8583	
750.679	934.1885	
751.079	859.72809	
751.478	896.96773	
751.877	1038.30749	
752.276	1280.69807	
752.675	1236.2343	
753.074	1218.936	
753.473	1406.54293	
753.872	1396.67993	
754.271	1394.21399	
754.67	1080.40986	
755.069	1028.39764	
755.467	954.03191	
755.866	988.74513	
756.265	862.21132	
756.663	884.55662	
757.062	837.37518	
757.46	963.95163	
757.858	862.21132	
758.257	924.2648	
758.655	844.82691	
759.053	1030.87522	
759.451	1216.46449	
759.849	1404.0773	
760.247	1335.00856	
760.645	1255.99909	
761.043	1255.99909	
761.441	1070.50553	
761.839	966.43135	
762.237	872.14341	
762.634	817.50016	
763.032	628.41191	
763.429	645.84907	
763.827	628.41191	
764.224	740.43268	
764.622	787.67738	
765.019	926.74585	
765.416	1013.53041	
765.814	931.7077	
766.211	961.47183	
766.608	901.93159	
767.005	827.43835	
767.402	755.35542	
767.799	775.24758	
768.196	968.91099	
768.593	988.74513	
768.989	1006.09569	
769.386	924.2648	
769.783	834.8911	
770.179	777.73371	
770.576	703.11214	
770.972	757.84225	
771.369	790.16308	
771.765	725.50681	
772.161	792.6487	
772.558	725.50681	
772.954	703.11214	
773.35	737.94525	
773.746	665.77194	
774.142	620.93752	
774.538	610.97041	
774.934	601.00188	
775.33	633.3944	
775.726	571.08769	
776.121	463.78827	
776.517	603.49414	
776.913	593.52454	
777.308	491.253	
777.704	608.47841	
778.099	640.86747	
778.495	640.86747	
778.89	735.45774	
779.285	772.76136	
779.68	727.99467	
780.076	623.42907	
780.471	782.70572	
780.866	780.21976	
781.261	690.6676	
781.656	723.01886	
782.051	511.22039	
782.445	516.21132	
782.84	518.70666	
783.235	573.58103	
783.63	551.13771	
784.024	568.59426	
784.419	526.19211	
784.813	608.47841	
785.208	476.27361	
785.602	598.50952	
785.996	448.80281	
786.391	481.26711	
786.785	558.61963	
787.179	476.27361	
787.573	528.68707	
787.967	538.66604	
788.361	473.77673	
788.755	483.76372	
789.149	526.19211	
789.543	553.63177	
789.936	658.30152	
790.33	655.81121	
790.724	576.07428	
791.117	650.83031	
791.511	561.11342	
791.904	548.64356	
792.298	630.9032	
792.691	625.92054	
793.084	633.3944	
793.477	563.60712	
793.871	578.56745	
794.264	588.5392	
794.657	496.24539	
795.05	571.08769	
795.443	635.88551	
795.836	568.59426	
796.228	583.5535	
796.621	556.12575	
797.014	583.5535	
797.406	620.93752	
797.799	568.59426	
798.192	596.01707	
798.584	690.6676	
798.976	586.0464	
799.369	613.46232	
799.761	503.7333	
800.153	591.03191	
800.546	518.70666	
800.938	486.26023	
801.33	541.16055	
801.722	551.13771	
802.114	518.70666	
802.506	548.64356	
802.897	551.13771	
803.289	493.74924	
803.681	543.65498	
804.073	498.74145	
804.464	428.81704	
804.856	548.64356	
805.247	566.10073	
805.639	551.13771	
806.03	488.75666	
806.421	468.78268	
806.813	433.81404	
807.204	426.3184	
807.595	508.72478	
807.986	523.69705	
808.377	428.81704	
808.768	491.253	
809.159	451.30062	
809.55	573.58103	
809.941	596.01707	
810.331	473.77673	
810.722	488.75666	
811.113	493.74924	
811.503	426.3184	
811.894	461.29092	
812.284	461.29092	
812.675	463.78827	
813.065	491.253	
813.455	521.2019	
813.846	448.80281	
814.236	463.78827	
814.626	426.3184	
815.016	408.82533	
815.406	398.82723	
815.796	468.78268	
816.186	556.12575	
816.575	496.24539	
816.965	448.80281	
817.355	413.82381	
817.745	458.79348	
818.134	381.32698	
818.524	461.29092	
818.913	388.82765	
819.303	421.32084	
819.692	403.82647	
820.081	473.77673	
820.47	473.77673	
820.86	428.81704	
821.249	373.82546	
821.638	366.32311	
822.027	356.31864	
822.416	551.13771	
822.805	478.7704	
823.193	491.253	
823.582	496.24539	
823.971	511.22039	
824.36	498.74145	
824.748	528.68707	
825.137	488.75666	
825.525	406.32594	
825.914	423.81967	
826.302	378.82657	
826.69	463.78827	
827.079	528.68707	
827.467	496.24539	
827.855	576.07428	
828.243	478.7704	
828.631	471.27975	
829.019	428.81704	
829.407	451.30062	
829.795	526.19211	
830.182	403.82647	
830.57	428.81704	
830.958	378.82657	
831.345	388.82765	
831.733	421.32084	
832.12	511.22039	
832.508	493.74924	
832.895	423.81967	
833.283	528.68707	
833.67	563.60712	
834.057	418.82193	
834.444	630.9032	
834.831	645.84907	
835.218	603.49414	
835.605	571.08769	
835.992	538.66604	
836.379	453.79833	
836.766	476.27361	
837.152	531.18195	
837.539	478.7704	
837.926	493.74924	
838.312	491.253	
838.699	511.22039	
839.085	423.81967	
839.472	498.74145	
839.858	421.32084	
840.244	363.82213	
840.63	473.77673	
841.017	481.26711	
841.403	398.82723	
841.789	453.79833	
842.175	376.32606	
842.561	381.32698	
842.946	363.82213	
843.332	333.80308	
843.718	391.32769	
844.104	406.32594	
844.489	428.81704	
844.875	406.32594	
845.26	411.32462	
845.646	503.7333	
846.031	471.27975	
846.416	403.82647	
846.802	506.22909	
847.187	433.81404	
847.572	376.32606	
847.957	413.82381	
848.342	416.32292	
848.727	336.30519	
849.112	411.32462	
849.497	406.32594	
849.882	371.32477	
850.266	366.32311	
850.651	451.30062	
851.036	443.80693	
851.42	466.28552	
851.805	483.76372	
852.189	566.10073	
852.574	493.74924	
852.958	491.253	
853.342	341.30912	
853.726	481.26711	
854.11	551.13771	
854.495	610.97041	
854.879	618.44587	
855.263	503.7333	
855.646	368.82399	
856.03	443.80693	
856.414	453.79833	
856.798	393.82763	
857.181	396.32748	
857.565	388.82765	
857.949	476.27361	
858.332	391.32769	
858.716	451.30062	
859.099	401.3269	
859.482	398.82723	
859.866	326.29619	
860.249	438.81067	
860.632	453.79833	
861.015	383.8273	
861.398	418.82193	
861.781	421.32084	
862.164	398.82723	
862.547	366.32311	
862.929	506.22909	
863.312	383.8273	
863.695	388.82765	
864.077	383.8273	
864.46	371.32477	
864.842	466.28552	
865.225	381.32698	
865.607	433.81404	
865.99	471.27975	
866.372	523.69705	
866.754	481.26711	
867.136	463.78827	
867.518	481.26711	
867.9	483.76372	
868.282	471.27975	
868.664	463.78827	
869.046	491.253	
869.428	413.82381	
869.809	446.30492	
870.191	448.80281	
870.573	341.30912	
870.954	418.82193	
871.336	431.31558	
871.717	401.3269	
872.099	438.81067	
872.48	413.82381	
872.861	488.75666	
873.242	388.82765	
873.623	388.82765	
874.004	378.82657	
874.385	371.32477	
874.766	438.81067	
875.147	468.78268	
875.528	368.82399	
875.909	478.7704	
876.29	488.75666	
876.67	378.82657	
877.051	408.82533	
877.431	468.78268	
877.812	468.78268	
878.192	383.8273	
878.573	453.79833	
878.953	418.82193	
879.333	458.79348	
879.713	573.58103	
880.093	486.26023	
880.473	476.27361	
880.853	508.72478	
881.233	453.79833	
881.613	446.30492	
881.993	461.29092	
882.373	386.32752	
882.753	403.82647	
883.132	386.32752	
883.512	426.3184	
883.891	443.80693	
884.271	316.28567	
884.65	386.32752	
885.029	386.32752	
885.409	436.3124	
885.788	366.32311	
886.167	416.32292	
886.546	401.3269	
886.925	411.32462	
887.304	466.28552	
887.683	511.22039	
888.062	536.17143	
888.441	578.56745	
888.82	578.56745	
889.198	561.11342	
889.577	663.28189	
889.955	645.84907	
890.334	693.15668	
890.712	643.35831	
891.091	543.65498	
891.469	511.22039	
891.847	456.29595	
892.226	486.26023	
892.604	446.30492	
892.982	456.29595	
893.36	423.81967	
893.738	506.22909	
894.116	386.32752	
894.493	416.32292	
894.871	381.32698	
895.249	411.32462	
895.627	456.29595	
896.004	456.29595	
896.382	421.32084	
896.759	378.82657	
897.137	453.79833	
897.514	331.30088	
897.891	401.3269	
898.269	368.82399	
898.646	368.82399	
899.023	406.32594	
899.4	473.77673	
899.777	428.81704	
900.154	393.82763	
900.531	373.82546	
900.908	331.30088	
901.284	396.32748	
901.661	483.76372	
902.038	386.32752	
902.414	476.27361	
902.791	453.79833	
903.167	411.32462	
903.544	391.32769	
903.92	376.32606	
904.296	441.30884	
904.672	396.32748	
905.049	388.82765	
905.425	443.80693	
905.801	446.30492	
906.177	413.82381	
906.553	461.29092	
906.929	383.8273	
907.304	401.3269	
907.68	441.30884	
908.056	366.32311	
908.431	423.81967	
908.807	416.32292	
909.182	383.8273	
909.558	403.82647	
909.933	386.32752	
910.309	321.29112	
910.684	416.32292	
911.059	406.32594	
911.434	371.32477	
911.809	341.30912	
912.184	433.81404	
912.559	416.32292	
912.934	381.32698	
913.309	458.79348	
913.684	448.80281	
914.058	476.27361	
914.433	421.32084	
914.808	328.79858	
915.182	463.78827	
915.557	438.81067	
915.931	436.3124	
916.305	453.79833	
916.68	418.82193	
917.054	451.30062	
917.428	383.8273	
917.802	396.32748	
918.176	486.26023	
918.55	428.81704	
918.924	423.81967	
919.298	486.26023	
919.672	436.3124	
920.045	411.32462	
920.419	453.79833	
920.793	421.32084	
921.166	406.32594	
921.54	431.31558	
921.913	388.82765	
922.287	411.32462	
922.66	293.75644	
923.033	386.32752	
923.406	383.8273	
923.78	353.81729	
924.153	428.81704	
924.526	426.3184	
924.899	296.26007	
925.271	421.32084	
925.644	386.32752	
926.017	448.80281	
926.39	381.32698	
926.762	341.30912	
927.135	353.81729	
927.508	276.22836	
927.88	378.82657	
928.252	308.77679	
928.625	373.82546	
928.997	361.32106	
929.369	391.32769	
929.741	408.82533	
930.114	343.81094	
930.486	411.32462	
930.858	348.81431	
931.229	328.79858	
931.601	338.8072	
931.973	436.3124	
932.345	348.81431	
932.717	433.81404	
933.088	393.82763	
933.46	353.81729	
933.831	416.32292	
934.203	288.7489	
934.574	356.31864	
934.945	411.32462	
935.317	341.30912	
935.688	391.32769	
936.059	453.79833	
936.43	361.32106	
936.801	343.81094	
937.172	413.82381	
937.543	383.8273	
937.914	391.32769	
938.284	378.82657	
938.655	356.31864	
939.026	366.32311	
939.396	351.31585	
939.767	413.82381	
940.137	338.8072	
940.508	366.32311	
940.878	361.32106	
941.248	383.8273	
941.618	321.29112	
941.989	343.81094	
942.359	341.30912	
942.729	333.80308	
943.099	391.32769	
943.469	453.79833	
943.838	391.32769	
944.208	418.82193	
944.578	366.32311	
944.948	328.79858	
945.317	356.31864	
945.687	398.82723	
946.056	388.82765	
946.426	411.32462	
946.795	423.81967	
947.164	371.32477	
947.533	373.82546	
947.903	423.81967	
948.272	408.82533	
948.641	381.32698	
949.01	358.8199	
949.379	381.32698	
949.748	351.31585	
950.116	368.82399	
950.485	358.8199	
950.854	358.8199	
951.222	338.8072	
951.591	388.82765	
951.959	468.78268	
952.328	423.81967	
952.696	363.82213	
953.065	383.8273	
953.433	348.81431	
953.801	448.80281	
954.169	426.3184	
954.537	381.32698	
954.905	351.31585	
955.273	343.81094	
955.641	348.81431	
956.009	366.32311	
956.377	343.81094	
956.744	368.82399	
957.112	431.31558	
957.479	343.81094	
957.847	386.32752	
958.214	426.3184	
958.582	383.8273	
958.949	433.81404	
959.316	326.29619	
959.684	356.31864	
960.051	356.31864	
960.418	331.30088	
960.785	381.32698	
961.152	341.30912	
961.519	401.3269	
961.885	351.31585	
962.252	323.7937	
962.619	333.80308	
962.986	353.81729	
963.352	343.81094	
963.719	303.77039	
964.085	361.32106	
964.452	346.31267	
964.818	456.29595	
965.184	381.32698	
965.55	366.32311	
965.916	378.82657	
966.283	391.32769	
966.649	396.32748	
967.015	353.81729	
967.38	366.32311	
967.746	333.80308	
968.112	413.82381	
968.478	371.32477	
968.843	341.30912	
969.209	381.32698	
969.575	446.30492	
969.94	376.32606	
970.305	428.81704	
970.671	388.82765	
971.036	388.82765	
971.401	356.31864	
971.766	346.31267	
972.132	308.77679	
972.497	373.82546	
972.862	433.81404	
973.227	356.31864	
973.591	326.29619	
973.956	348.81431	
974.321	396.32748	
974.686	316.28567	
975.05	341.30912	
975.415	441.30884	
975.779	403.82647	
976.144	466.28552	
976.508	331.30088	
976.872	378.82657	
977.236	308.77679	
977.601	321.29112	
977.965	421.32084	
978.329	333.80308	
978.693	418.82193	
979.057	408.82533	
979.421	418.82193	
979.784	308.77679	
980.148	386.32752	
980.512	343.81094	
980.875	333.80308	
981.239	368.82399	
981.602	363.82213	
981.966	311.27985	
982.329	376.32606	
982.692	376.32606	
983.056	403.82647	
983.419	401.3269	
983.782	293.75644	
984.145	311.27985	
984.508	386.32752	
984.871	421.32084	
985.234	328.79858	
985.597	386.32752	
985.959	313.78281	
986.322	401.3269	
986.685	373.82546	
987.047	313.78281	
987.41	321.29112	
987.772	376.32606	
988.134	438.81067	
988.497	411.32462	
988.859	351.31585	
989.221	308.77679	
989.583	386.32752	
989.945	308.77679	
990.307	348.81431	
990.669	363.82213	
991.031	408.82533	
991.393	361.32106	
991.755	393.82763	
992.116	338.8072	
992.478	431.31558	
992.839	378.82657	
993.201	373.82546	
993.562	406.32594	
993.924	438.81067	
994.285	333.80308	
994.646	343.81094	
995.007	346.31267	
995.369	456.29595	
995.73	373.82546	
996.091	381.32698	
996.451	426.3184	
996.812	331.30088	
997.173	426.3184	
997.534	371.32477	
997.895	323.7937	
998.255	406.32594	
998.616	373.82546	
998.976	376.32606	
999.337	393.82763	
999.697	386.32752	
1000.057	386.32752	
1000.418	466.28552	
1000.778	381.32698	
1001.138	371.32477	
1001.498	341.30912	
1001.858	386.32752	
1002.218	356.31864	
1002.578	363.82213	
1002.937	328.79858	
1003.297	323.7937	
1003.657	346.31267	
1004.016	341.30912	
1004.376	366.32311	
1004.735	378.82657	
1005.095	331.30088	
1005.454	371.32477	
1005.813	358.8199	
1006.173	386.32752	
1006.532	408.82533	
1006.891	343.81094	
1007.25	313.78281	
1007.609	403.82647	
1007.968	346.31267	
1008.327	393.82763	
1008.686	471.27975	
1009.044	331.30088	
1009.403	401.3269	
1009.762	351.31585	
1010.12	331.30088	
1010.479	348.81431	
1010.837	358.8199	
1011.195	413.82381	
1011.554	393.82763	
1011.912	373.82546	
1012.27	323.7937	
1012.628	368.82399	
1012.986	436.3124	
1013.344	341.30912	
1013.702	386.32752	
1014.06	401.3269	
1014.418	333.80308	
1014.775	381.32698	
1015.133	363.82213	
1015.491	371.32477	
1015.848	413.82381	
1016.206	376.32606	
1016.563	428.81704	
1016.92	381.32698	
1017.278	418.82193	
1017.635	436.3124	
1017.992	376.32606	
1018.349	353.81729	
1018.706	363.82213	
1019.063	398.82723	
1019.42	351.31585	
1019.777	431.31558	
1020.134	336.30519	
1020.49	361.32106	
1020.847	363.82213	
1021.203	308.77679	
1021.56	378.82657	
1021.916	361.32106	
1022.273	408.82533	
1022.629	361.32106	
1022.985	418.82193	
1023.342	408.82533	
1023.698	468.78268	
1024.054	463.78827	
1024.41	423.81967	
1024.766	428.81704	
1025.122	388.82765	
1025.477	368.82399	
1025.833	381.32698	
1026.189	341.30912	
1026.545	403.82647	
1026.9	358.8199	
1027.256	348.81431	
1027.611	408.82533	
1027.966	398.82723	
1028.322	366.32311	
1028.677	348.81431	
1029.032	388.82765	
1029.387	393.82763	
1029.742	368.82399	
1030.097	346.31267	
1030.452	323.7937	
1030.807	373.82546	
1031.162	276.22836	
1031.517	463.78827	
1031.871	351.31585	
1032.226	431.31558	
1032.581	431.31558	
1032.935	431.31558	
