FLMS05510_1:101		
187.856	-92.03258	
188.32	-92.03258	
188.785	-92.03258	
189.249	-109.66833	
189.713	-92.03258	
190.178	-69.36557	
190.642	-92.03258	
191.106	6.13061	
191.57	-59.29405	
192.034	-19.02449	
192.498	-59.29405	
192.963	-24.05675	
193.427	-66.84754	
193.89	1.10041	
194.354	36.30328	
194.818	1.10041	
195.282	84.04685	
195.746	43.84416	
196.21	76.51081	
196.673	3.61556	
197.137	136.77397	
197.601	174.40943	
198.064	94.0935	
198.528	114.18201	
198.991	184.44181	
199.454	139.28369	
199.918	224.55569	
200.381	249.61423	
200.844	219.54282	
201.308	324.73215	
201.771	292.19163	
202.234	349.75239	
202.697	277.16748	
203.16	317.22422	
203.623	274.66312	
204.086	352.2539	
204.549	212.02278	
205.012	344.7491	
205.475	404.76378	
205.938	319.72696	
206.4	267.14947	
206.863	382.26461	
207.326	359.75785	
207.788	309.71545	
208.251	302.20581	
208.714	309.71545	
209.176	352.2539	
209.639	287.18396	
210.101	312.21847	
210.563	457.23254	
211.026	362.25897	
211.488	312.21847	
211.95	369.76179	
212.412	392.26518	
212.874	399.76462	
213.337	357.25662	
213.799	307.21233	
214.261	277.16748	
214.723	247.10882	
215.184	362.25897	
215.646	354.75531	
216.108	209.51591	
216.57	259.63494	
217.032	334.74138	
217.493	322.2296	
217.955	284.67998	
218.417	302.20581	
218.878	362.25897	
219.34	339.74543	
219.801	277.16748	
220.263	349.75239	
220.724	317.22422	
221.185	237.08617	
221.647	282.17591	
222.108	284.67998	
222.569	252.11956	
223.03	229.56818	
223.491	274.66312	
223.952	347.25079	
224.413	244.6033	
224.874	252.11956	
225.335	287.18396	
225.796	309.71545	
226.257	304.70912	
226.718	329.73695	
227.179	272.15867	
227.639	259.63494	
228.1	307.21233	
228.561	294.69532	
229.021	322.2296	
229.482	297.19891	
229.942	267.14947	
230.403	349.75239	
230.863	364.76001	
231.323	332.23922	
231.784	319.72696	
232.244	229.56818	
232.704	307.21233	
233.164	319.72696	
233.625	232.07427	
234.085	277.16748	
234.545	367.26095	
235.005	284.67998	
235.465	322.2296	
235.925	217.03624	
236.384	394.76508	
236.844	294.69532	
237.304	359.75785	
237.764	347.25079	
238.223	274.66312	
238.683	224.55569	
239.143	379.76423	
239.602	262.13988	
240.062	339.74543	
240.521	289.68784	
240.98	309.71545	
241.44	357.25662	
241.899	352.2539	
242.358	327.2346	
242.818	327.2346	
243.277	312.21847	
243.736	319.72696	
244.195	382.26461	
244.654	364.76001	
245.113	274.66312	
245.572	317.22422	
246.031	272.15867	
246.49	282.17591	
246.949	324.73215	
247.408	294.69532	
247.866	249.61423	
248.325	342.24731	
248.784	377.26376	
249.242	374.7632	
249.701	314.72139	
250.159	317.22422	
250.618	322.2296	
251.076	299.70241	
251.534	324.73215	
251.993	279.67174	
252.451	304.70912	
252.909	372.26254	
253.368	312.21847	
253.826	354.75531	
254.284	287.18396	
254.742	344.7491	
255.2	327.2346	
255.658	267.14947	
256.116	384.76489	
256.574	304.70912	
257.031	349.75239	
257.489	354.75531	
257.947	359.75785	
258.405	314.72139	
258.862	319.72696	
259.32	317.22422	
259.777	334.74138	
260.235	312.21847	
260.692	304.70912	
261.15	407.26322	
261.607	399.76462	
262.065	379.76423	
262.522	307.21233	
262.979	294.69532	
263.436	309.71545	
263.893	282.17591	
264.351	307.21233	
264.808	264.64472	
265.265	349.75239	
265.722	422.25791	
266.178	362.25897	
266.635	289.68784	
267.092	344.7491	
267.549	352.2539	
268.006	297.19891	
268.462	317.22422	
268.919	337.24345	
269.376	284.67998	
269.832	262.13988	
270.289	369.76179	
270.745	319.72696	
271.202	409.76257	
271.658	329.73695	
272.114	377.26376	
272.571	292.19163	
273.027	267.14947	
273.483	232.07427	
273.939	307.21233	
274.395	269.65411	
274.851	387.26508	
275.307	369.76179	
275.763	387.26508	
276.219	314.72139	
276.675	322.2296	
277.131	294.69532	
277.587	282.17591	
278.042	354.75531	
278.498	299.70241	
278.954	357.25662	
279.409	369.76179	
279.865	357.25662	
280.32	294.69532	
280.776	277.16748	
281.231	369.76179	
281.687	312.21847	
282.142	324.73215	
282.597	369.76179	
283.052	334.74138	
283.508	317.22422	
283.963	267.14947	
284.418	414.76099	
284.873	337.24345	
285.328	384.76489	
285.783	374.7632	
286.238	389.76517	
286.693	369.76179	
287.147	329.73695	
287.602	274.66312	
288.057	364.76001	
288.512	357.25662	
288.966	357.25662	
289.421	367.26095	
289.875	404.76378	
290.33	339.74543	
290.784	284.67998	
291.239	314.72139	
291.693	364.76001	
292.147	349.75239	
292.602	302.20581	
293.056	314.72139	
293.51	319.72696	
293.964	374.7632	
294.418	292.19163	
294.872	352.2539	
295.326	419.75903	
295.78	302.20581	
296.234	364.76001	
296.688	417.26005	
297.142	397.2649	
297.595	367.26095	
298.049	367.26095	
298.503	324.73215	
298.956	329.73695	
299.41	349.75239	
299.863	349.75239	
300.317	324.73215	
300.77	309.71545	
301.224	312.21847	
301.677	367.26095	
302.13	397.2649	
302.584	344.7491	
303.037	332.23922	
303.49	272.15867	
303.943	384.76489	
304.396	334.74138	
304.849	319.72696	
305.302	447.24164	
305.755	352.2539	
306.208	344.7491	
306.661	414.76099	
307.114	327.2346	
307.566	279.67174	
308.019	412.26182	
308.472	339.74543	
308.924	324.73215	
309.377	324.73215	
309.829	287.18396	
310.282	287.18396	
310.734	322.2296	
311.187	309.71545	
311.639	319.72696	
312.091	304.70912	
312.543	294.69532	
312.995	337.24345	
313.448	357.25662	
313.9	392.26518	
314.352	264.64472	
314.804	329.73695	
315.256	289.68784	
315.708	344.7491	
316.159	307.21233	
316.611	339.74543	
317.063	367.26095	
317.515	387.26508	
317.966	354.75531	
318.418	434.75093	
318.87	317.22422	
319.321	384.76489	
319.773	364.76001	
320.224	309.71545	
320.675	294.69532	
321.127	314.72139	
321.578	384.76489	
322.029	324.73215	
322.48	327.2346	
322.932	334.74138	
323.383	399.76462	
323.834	334.74138	
324.285	359.75785	
324.736	324.73215	
325.187	409.76257	
325.638	372.26254	
326.088	324.73215	
326.539	342.24731	
326.99	389.76517	
327.441	322.2296	
327.891	377.26376	
328.342	339.74543	
328.792	362.25897	
329.243	232.07427	
329.693	332.23922	
330.144	364.76001	
330.594	292.19163	
331.044	412.26182	
331.495	347.25079	
331.945	282.17591	
332.395	299.70241	
332.845	362.25897	
333.295	377.26376	
333.745	369.76179	
334.195	297.19891	
334.645	427.2554	
335.095	367.26095	
335.545	419.75903	
335.995	372.26254	
336.444	239.59198	
336.894	279.67174	
337.344	314.72139	
337.793	357.25662	
338.243	332.23922	
338.692	372.26254	
339.142	357.25662	
339.591	339.74543	
340.041	364.76001	
340.49	362.25897	
340.939	342.24731	
341.388	319.72696	
341.838	262.13988	
342.287	339.74543	
342.736	417.26005	
343.185	417.26005	
343.634	382.26461	
344.083	387.26508	
344.532	462.22744	
344.981	374.7632	
345.429	344.7491	
345.878	347.25079	
346.327	344.7491	
346.776	302.20581	
347.224	364.76001	
347.673	344.7491	
348.121	349.75239	
348.57	384.76489	
349.018	412.26182	
349.467	339.74543	
349.915	354.75531	
350.363	457.23254	
350.811	309.71545	
351.26	367.26095	
351.708	412.26182	
352.156	349.75239	
352.604	354.75531	
353.052	397.2649	
353.5	359.75785	
353.948	392.26518	
354.396	427.2554	
354.843	354.75531	
355.291	369.76179	
355.739	377.26376	
356.186	332.23922	
356.634	434.75093	
357.082	339.74543	
357.529	372.26254	
357.977	359.75785	
358.424	392.26518	
358.871	414.76099	
359.319	412.26182	
359.766	382.26461	
360.213	257.12991	
360.661	382.26461	
361.108	409.76257	
361.555	437.24926	
362.002	352.2539	
362.449	339.74543	
362.896	367.26095	
363.343	372.26254	
363.79	444.74368	
364.236	362.25897	
364.683	357.25662	
365.13	379.76423	
365.577	402.26425	
366.023	484.69992	
366.47	327.2346	
366.916	334.74138	
367.363	422.25791	
367.809	347.25079	
368.256	279.67174	
368.702	314.72139	
369.148	389.76517	
369.594	322.2296	
370.041	379.76423	
370.487	342.24731	
370.933	399.76462	
371.379	292.19163	
371.825	362.25897	
372.271	452.23727	
372.717	362.25897	
373.163	412.26182	
373.608	427.2554	
374.054	347.25079	
374.5	317.22422	
374.946	407.26322	
375.391	262.13988	
375.837	379.76423	
376.282	364.76001	
376.728	374.7632	
377.173	344.7491	
377.618	372.26254	
378.064	407.26322	
378.509	394.76508	
378.954	354.75531	
379.4	379.76423	
379.845	387.26508	
380.29	389.76517	
380.735	339.74543	
381.18	379.76423	
381.625	412.26182	
382.07	439.74749	
382.514	422.25791	
382.959	392.26518	
383.404	367.26095	
383.849	337.24345	
384.293	457.23254	
384.738	392.26518	
385.183	357.25662	
385.627	284.67998	
386.072	369.76179	
386.516	304.70912	
386.96	387.26508	
387.405	334.74138	
387.849	289.68784	
388.293	342.24731	
388.737	424.7567	
389.181	364.76001	
389.626	359.75785	
390.07	387.26508	
390.514	392.26518	
390.957	384.76489	
391.401	359.75785	
391.845	412.26182	
392.289	339.74543	
392.733	362.25897	
393.176	384.76489	
393.62	457.23254	
394.064	357.25662	
394.507	367.26095	
394.951	362.25897	
395.394	329.73695	
395.838	369.76179	
396.281	369.76179	
396.724	419.75903	
397.168	377.26376	
397.611	417.26005	
398.054	357.25662	
398.497	472.21613	
398.94	377.26376	
399.383	339.74543	
399.826	359.75785	
400.269	434.75093	
400.712	497.18143	
401.155	404.76378	
401.597	352.2539	
402.04	387.26508	
402.483	439.74749	
402.925	464.72475	
403.368	454.73495	
403.811	447.24164	
404.253	459.73003	
404.696	447.24164	
405.138	524.6327	
405.58	414.76099	
406.023	409.76257	
406.465	452.23727	
406.907	424.7567	
407.349	414.76099	
407.791	424.7567	
408.233	427.2554	
408.675	382.26461	
409.117	504.66923	
409.559	459.73003	
410.001	479.70668	
410.443	444.74368	
410.885	417.26005	
411.326	454.73495	
411.768	442.24563	
412.21	397.2649	
412.651	464.72475	
413.093	459.73003	
413.534	504.66923	
413.975	437.24926	
414.417	409.76257	
414.858	429.754	
415.299	517.14708	
415.741	354.75531	
416.182	464.72475	
416.623	442.24563	
417.064	447.24164	
417.505	464.72475	
417.946	509.66065	
418.387	404.76378	
418.828	472.21613	
419.269	464.72475	
419.709	489.6928	
420.15	422.25791	
420.591	504.66923	
421.031	487.19641	
421.472	424.7567	
421.913	502.17339	
422.353	492.1891	
422.794	459.73003	
423.234	469.71909	
423.674	489.6928	
424.115	432.25252	
424.555	447.24164	
424.995	402.26425	
425.435	487.19641	
425.875	437.24926	
426.315	497.18143	
426.755	529.62266	
427.195	372.26254	
427.635	379.76423	
428.075	449.7395	
428.515	514.6517	
428.955	497.18143	
429.394	477.20992	
429.834	462.22744	
430.274	442.24563	
430.713	554.56702	
431.153	464.72475	
431.592	454.73495	
432.031	437.24926	
432.471	487.19641	
432.91	519.64238	
433.349	439.74749	
433.789	449.7395	
434.228	434.75093	
434.667	579.50236	
435.106	606.92087	
435.545	701.55669	
435.984	636.81966	
436.423	644.29236	
436.862	666.70568	
437.301	504.66923	
437.739	562.04857	
438.178	514.6517	
438.617	414.76099	
439.055	444.74368	
439.494	454.73495	
439.932	477.20992	
440.371	439.74749	
440.809	564.54224	
441.248	464.72475	
441.686	479.70668	
442.124	479.70668	
442.563	517.14708	
443.001	454.73495	
443.439	464.72475	
443.877	477.20992	
444.315	432.25252	
444.753	524.6327	
445.191	614.39676	
445.629	444.74368	
446.067	499.67745	
446.504	437.24926	
446.942	489.6928	
447.38	494.68531	
447.817	499.67745	
448.255	562.04857	
448.693	464.72475	
449.13	482.20335	
449.568	539.60149	
450.005	467.22196	
450.442	591.96666	
450.88	509.66065	
451.317	492.1891	
451.754	527.12773	
452.191	539.60149	
452.628	437.24926	
453.065	606.92087	
453.502	542.09597	
453.939	434.75093	
454.376	522.13759	
454.813	539.60149	
455.25	444.74368	
455.686	507.16498	
456.123	479.70668	
456.56	547.08466	
456.996	457.23254	
457.433	494.68531	
457.869	489.6928	
458.306	552.07299	
458.742	529.62266	
459.179	589.47398	
459.615	469.71909	
460.051	532.11751	
460.487	502.17339	
460.924	567.03582	
461.36	517.14708	
461.796	581.9954	
462.232	487.19641	
462.668	651.76426	
463.104	549.57887	
463.539	559.55481	
463.975	547.08466	
464.411	639.31064	
464.847	611.90489	
465.282	557.06096	
465.718	502.17339	
466.153	609.41292	
466.589	532.11751	
467.024	577.00923	
467.46	554.56702	
467.895	527.12773	
468.33	547.08466	
468.766	542.09597	
469.201	619.38025	
469.636	549.57887	
470.071	439.74749	
470.506	574.51601	
470.941	527.12773	
471.376	532.11751	
471.811	522.13759	
472.246	586.98121	
472.681	469.71909	
473.115	544.59036	
473.55	567.03582	
473.985	522.13759	
474.419	549.57887	
474.854	631.83741	
475.288	599.44416	
475.723	549.57887	
476.157	656.74509	
476.592	636.81966	
477.026	636.81966	
477.46	656.74509	
477.894	611.90489	
478.329	554.56702	
478.763	514.6517	
479.197	604.42872	
479.631	609.41292	
480.065	577.00923	
480.499	644.29236	
480.932	629.34616	
481.366	594.45925	
481.8	631.83741	
482.234	599.44416	
482.667	644.29236	
483.101	671.68545	
483.535	519.64238	
483.968	626.85481	
484.401	567.03582	
484.835	639.31064	
485.268	651.76426	
485.702	636.81966	
486.135	704.04539	
486.568	614.39676	
487.001	701.55669	
487.434	666.70568	
487.867	679.15444	
488.3	679.15444	
488.733	674.1752	
489.166	796.06628	
489.599	689.11187	
490.032	681.64393	
490.464	721.46385	
490.897	619.38025	
491.33	704.04539	
491.762	671.68545	
492.195	572.0227	
492.627	721.46385	
493.06	641.80154	
493.492	639.31064	
493.925	676.66487	
494.357	651.76426	
494.789	626.85481	
495.221	631.83741	
495.653	646.78308	
496.086	704.04539	
496.518	676.66487	
496.95	718.97576	
497.382	746.33997	
497.813	738.87805	
498.245	679.15444	
498.677	654.25472	
499.109	651.76426	
499.54	564.54224	
499.972	606.92087	
500.404	701.55669	
500.835	654.25472	
501.267	681.64393	
501.698	669.19561	
502.129	684.13333	
502.561	631.83741	
502.992	649.27371	
503.423	706.534	
503.855	661.72556	
504.286	684.13333	
504.717	726.43977	
505.148	676.66487	
505.579	758.77478	
506.01	626.85481	
506.441	704.04539	
506.871	689.11187	
507.302	634.32858	
507.733	631.83741	
508.163	639.31064	
508.594	738.87805	
509.025	606.92087	
509.455	659.23537	
509.886	671.68545	
510.316	621.87186	
510.746	706.534	
511.177	659.23537	
511.607	661.72556	
512.037	741.36544	
512.467	621.87186	
512.898	718.97576	
513.328	621.87186	
513.758	656.74509	
514.188	661.72556	
514.617	686.62265	
515.047	626.85481	
515.477	552.07299	
515.907	619.38025	
516.337	651.76426	
516.766	689.11187	
517.196	574.51601	
517.625	601.93649	
518.055	616.88855	
518.484	557.06096	
518.914	641.80154	
519.343	559.55481	
519.772	636.81966	
520.202	624.36338	
520.631	689.11187	
521.06	611.90489	
521.489	706.534	
521.918	629.34616	
522.347	629.34616	
522.776	651.76426	
523.205	666.70568	
523.634	589.47398	
524.063	626.85481	
524.491	631.83741	
524.92	631.83741	
525.349	624.36338	
525.777	606.92087	
526.206	718.97576	
526.634	616.88855	
527.063	581.9954	
527.491	534.61226	
527.919	629.34616	
528.348	681.64393	
528.776	614.39676	
529.204	721.46385	
529.632	664.21566	
530.06	591.96666	
530.488	676.66487	
530.916	669.19561	
531.344	591.96666	
531.772	699.0679	
532.2	626.85481	
532.627	594.45925	
533.055	671.68545	
533.483	656.74509	
533.91	596.95175	
534.338	649.27371	
534.765	669.19561	
535.193	646.78308	
535.62	709.02253	
536.048	709.02253	
536.475	676.66487	
536.902	646.78308	
537.329	694.09006	
537.757	681.64393	
538.184	691.60101	
538.611	728.9276	
539.038	684.13333	
539.465	723.95185	
539.892	736.39056	
540.318	815.94719	
540.745	830.85429	
541.172	873.07447	
541.599	902.86227	
542.025	1041.7137	
542.452	977.27916	
542.878	959.92191	
543.305	858.17603	
543.731	947.52138	
544.158	873.07447	
544.584	900.38042	
545.01	900.38042	
545.436	1029.32674	
545.862	1118.46764	
546.289	1120.94228	
546.715	1103.61808	
547.141	984.71675	
547.567	865.62563	
547.993	825.8856	
548.418	843.27453	
548.844	803.52227	
549.27	853.2092	
549.696	838.30669	
550.121	793.58078	
550.547	808.49249	
550.972	758.77478	
551.398	763.7481	
551.823	746.33997	
552.249	594.45925	
552.674	666.70568	
553.099	701.55669	
553.525	694.09006	
553.95	718.97576	
554.375	649.27371	
554.8	614.39676	
555.225	671.68545	
555.65	664.21566	
556.075	646.78308	
556.5	666.70568	
556.925	659.23537	
557.349	671.68545	
557.774	589.47398	
558.199	599.44416	
558.623	599.44416	
559.048	567.03582	
559.472	651.76426	
559.897	586.98121	
560.321	661.72556	
560.746	591.96666	
561.17	634.32858	
561.594	596.95175	
562.018	599.44416	
562.443	616.88855	
562.867	591.96666	
563.291	624.36338	
563.715	539.60149	
564.139	681.64393	
564.562	599.44416	
564.986	726.43977	
565.41	728.9276	
565.834	596.95175	
566.257	616.88855	
566.681	577.00923	
567.105	494.68531	
567.528	562.04857	
567.952	529.62266	
568.375	674.1752	
568.798	579.50236	
569.222	544.59036	
569.645	567.03582	
570.068	621.87186	
570.491	549.57887	
570.914	616.88855	
571.337	549.57887	
571.76	589.47398	
572.183	547.08466	
572.606	606.92087	
573.029	614.39676	
573.452	621.87186	
573.875	716.48758	
574.297	644.29236	
574.72	619.38025	
575.143	604.42872	
575.565	532.11751	
575.988	584.48835	
576.41	649.27371	
576.832	666.70568	
577.255	654.25472	
577.677	641.80154	
578.099	569.5293	
578.521	596.95175	
578.943	639.31064	
579.365	659.23537	
579.787	626.85481	
580.209	611.90489	
580.631	689.11187	
581.053	711.51097	
581.475	701.55669	
581.897	554.56702	
582.318	636.81966	
582.74	666.70568	
583.162	611.90489	
583.583	631.83741	
584.005	639.31064	
584.426	649.27371	
584.847	664.21566	
585.269	656.74509	
585.69	606.92087	
586.111	626.85481	
586.532	641.80154	
586.954	669.19561	
587.375	674.1752	
587.796	629.34616	
588.217	639.31064	
588.637	681.64393	
589.058	671.68545	
589.479	559.55481	
589.9	532.11751	
590.32	586.98121	
590.741	621.87186	
591.162	606.92087	
591.582	606.92087	
592.003	596.95175	
592.423	604.42872	
592.844	656.74509	
593.264	564.54224	
593.684	689.11187	
594.104	694.09006	
594.524	674.1752	
594.945	654.25472	
595.365	579.50236	
595.785	567.03582	
596.205	604.42872	
596.625	509.66065	
597.044	549.57887	
597.464	572.0227	
597.884	474.71307	
598.304	609.41292	
598.723	572.0227	
599.143	711.51097	
599.562	626.85481	
599.982	689.11187	
600.401	656.74509	
600.821	641.80154	
601.24	636.81966	
601.659	589.47398	
602.078	631.83741	
602.498	549.57887	
602.917	586.98121	
603.336	549.57887	
603.755	542.09597	
604.174	666.70568	
604.593	666.70568	
605.011	629.34616	
605.43	562.04857	
605.849	581.9954	
606.268	644.29236	
606.686	624.36338	
607.105	666.70568	
607.523	601.93649	
607.942	661.72556	
608.36	584.48835	
608.779	634.32858	
609.197	549.57887	
609.615	716.48758	
610.033	706.534	
610.451	942.56059	
610.87	1091.24125	
611.288	1247.04379	
611.706	1289.03222	
612.124	1190.19994	
612.541	1066.48153	
612.959	977.27916	
613.377	910.30734	
613.795	912.78886	
614.212	828.36999	
614.63	736.39056	
615.048	736.39056	
615.465	716.48758	
615.883	713.99932	
616.3	656.74509	
616.717	644.29236	
617.135	614.39676	
617.552	579.50236	
617.969	664.21566	
618.386	459.73003	
618.803	609.41292	
619.22	529.62266	
619.637	636.81966	
620.054	589.47398	
620.471	606.92087	
620.888	552.07299	
621.305	532.11751	
621.721	499.67745	
622.138	567.03582	
622.555	564.54224	
622.971	577.00923	
623.388	512.15622	
623.804	547.08466	
624.221	549.57887	
624.637	504.66923	
625.053	599.44416	
625.47	562.04857	
625.886	479.70668	
626.302	562.04857	
626.718	624.36338	
627.134	542.09597	
627.55	527.12773	
627.966	601.93649	
628.382	596.95175	
628.797	554.56702	
629.213	562.04857	
629.629	574.51601	
630.045	586.98121	
630.46	609.41292	
630.876	514.6517	
631.291	547.08466	
631.707	594.45925	
632.122	584.48835	
632.537	547.08466	
632.953	519.64238	
633.368	574.51601	
633.783	474.71307	
634.198	494.68531	
634.613	509.66065	
635.028	527.12773	
635.443	489.6928	
635.858	524.6327	
636.273	539.60149	
636.688	487.19641	
637.102	554.56702	
637.517	517.14708	
637.932	459.73003	
638.346	472.21613	
638.761	549.57887	
639.175	469.71909	
639.59	459.73003	
640.004	472.21613	
640.418	482.20335	
640.832	477.20992	
641.247	472.21613	
641.661	512.15622	
642.075	487.19641	
642.489	462.22744	
642.903	489.6928	
643.317	487.19641	
643.731	517.14708	
644.145	519.64238	
644.558	586.98121	
644.972	467.22196	
645.386	474.71307	
645.799	494.68531	
646.213	452.23727	
646.626	374.7632	
647.04	484.69992	
647.453	554.56702	
647.866	364.76001	
648.28	432.25252	
648.693	429.754	
649.106	499.67745	
649.519	539.60149	
649.932	434.75093	
650.345	432.25252	
650.758	482.20335	
651.171	512.15622	
651.584	472.21613	
651.997	409.76257	
652.41	552.07299	
652.822	567.03582	
653.235	512.15622	
653.647	462.22744	
654.06	562.04857	
654.472	517.14708	
654.885	499.67745	
655.297	517.14708	
655.71	482.20335	
656.122	462.22744	
656.534	464.72475	
656.946	512.15622	
657.358	434.75093	
657.77	417.26005	
658.182	387.26508	
658.594	489.6928	
659.006	507.16498	
659.418	479.70668	
659.83	479.70668	
660.241	444.74368	
660.653	412.26182	
661.065	429.754	
661.476	462.22744	
661.888	427.2554	
662.299	469.71909	
662.71	452.23727	
663.122	467.22196	
663.533	557.06096	
663.944	409.76257	
664.355	477.20992	
664.767	377.26376	
665.178	439.74749	
665.589	419.75903	
666	462.22744	
666.41	394.76508	
666.821	499.67745	
667.232	387.26508	
667.643	467.22196	
668.053	472.21613	
668.464	504.66923	
668.875	412.26182	
669.285	359.75785	
669.696	549.57887	
670.106	362.25897	
670.516	444.74368	
670.927	387.26508	
671.337	552.07299	
671.747	432.25252	
672.157	392.26518	
672.567	434.75093	
672.977	519.64238	
673.387	392.26518	
673.797	412.26182	
674.207	472.21613	
674.617	444.74368	
675.027	377.26376	
675.436	507.16498	
675.846	422.25791	
676.256	427.2554	
676.665	429.754	
677.075	549.57887	
677.484	509.66065	
677.893	477.20992	
678.303	439.74749	
678.712	497.18143	
679.121	432.25252	
679.53	397.2649	
679.939	404.76378	
680.348	512.15622	
680.757	344.7491	
681.166	437.24926	
681.575	464.72475	
681.984	489.6928	
682.393	472.21613	
682.802	344.7491	
683.21	459.73003	
683.619	464.72475	
684.027	467.22196	
684.436	407.26322	
684.844	404.76378	
685.253	442.24563	
685.661	464.72475	
686.069	459.73003	
686.477	424.7567	
686.886	354.75531	
687.294	442.24563	
687.702	454.73495	
688.11	397.2649	
688.518	464.72475	
688.926	439.74749	
689.333	492.1891	
689.741	479.70668	
690.149	429.754	
690.557	354.75531	
690.964	367.26095	
691.372	417.26005	
691.779	522.13759	
692.187	392.26518	
692.594	474.71307	
693.001	449.7395	
693.409	444.74368	
693.816	422.25791	
694.223	417.26005	
694.63	459.73003	
695.037	367.26095	
695.444	414.76099	
695.851	412.26182	
696.258	469.71909	
696.665	452.23727	
697.072	419.75903	
697.479	444.74368	
697.885	407.26322	
698.292	387.26508	
698.698	447.24164	
699.105	362.25897	
699.511	404.76378	
699.918	394.76508	
700.324	454.73495	
700.73	424.7567	
701.137	357.25662	
701.543	409.76257	
701.949	359.75785	
702.355	394.76508	
702.761	434.75093	
703.167	384.76489	
703.573	407.26322	
703.979	437.24926	
704.385	449.7395	
704.79	439.74749	
705.196	374.7632	
705.602	404.76378	
706.007	399.76462	
706.413	477.20992	
706.818	387.26508	
707.224	414.76099	
707.629	399.76462	
708.034	447.24164	
708.439	429.754	
708.845	519.64238	
709.25	384.76489	
709.655	442.24563	
710.06	419.75903	
710.465	427.2554	
710.87	417.26005	
711.275	489.6928	
711.679	467.22196	
712.084	417.26005	
712.489	469.71909	
712.893	459.73003	
713.298	467.22196	
713.702	414.76099	
714.107	409.76257	
714.511	377.26376	
714.916	472.21613	
715.32	389.76517	
715.724	439.74749	
716.128	437.24926	
716.533	384.76489	
716.937	422.25791	
717.341	467.22196	
717.745	422.25791	
718.149	359.75785	
718.552	409.76257	
718.956	382.26461	
719.36	409.76257	
719.764	407.26322	
720.167	412.26182	
720.571	382.26461	
720.974	352.2539	
721.378	422.25791	
721.781	424.7567	
722.185	402.26425	
722.588	367.26095	
722.991	422.25791	
723.394	352.2539	
723.797	354.75531	
724.2	402.26425	
724.603	374.7632	
725.006	367.26095	
725.409	427.2554	
725.812	399.76462	
726.215	432.25252	
726.618	454.73495	
727.02	279.67174	
727.423	394.76508	
727.826	392.26518	
728.228	342.24731	
728.631	464.72475	
729.033	342.24731	
729.435	429.754	
729.838	397.2649	
730.24	422.25791	
730.642	394.76508	
731.044	342.24731	
731.446	407.26322	
731.848	404.76378	
732.25	422.25791	
732.652	409.76257	
733.054	382.26461	
733.456	364.76001	
733.857	339.74543	
734.259	357.25662	
734.661	397.2649	
735.062	377.26376	
735.464	359.75785	
735.865	412.26182	
736.267	324.73215	
736.668	384.76489	
737.069	449.7395	
737.47	442.24563	
737.872	352.2539	
738.273	389.76517	
738.674	439.74749	
739.075	412.26182	
739.476	367.26095	
739.877	357.25662	
740.278	397.2649	
740.678	332.23922	
741.079	482.20335	
741.48	334.74138	
741.88	374.7632	
742.281	474.71307	
742.681	402.26425	
743.082	407.26322	
743.482	409.76257	
743.882	434.75093	
744.283	424.7567	
744.683	467.22196	
745.083	399.76462	
745.483	447.24164	
745.883	429.754	
746.283	334.74138	
746.683	414.76099	
747.083	362.25897	
747.483	319.72696	
747.883	412.26182	
748.282	424.7567	
748.682	404.76378	
749.082	387.26508	
749.481	427.2554	
749.881	347.25079	
750.28	349.75239	
750.679	434.75093	
751.079	404.76378	
751.478	374.7632	
751.877	419.75903	
752.276	387.26508	
752.675	384.76489	
753.074	409.76257	
753.473	354.75531	
753.872	417.26005	
754.271	369.76179	
754.67	404.76378	
755.069	427.2554	
755.467	399.76462	
755.866	319.72696	
756.265	357.25662	
756.663	424.7567	
757.062	314.72139	
757.46	337.24345	
757.858	387.26508	
758.257	339.74543	
758.655	369.76179	
759.053	434.75093	
759.451	409.76257	
759.849	369.76179	
760.247	317.22422	
760.645	427.2554	
761.043	409.76257	
761.441	392.26518	
761.839	372.26254	
762.237	369.76179	
762.634	369.76179	
763.032	432.25252	
763.429	362.25897	
763.827	442.24563	
764.224	342.24731	
764.622	337.24345	
765.019	342.24731	
765.416	387.26508	
765.814	387.26508	
766.211	432.25252	
766.608	369.76179	
767.005	347.25079	
767.402	414.76099	
767.799	299.70241	
768.196	312.21847	
768.593	442.24563	
768.989	409.76257	
769.386	344.7491	
769.783	382.26461	
770.179	357.25662	
770.576	407.26322	
770.972	382.26461	
771.369	469.71909	
771.765	372.26254	
772.161	419.75903	
772.558	389.76517	
772.954	362.25897	
773.35	417.26005	
773.746	422.25791	
774.142	347.25079	
774.538	402.26425	
774.934	392.26518	
775.33	354.75531	
775.726	462.22744	
776.121	384.76489	
776.517	392.26518	
776.913	367.26095	
777.308	364.76001	
777.704	352.2539	
778.099	354.75531	
778.495	362.25897	
778.89	394.76508	
779.285	329.73695	
779.68	372.26254	
780.076	404.76378	
780.471	357.25662	
780.866	469.71909	
781.261	312.21847	
781.656	352.2539	
782.051	374.7632	
782.445	419.75903	
782.84	307.21233	
783.235	387.26508	
783.63	342.24731	
784.024	329.73695	
784.419	422.25791	
784.813	414.76099	
785.208	464.72475	
785.602	427.2554	
785.996	362.25897	
786.391	342.24731	
786.785	329.73695	
787.179	294.69532	
787.573	364.76001	
787.967	337.24345	
788.361	412.26182	
788.755	332.23922	
789.149	394.76508	
789.543	399.76462	
789.936	374.7632	
790.33	397.2649	
790.724	447.24164	
791.117	399.76462	
791.511	327.2346	
791.904	379.76423	
792.298	369.76179	
792.691	384.76489	
793.084	397.2649	
793.477	354.75531	
793.871	297.19891	
794.264	327.2346	
794.657	344.7491	
795.05	364.76001	
795.443	424.7567	
795.836	434.75093	
796.228	324.73215	
796.621	434.75093	
797.014	344.7491	
797.406	324.73215	
797.799	349.75239	
798.192	319.72696	
798.584	404.76378	
798.976	429.754	
799.369	324.73215	
799.761	327.2346	
800.153	362.25897	
800.546	354.75531	
800.938	342.24731	
801.33	429.754	
801.722	354.75531	
802.114	367.26095	
802.506	339.74543	
802.897	412.26182	
803.289	342.24731	
803.681	399.76462	
804.073	409.76257	
804.464	402.26425	
804.856	422.25791	
805.247	432.25252	
805.639	362.25897	
806.03	332.23922	
806.421	377.26376	
806.813	357.25662	
807.204	352.2539	
807.595	382.26461	
807.986	437.24926	
808.377	409.76257	
808.768	359.75785	
809.159	332.23922	
809.55	327.2346	
809.941	399.76462	
810.331	412.26182	
810.722	447.24164	
811.113	432.25252	
811.503	374.7632	
811.894	367.26095	
812.284	362.25897	
812.675	349.75239	
813.065	422.25791	
813.455	329.73695	
813.846	329.73695	
814.236	362.25897	
814.626	342.24731	
815.016	337.24345	
815.406	357.25662	
815.796	352.2539	
816.186	387.26508	
816.575	372.26254	
816.965	319.72696	
817.355	429.754	
817.745	347.25079	
818.134	304.70912	
818.524	392.26518	
818.913	402.26425	
819.303	372.26254	
819.692	329.73695	
820.081	414.76099	
820.47	452.23727	
820.86	372.26254	
821.249	427.2554	
821.638	387.26508	
822.027	379.76423	
822.416	332.23922	
822.805	402.26425	
823.193	379.76423	
823.582	354.75531	
823.971	327.2346	
824.36	412.26182	
824.748	422.25791	
825.137	387.26508	
825.525	349.75239	
825.914	394.76508	
826.302	407.26322	
826.69	367.26095	
827.079	399.76462	
827.467	357.25662	
827.855	334.74138	
828.243	369.76179	
828.631	454.73495	
829.019	342.24731	
829.407	359.75785	
829.795	439.74749	
830.182	347.25079	
830.57	279.67174	
830.958	407.26322	
831.345	407.26322	
831.733	332.23922	
832.12	304.70912	
832.508	367.26095	
832.895	379.76423	
833.283	414.76099	
833.67	342.24731	
834.057	349.75239	
834.444	274.66312	
834.831	392.26518	
835.218	434.75093	
835.605	387.26508	
835.992	422.25791	
836.379	399.76462	
836.766	372.26254	
837.152	349.75239	
837.539	364.76001	
837.926	402.26425	
838.312	367.26095	
838.699	347.25079	
839.085	392.26518	
839.472	424.7567	
839.858	362.25897	
840.244	389.76517	
840.63	449.7395	
841.017	302.20581	
841.403	339.74543	
841.789	412.26182	
842.175	447.24164	
842.561	382.26461	
842.946	362.25897	
843.332	392.26518	
843.718	367.26095	
844.104	369.76179	
844.489	272.15867	
844.875	347.25079	
845.26	387.26508	
845.646	369.76179	
846.031	347.25079	
846.416	422.25791	
846.802	404.76378	
847.187	339.74543	
847.572	332.23922	
847.957	339.74543	
848.342	357.25662	
848.727	409.76257	
849.112	407.26322	
849.497	342.24731	
849.882	412.26182	
850.266	389.76517	
850.651	417.26005	
851.036	379.76423	
851.42	382.26461	
851.805	357.25662	
852.189	367.26095	
852.574	339.74543	
852.958	352.2539	
853.342	392.26518	
853.726	274.66312	
854.11	309.71545	
854.495	262.13988	
854.879	327.2346	
855.263	347.25079	
855.646	354.75531	
856.03	372.26254	
856.414	387.26508	
856.798	314.72139	
857.181	329.73695	
857.565	344.7491	
857.949	347.25079	
858.332	379.76423	
858.716	314.72139	
859.099	377.26376	
859.482	359.75785	
859.866	379.76423	
860.249	312.21847	
860.632	304.70912	
861.015	249.61423	
861.398	327.2346	
861.781	337.24345	
862.164	357.25662	
862.547	319.72696	
862.929	382.26461	
863.312	369.76179	
863.695	364.76001	
864.077	394.76508	
864.46	417.26005	
864.842	332.23922	
865.225	332.23922	
865.607	319.72696	
865.99	309.71545	
866.372	289.68784	
866.754	332.23922	
867.136	332.23922	
867.518	332.23922	
867.9	352.2539	
868.282	337.24345	
868.664	377.26376	
869.046	417.26005	
869.428	272.15867	
869.809	357.25662	
870.191	339.74543	
870.573	404.76378	
870.954	364.76001	
871.336	377.26376	
871.717	354.75531	
872.099	357.25662	
872.48	374.7632	
872.861	344.7491	
873.242	364.76001	
873.623	384.76489	
874.004	364.76001	
874.385	389.76517	
874.766	379.76423	
875.147	329.73695	
875.528	349.75239	
875.909	369.76179	
876.29	332.23922	
876.67	427.2554	
877.051	397.2649	
877.431	377.26376	
877.812	297.19891	
878.192	302.20581	
878.573	344.7491	
878.953	394.76508	
879.333	329.73695	
879.713	454.73495	
880.093	332.23922	
880.473	329.73695	
880.853	349.75239	
881.233	402.26425	
881.613	319.72696	
881.993	322.2296	
882.373	272.15867	
882.753	327.2346	
883.132	357.25662	
883.512	327.2346	
883.891	402.26425	
884.271	392.26518	
884.65	399.76462	
885.029	334.74138	
885.409	354.75531	
885.788	357.25662	
886.167	352.2539	
886.546	347.25079	
886.925	389.76517	
887.304	369.76179	
887.683	389.76517	
888.062	312.21847	
888.441	374.7632	
888.82	442.24563	
889.198	407.26322	
889.577	402.26425	
889.955	342.24731	
890.334	339.74543	
890.712	452.23727	
891.091	344.7491	
891.469	387.26508	
891.847	337.24345	
892.226	367.26095	
892.604	387.26508	
892.982	334.74138	
893.36	324.73215	
893.738	344.7491	
894.116	354.75531	
894.493	374.7632	
894.871	389.76517	
895.249	284.67998	
895.627	409.76257	
896.004	414.76099	
896.382	289.68784	
896.759	387.26508	
897.137	329.73695	
897.514	357.25662	
897.891	304.70912	
898.269	282.17591	
898.646	264.64472	
899.023	302.20581	
899.4	404.76378	
899.777	414.76099	
900.154	387.26508	
900.531	369.76179	
900.908	362.25897	
901.284	389.76517	
901.661	379.76423	
902.038	319.72696	
902.414	372.26254	
902.791	322.2296	
903.167	367.26095	
903.544	362.25897	
903.92	397.2649	
904.296	447.24164	
904.672	327.2346	
905.049	374.7632	
905.425	387.26508	
905.801	284.67998	
906.177	369.76179	
906.553	399.76462	
906.929	379.76423	
907.304	424.7567	
907.68	344.7491	
908.056	392.26518	
908.431	307.21233	
908.807	357.25662	
909.182	434.75093	
909.558	314.72139	
909.933	402.26425	
910.309	359.75785	
910.684	379.76423	
911.059	409.76257	
911.434	344.7491	
911.809	392.26518	
912.184	307.21233	
912.559	372.26254	
912.934	417.26005	
913.309	349.75239	
913.684	362.25897	
914.058	339.74543	
914.433	367.26095	
914.808	364.76001	
915.182	387.26508	
915.557	347.25079	
915.931	337.24345	
916.305	359.75785	
916.68	379.76423	
917.054	319.72696	
917.428	294.69532	
917.802	339.74543	
918.176	317.22422	
918.55	367.26095	
918.924	377.26376	
919.298	359.75785	
919.672	367.26095	
920.045	349.75239	
920.419	314.72139	
920.793	314.72139	
921.166	337.24345	
921.54	354.75531	
921.913	292.19163	
922.287	434.75093	
922.66	364.76001	
923.033	394.76508	
923.406	364.76001	
923.78	372.26254	
924.153	309.71545	
924.526	344.7491	
924.899	344.7491	
925.271	404.76378	
925.644	347.25079	
926.017	262.13988	
926.39	424.7567	
926.762	309.71545	
927.135	344.7491	
927.508	344.7491	
927.88	372.26254	
928.252	314.72139	
928.625	377.26376	
928.997	279.67174	
929.369	264.64472	
929.741	322.2296	
930.114	294.69532	
930.486	409.76257	
930.858	372.26254	
931.229	354.75531	
931.601	302.20581	
931.973	324.73215	
932.345	307.21233	
932.717	432.25252	
933.088	334.74138	
933.46	377.26376	
933.831	339.74543	
934.203	304.70912	
934.574	362.25897	
934.945	344.7491	
935.317	274.66312	
935.688	352.2539	
936.059	379.76423	
936.43	272.15867	
936.801	369.76179	
937.172	319.72696	
937.543	372.26254	
937.914	377.26376	
938.284	397.2649	
938.655	377.26376	
939.026	442.24563	
939.396	332.23922	
939.767	319.72696	
940.137	374.7632	
940.508	389.76517	
940.878	362.25897	
941.248	382.26461	
941.618	332.23922	
941.989	399.76462	
942.359	342.24731	
942.729	327.2346	
943.099	357.25662	
943.469	332.23922	
943.838	352.2539	
944.208	327.2346	
944.578	374.7632	
944.948	279.67174	
945.317	332.23922	
945.687	362.25897	
946.056	414.76099	
946.426	334.74138	
946.795	287.18396	
947.164	337.24345	
947.533	357.25662	
947.903	344.7491	
948.272	294.69532	
948.641	409.76257	
949.01	309.71545	
949.379	264.64472	
949.748	329.73695	
950.116	319.72696	
950.485	412.26182	
950.854	407.26322	
951.222	324.73215	
951.591	302.20581	
951.959	467.22196	
952.328	312.21847	
952.696	294.69532	
953.065	349.75239	
953.433	357.25662	
953.801	334.74138	
954.169	327.2346	
954.537	324.73215	
954.905	377.26376	
955.273	359.75785	
955.641	399.76462	
956.009	359.75785	
956.377	359.75785	
956.744	344.7491	
957.112	387.26508	
957.479	292.19163	
957.847	352.2539	
958.214	292.19163	
958.582	284.67998	
958.949	314.72139	
959.316	387.26508	
959.684	392.26518	
960.051	402.26425	
960.418	364.76001	
960.785	384.76489	
961.152	364.76001	
961.519	367.26095	
961.885	382.26461	
962.252	334.74138	
962.619	359.75785	
962.986	319.72696	
963.352	364.76001	
963.719	317.22422	
964.085	394.76508	
964.452	392.26518	
964.818	277.16748	
965.184	354.75531	
965.55	399.76462	
965.916	324.73215	
966.283	387.26508	
966.649	404.76378	
967.015	374.7632	
967.38	347.25079	
967.746	364.76001	
968.112	344.7491	
968.478	329.73695	
968.843	334.74138	
969.209	344.7491	
969.575	299.70241	
969.94	334.74138	
970.305	332.23922	
970.671	374.7632	
971.036	429.754	
971.401	332.23922	
971.766	384.76489	
972.132	357.25662	
972.497	354.75531	
972.862	302.20581	
973.227	292.19163	
973.591	319.72696	
973.956	339.74543	
974.321	379.76423	
974.686	307.21233	
975.05	372.26254	
975.415	332.23922	
975.779	302.20581	
976.144	392.26518	
976.508	444.74368	
976.872	292.19163	
977.236	352.2539	
977.601	382.26461	
977.965	402.26425	
978.329	334.74138	
978.693	277.16748	
979.057	297.19891	
979.421	342.24731	
979.784	372.26254	
980.148	374.7632	
980.512	314.72139	
980.875	424.7567	
981.239	407.26322	
981.602	337.24345	
981.966	339.74543	
982.329	379.76423	
982.692	294.69532	
983.056	359.75785	
983.419	309.71545	
983.782	387.26508	
984.145	312.21847	
984.508	324.73215	
984.871	402.26425	
985.234	372.26254	
985.597	284.67998	
985.959	372.26254	
986.322	284.67998	
986.685	347.25079	
987.047	327.2346	
987.41	354.75531	
987.772	427.2554	
988.134	419.75903	
988.497	354.75531	
988.859	314.72139	
989.221	359.75785	
989.583	349.75239	
989.945	317.22422	
990.307	374.7632	
990.669	339.74543	
991.031	322.2296	
991.393	342.24731	
991.755	369.76179	
992.116	409.76257	
992.478	357.25662	
992.839	367.26095	
993.201	412.26182	
993.562	352.2539	
993.924	332.23922	
994.285	334.74138	
994.646	349.75239	
995.007	237.08617	
995.369	392.26518	
995.73	312.21847	
996.091	324.73215	
996.451	332.23922	
996.812	389.76517	
997.173	382.26461	
997.534	327.2346	
997.895	369.76179	
998.255	327.2346	
998.616	302.20581	
998.976	367.26095	
999.337	304.70912	
999.697	402.26425	
1000.057	389.76517	
1000.418	357.25662	
1000.778	264.64472	
1001.138	359.75785	
1001.498	337.24345	
1001.858	357.25662	
1002.218	264.64472	
1002.578	349.75239	
1002.937	377.26376	
1003.297	364.76001	
1003.657	309.71545	
1004.016	359.75785	
1004.376	382.26461	
1004.735	379.76423	
1005.095	344.7491	
1005.454	357.25662	
1005.813	362.25897	
1006.173	347.25079	
1006.532	327.2346	
1006.891	304.70912	
1007.25	339.74543	
1007.609	452.23727	
1007.968	374.7632	
1008.327	339.74543	
1008.686	384.76489	
1009.044	352.2539	
1009.403	382.26461	
1009.762	369.76179	
1010.12	397.2649	
1010.479	404.76378	
1010.837	372.26254	
1011.195	412.26182	
1011.554	312.21847	
1011.912	314.72139	
1012.27	334.74138	
1012.628	292.19163	
1012.986	347.25079	
1013.344	317.22422	
1013.702	309.71545	
1014.06	369.76179	
1014.418	362.25897	
1014.775	324.73215	
1015.133	394.76508	
1015.491	347.25079	
1015.848	392.26518	
1016.206	262.13988	
1016.563	394.76508	
1016.92	294.69532	
1017.278	409.76257	
1017.635	327.2346	
1017.992	397.2649	
1018.349	314.72139	
1018.706	299.70241	
1019.063	287.18396	
1019.42	324.73215	
1019.777	354.75531	
1020.134	344.7491	
1020.49	362.25897	
1020.847	289.68784	
1021.203	309.71545	
1021.56	359.75785	
1021.916	364.76001	
1022.273	377.26376	
1022.629	357.25662	
1022.985	257.12991	
1023.342	317.22422	
1023.698	344.7491	
1024.054	324.73215	
1024.41	399.76462	
1024.766	344.7491	
1025.122	329.73695	
1025.477	339.74543	
1025.833	339.74543	
1026.189	317.22422	
1026.545	384.76489	
1026.9	382.26461	
1027.256	462.22744	
1027.611	337.24345	
1027.966	279.67174	
1028.322	374.7632	
1028.677	327.2346	
1029.032	357.25662	
1029.387	389.76517	
1029.742	297.19891	
1030.097	324.73215	
1030.452	334.74138	
1030.807	339.74543	
1031.162	332.23922	
1031.517	469.71909	
1031.871	359.75785	
1032.226	324.73215	
1032.581	324.73215	
1032.935	324.73215	
