FLMS05510_1:101		
187.856	11.78911	
188.32	11.78911	
188.785	11.78911	
189.249	-66.21804	
189.713	-36.00999	
190.178	-41.04363	
190.642	-13.3637	
191.106	-81.32767	
191.57	-78.80914	
192.034	-159.45408	
192.498	-56.14704	
192.963	-93.92188	
193.427	-41.04363	
193.89	69.60198	
194.354	64.57689	
194.818	-8.33232	
195.282	31.90401	
195.746	34.41792	
196.21	44.47252	
196.673	157.47622	
197.137	170.01977	
197.601	185.06878	
198.064	157.47622	
198.528	202.62151	
198.991	247.73518	
199.454	250.24057	
199.918	207.63569	
200.381	257.75618	
200.844	335.36691	
201.308	272.78479	
201.771	245.22969	
202.234	322.85525	
202.697	262.7661	
203.16	292.81756	
203.623	385.38995	
204.086	332.86477	
204.549	365.38525	
205.012	345.37453	
205.475	365.38525	
205.938	347.8762	
206.4	370.38699	
206.863	322.85525	
207.326	382.88969	
207.788	357.88194	
208.251	417.88481	
208.714	315.34711	
209.176	355.38065	
209.639	420.38376	
210.101	382.88969	
210.563	327.8602	
211.026	382.88969	
211.488	412.88662	
211.95	335.36691	
212.412	370.38699	
212.874	317.84992	
213.337	370.38699	
213.799	390.39018	
214.261	357.88194	
214.723	330.36253	
215.184	317.84992	
215.646	340.37091	
216.108	365.38525	
216.57	302.83165	
217.032	340.37091	
217.493	262.7661	
217.955	430.37864	
218.417	302.83165	
218.878	340.37091	
219.34	325.35777	
219.801	270.28026	
220.263	260.26119	
220.724	285.30599	
221.185	335.36691	
221.647	297.82479	
222.108	345.37453	
222.569	345.37453	
223.03	362.88424	
223.491	302.83165	
223.952	247.73518	
224.413	297.82479	
224.874	247.73518	
225.335	360.38314	
225.796	330.36253	
226.257	362.88424	
226.718	282.80194	
227.179	347.8762	
227.639	380.38934	
228.1	295.32122	
228.561	335.36691	
229.021	305.33493	
229.482	292.81756	
229.942	335.36691	
230.403	297.82479	
230.863	247.73518	
231.323	342.87277	
231.784	280.2978	
232.244	347.8762	
232.704	367.88617	
233.164	332.86477	
233.625	340.37091	
234.085	365.38525	
234.545	362.88424	
235.005	292.81756	
235.465	260.26119	
235.925	340.37091	
236.384	372.88772	
236.844	245.22969	
237.304	310.34121	
237.764	275.28922	
238.223	250.24057	
238.683	305.33493	
239.143	352.87926	
239.602	320.35263	
240.062	317.84992	
240.521	345.37453	
240.98	342.87277	
241.44	350.37778	
241.899	400.38953	
242.358	317.84992	
242.818	332.86477	
243.277	345.37453	
243.736	250.24057	
244.195	425.38139	
244.654	397.88984	
245.113	345.37453	
245.572	302.83165	
246.031	305.33493	
246.49	397.88984	
246.949	322.85525	
247.408	367.88617	
247.866	280.2978	
248.325	332.86477	
248.784	332.86477	
249.242	360.38314	
249.701	307.83812	
250.159	275.28922	
250.618	310.34121	
251.076	385.38995	
251.534	400.38953	
251.993	332.86477	
252.451	382.88969	
252.909	345.37453	
253.368	392.89016	
253.826	290.3138	
254.284	370.38699	
254.742	295.32122	
255.2	332.86477	
255.658	360.38314	
256.116	375.38835	
256.574	405.38865	
257.031	317.84992	
257.489	285.30599	
257.947	270.28026	
258.405	377.88889	
258.862	362.88424	
259.32	347.8762	
259.777	352.87926	
260.235	360.38314	
260.692	297.82479	
261.15	315.34711	
261.607	332.86477	
262.065	295.32122	
262.522	250.24057	
262.979	272.78479	
263.436	347.8762	
263.893	315.34711	
264.351	342.87277	
264.808	360.38314	
265.265	385.38995	
265.722	307.83812	
266.178	367.88617	
266.635	340.37091	
267.092	430.37864	
267.549	357.88194	
268.006	382.88969	
268.462	357.88194	
268.919	380.38934	
269.376	320.35263	
269.832	352.87926	
270.289	295.32122	
270.745	387.89011	
271.202	360.38314	
271.658	355.38065	
272.114	355.38065	
272.571	302.83165	
273.027	327.8602	
273.483	385.38995	
273.939	292.81756	
274.395	387.89011	
274.851	370.38699	
275.307	357.88194	
275.763	342.87277	
276.219	450.36395	
276.675	332.86477	
277.131	350.37778	
277.587	347.8762	
278.042	325.35777	
278.498	370.38699	
278.954	300.32827	
279.409	365.38525	
279.865	412.88662	
280.32	382.88969	
280.776	300.32827	
281.231	395.39005	
281.687	377.88889	
282.142	375.38835	
282.597	375.38835	
283.052	325.35777	
283.508	397.88984	
283.963	297.82479	
284.418	327.8602	
284.873	322.85525	
285.328	302.83165	
285.783	342.87277	
286.238	337.86896	
286.693	332.86477	
287.147	275.28922	
287.602	410.38739	
288.057	350.37778	
288.512	337.86896	
288.966	370.38699	
289.421	357.88194	
289.875	305.33493	
290.33	335.36691	
290.784	322.85525	
291.239	370.38699	
291.693	362.88424	
292.147	382.88969	
292.602	457.85692	
293.056	275.28922	
293.51	315.34711	
293.964	365.38525	
294.418	355.38065	
294.872	342.87277	
295.326	342.87277	
295.78	382.88969	
296.234	412.88662	
296.688	287.80994	
297.142	310.34121	
297.595	390.39018	
298.049	325.35777	
298.503	335.36691	
298.956	367.88617	
299.41	370.38699	
299.863	315.34711	
300.317	432.87713	
300.77	372.88772	
301.224	452.8617	
301.677	380.38934	
302.13	357.88194	
302.584	370.38699	
303.037	390.39018	
303.49	360.38314	
303.943	365.38525	
304.396	427.88006	
304.849	310.34121	
305.302	340.37091	
305.755	380.38934	
306.208	347.8762	
306.661	322.85525	
307.114	385.38995	
307.566	425.38139	
308.019	265.27092	
308.472	322.85525	
308.924	360.38314	
309.377	402.88914	
309.829	317.84992	
310.282	392.89016	
310.734	325.35777	
311.187	370.38699	
311.639	415.38576	
312.091	412.88662	
312.543	395.39005	
312.995	347.8762	
313.448	350.37778	
313.9	362.88424	
314.352	350.37778	
314.804	417.88481	
315.256	372.88772	
315.708	360.38314	
316.159	400.38953	
316.611	395.39005	
317.063	382.88969	
317.515	385.38995	
317.966	320.35263	
318.418	360.38314	
318.87	342.87277	
319.321	370.38699	
319.773	382.88969	
320.224	375.38835	
320.675	410.38739	
321.127	340.37091	
321.578	380.38934	
322.029	310.34121	
322.48	362.88424	
322.932	345.37453	
323.383	405.38865	
323.834	380.38934	
324.285	360.38314	
324.736	440.37204	
325.187	337.86896	
325.638	307.83812	
326.088	370.38699	
326.539	320.35263	
326.99	405.38865	
327.441	372.88772	
327.891	332.86477	
328.342	305.33493	
328.792	330.36253	
329.243	297.82479	
329.693	395.39005	
330.144	410.38739	
330.594	377.88889	
331.044	405.38865	
331.495	412.88662	
331.945	417.88481	
332.395	355.38065	
332.845	402.88914	
333.295	382.88969	
333.745	325.35777	
334.195	352.87926	
334.645	402.88914	
335.095	440.37204	
335.545	390.39018	
335.995	357.88194	
336.444	340.37091	
336.894	405.38865	
337.344	335.36691	
337.793	285.30599	
338.243	357.88194	
338.692	425.38139	
339.142	372.88772	
339.591	407.88807	
340.041	367.88617	
340.49	337.86896	
340.939	417.88481	
341.388	335.36691	
341.838	367.88617	
342.287	377.88889	
342.736	367.88617	
343.185	382.88969	
343.634	397.88984	
344.083	397.88984	
344.532	337.86896	
344.981	402.88914	
345.429	365.38525	
345.878	382.88969	
346.327	297.82479	
346.776	402.88914	
347.224	315.34711	
347.673	362.88424	
348.121	365.38525	
348.57	427.88006	
349.018	320.35263	
349.467	357.88194	
349.915	415.38576	
350.363	402.88914	
350.811	397.88984	
351.26	365.38525	
351.708	377.88889	
352.156	327.8602	
352.604	385.38995	
353.052	342.87277	
353.5	417.88481	
353.948	407.88807	
354.396	392.89016	
354.843	432.87713	
355.291	315.34711	
355.739	402.88914	
356.186	432.87713	
356.634	410.38739	
357.082	390.39018	
357.529	382.88969	
357.977	440.37204	
358.424	395.39005	
358.871	375.38835	
359.319	325.35777	
359.766	405.38865	
360.213	415.38576	
360.661	367.88617	
361.108	407.88807	
361.555	402.88914	
362.002	377.88889	
362.449	337.86896	
362.896	392.89016	
363.343	397.88984	
363.79	435.37552	
364.236	357.88194	
364.683	422.88262	
365.13	385.38995	
365.577	317.84992	
366.023	427.88006	
366.47	322.85525	
366.916	355.38065	
367.363	357.88194	
367.809	387.89011	
368.256	392.89016	
368.702	330.36253	
369.148	412.88662	
369.594	407.88807	
370.041	397.88984	
370.487	415.38576	
370.933	355.38065	
371.379	500.30144	
371.825	397.88984	
372.271	497.80544	
372.717	397.88984	
373.163	377.88889	
373.608	365.38525	
374.054	362.88424	
374.5	382.88969	
374.946	347.8762	
375.391	347.8762	
375.837	442.87015	
376.282	370.38699	
376.728	395.39005	
377.173	427.88006	
377.618	402.88914	
378.064	420.38376	
378.509	460.35439	
378.954	432.87713	
379.4	412.88662	
379.845	400.38953	
380.29	350.37778	
380.735	425.38139	
381.18	440.37204	
381.625	375.38835	
382.07	415.38576	
382.514	400.38953	
382.959	397.88984	
383.404	435.37552	
383.849	422.88262	
384.293	382.88969	
384.738	335.36691	
385.183	422.88262	
385.627	387.89011	
386.072	380.38934	
386.516	395.39005	
386.96	452.8617	
387.405	335.36691	
387.849	402.88914	
388.293	350.37778	
388.737	347.8762	
389.181	345.37453	
389.626	407.88807	
390.07	455.35936	
390.514	380.38934	
390.957	367.88617	
391.401	422.88262	
391.845	427.88006	
392.289	377.88889	
392.733	395.39005	
393.176	407.88807	
393.62	385.38995	
394.064	402.88914	
394.507	427.88006	
394.951	397.88984	
395.394	342.87277	
395.838	412.88662	
396.281	350.37778	
396.724	372.88772	
397.168	412.88662	
397.611	420.38376	
398.054	325.35777	
398.497	405.38865	
398.94	480.33085	
399.383	510.28455	
399.826	445.36818	
400.269	452.8617	
400.712	477.83412	
401.155	520.26619	
401.597	420.38376	
402.04	417.88481	
402.483	450.36395	
402.925	407.88807	
403.368	435.37552	
403.811	490.31688	
404.253	427.88006	
404.696	455.35936	
405.138	477.83412	
405.58	472.84037	
406.023	430.37864	
406.465	427.88006	
406.907	407.88807	
407.349	427.88006	
407.791	530.24638	
408.233	430.37864	
408.675	467.84626	
409.117	412.88662	
409.559	457.85692	
410.001	425.38139	
410.443	450.36395	
410.885	412.88662	
411.326	515.27555	
411.768	517.77092	
412.21	577.63252	
412.651	440.37204	
413.093	505.29318	
413.534	437.87383	
413.975	477.83412	
414.417	457.85692	
414.858	520.26619	
415.299	532.7412	
415.741	522.76138	
416.182	417.88481	
416.623	462.85177	
417.064	480.33085	
417.505	500.30144	
417.946	540.22512	
418.387	537.73057	
418.828	405.38865	
419.269	480.33085	
419.709	445.36818	
420.15	455.35936	
420.591	482.8275	
421.031	467.84626	
421.472	500.30144	
421.913	502.79736	
422.353	492.81316	
422.794	525.25647	
423.234	477.83412	
423.674	470.34336	
424.115	525.25647	
424.555	490.31688	
424.995	452.8617	
425.435	442.87015	
425.875	460.35439	
426.315	467.84626	
426.755	425.38139	
427.195	530.24638	
427.635	495.30935	
428.075	410.38739	
428.515	532.7412	
428.955	537.73057	
429.394	505.29318	
429.834	487.82051	
430.274	485.32405	
430.713	495.30935	
431.153	502.79736	
431.592	457.85692	
432.031	492.81316	
432.471	492.81316	
432.91	452.8617	
433.349	475.33729	
433.789	467.84626	
434.228	510.28455	
434.667	545.21395	
435.106	590.09716	
435.545	737.01244	
435.984	592.58982	
436.423	610.03592	
436.862	547.70823	
437.301	605.05177	
437.739	602.55955	
438.178	445.36818	
438.617	525.25647	
439.055	442.87015	
439.494	462.85177	
439.932	565.16564	
440.371	517.77092	
440.809	452.8617	
441.248	475.33729	
441.686	540.22512	
442.124	527.75147	
442.563	442.87015	
443.001	520.26619	
443.439	502.79736	
443.877	475.33729	
444.315	507.78891	
444.753	500.30144	
445.191	490.31688	
445.629	500.30144	
446.067	567.6592	
446.504	487.82051	
446.942	550.20241	
447.38	515.27555	
447.817	465.34906	
448.255	507.78891	
448.693	517.77092	
449.13	629.96898	
449.568	497.80544	
450.005	572.64604	
450.442	527.75147	
450.88	527.75147	
451.317	500.30144	
451.754	492.81316	
452.191	500.30144	
452.628	537.73057	
453.065	492.81316	
453.502	540.22512	
453.939	480.33085	
454.376	535.23593	
454.813	552.69651	
455.25	570.15266	
455.686	540.22512	
456.123	550.20241	
456.56	577.63252	
456.996	575.13932	
457.433	505.29318	
457.869	490.31688	
458.306	595.08238	
458.742	552.69651	
459.179	557.68443	
459.615	522.76138	
460.051	580.12563	
460.487	507.78891	
460.924	565.16564	
461.36	522.76138	
461.796	570.15266	
462.232	580.12563	
462.668	637.44241	
463.104	557.68443	
463.539	629.96898	
463.975	610.03592	
464.411	455.35936	
464.847	477.83412	
465.282	582.61864	
465.718	545.21395	
466.153	659.85792	
466.589	512.7801	
467.024	552.69651	
467.46	490.31688	
467.895	547.70823	
468.33	629.96898	
468.766	580.12563	
469.201	580.12563	
469.636	535.23593	
470.071	607.54389	
470.506	590.09716	
470.941	575.13932	
471.376	610.03592	
471.811	562.67199	
472.246	602.55955	
472.681	560.17826	
473.115	647.40574	
473.55	580.12563	
473.985	585.11157	
474.419	580.12563	
474.854	624.98625	
475.288	587.60441	
475.723	629.96898	
476.157	637.44241	
476.592	629.96898	
477.026	637.44241	
477.46	682.26629	
477.894	505.29318	
478.329	717.10963	
478.763	570.15266	
479.197	562.67199	
479.631	620.00316	
480.065	637.44241	
480.499	647.40574	
480.932	659.85792	
481.366	624.98625	
481.8	629.96898	
482.234	667.32817	
482.667	652.38688	
483.101	674.79763	
483.535	642.42425	
483.968	620.00316	
484.401	702.17887	
484.835	664.83818	
485.268	697.20125	
485.702	694.71231	
486.135	709.64465	
486.568	669.81808	
487.001	722.08586	
487.434	722.08586	
487.867	717.10963	
488.3	714.62139	
488.733	659.85792	
489.166	749.44888	
489.599	719.59779	
490.032	672.3079	
490.464	687.24496	
490.897	704.66755	
491.33	669.81808	
491.762	649.89636	
492.195	709.64465	
492.627	642.42425	
493.06	672.3079	
493.492	644.91504	
493.925	749.44888	
494.357	769.34267	
494.789	759.39646	
495.221	719.59779	
495.653	732.03726	
496.086	659.85792	
496.518	629.96898	
496.95	744.47456	
497.382	620.00316	
497.813	679.77682	
498.245	714.62139	
498.677	689.73417	
499.109	672.3079	
499.54	744.47456	
499.972	769.34267	
500.404	672.3079	
500.835	704.66755	
501.267	629.96898	
501.698	612.52786	
502.129	664.83818	
502.561	694.71231	
502.992	692.22328	
503.423	714.62139	
503.855	664.83818	
504.286	642.42425	
504.717	647.40574	
505.148	694.71231	
505.579	677.28727	
506.01	697.20125	
506.441	639.93338	
506.871	657.36766	
507.302	727.06173	
507.733	707.15614	
508.163	697.20125	
508.594	684.75567	
509.025	667.32817	
509.455	647.40574	
509.886	707.15614	
510.316	727.06173	
510.746	737.01244	
511.177	727.06173	
511.607	776.80142	
512.037	692.22328	
512.467	697.20125	
512.898	697.20125	
513.328	667.32817	
513.758	766.85625	
514.188	664.83818	
514.617	637.44241	
515.047	652.38688	
515.477	657.36766	
515.907	682.26629	
516.337	637.44241	
516.766	657.36766	
517.196	669.81808	
517.625	647.40574	
518.055	615.01972	
518.484	617.51149	
518.914	657.36766	
519.343	774.31526	
519.772	597.57486	
520.202	607.54389	
520.631	776.80142	
521.06	657.36766	
521.489	702.17887	
521.918	697.20125	
522.347	766.85625	
522.776	741.98728	
523.205	717.10963	
523.634	644.91504	
524.063	617.51149	
524.491	642.42425	
524.92	734.5249	
525.349	672.3079	
525.777	682.26629	
526.206	667.32817	
526.634	734.5249	
527.063	667.32817	
527.491	664.83818	
527.919	639.93338	
528.348	687.24496	
528.776	746.96176	
529.204	677.28727	
529.632	707.15614	
530.06	714.62139	
530.488	707.15614	
530.916	712.13306	
531.344	727.06173	
531.772	677.28727	
532.2	746.96176	
532.627	707.15614	
533.055	724.57384	
533.483	682.26629	
533.91	702.17887	
534.338	657.36766	
534.765	732.03726	
535.193	697.20125	
535.62	734.5249	
536.048	699.69011	
536.475	682.26629	
536.902	714.62139	
537.329	732.03726	
537.757	826.5067	
538.184	754.42284	
538.611	739.4999	
539.038	826.5067	
539.465	764.36974	
539.892	766.85625	
540.318	712.13306	
540.745	863.7633	
541.172	915.89064	
541.599	1020.03518	
542.025	925.81547	
542.452	953.10187	
542.878	1079.48139	
543.305	970.46072	
543.731	1042.333	
544.158	995.25206	
544.584	980.37825	
545.01	982.85742	
545.436	1101.76169	
545.862	1089.38455	
546.289	1034.90113	
546.715	1062.14774	
547.141	950.62171	
547.567	886.10813	
547.993	923.33439	
548.418	896.03697	
548.844	816.56838	
549.27	799.17304	
549.696	692.22328	
550.121	717.10963	
550.547	806.6287	
550.972	687.24496	
551.398	784.2594	
551.823	853.83007	
552.249	687.24496	
552.674	722.08586	
553.099	667.32817	
553.525	741.98728	
553.95	727.06173	
554.375	697.20125	
554.8	734.5249	
555.225	796.68764	
555.65	684.75567	
556.075	677.28727	
556.5	657.36766	
556.925	687.24496	
557.349	707.15614	
557.774	672.3079	
558.199	717.10963	
558.623	672.3079	
559.048	652.38688	
559.472	707.15614	
559.897	600.06725	
560.321	582.61864	
560.746	664.83818	
561.17	664.83818	
561.594	707.15614	
562.018	629.96898	
562.443	624.98625	
562.867	652.38688	
563.291	682.26629	
563.715	707.15614	
564.139	679.77682	
564.562	677.28727	
564.986	724.57384	
565.41	605.05177	
565.834	647.40574	
566.257	654.87732	
566.681	637.44241	
567.105	622.49475	
567.528	707.15614	
567.952	732.03726	
568.375	746.96176	
568.798	707.15614	
569.222	545.21395	
569.645	667.32817	
570.068	615.01972	
570.491	642.42425	
570.914	632.46021	
571.337	632.46021	
571.76	737.01244	
572.183	632.46021	
572.606	664.83818	
573.029	694.71231	
573.452	674.79763	
573.875	712.13306	
574.297	674.79763	
574.72	592.58982	
575.143	687.24496	
575.565	667.32817	
575.988	724.57384	
576.41	642.42425	
576.832	714.62139	
577.255	712.13306	
577.677	682.26629	
578.099	687.24496	
578.521	749.44888	
578.943	647.40574	
579.365	674.79763	
579.787	639.93338	
580.209	712.13306	
580.631	699.69011	
581.053	622.49475	
581.475	657.36766	
581.897	639.93338	
582.318	654.87732	
582.74	699.69011	
583.162	689.73417	
583.583	697.20125	
584.005	739.4999	
584.426	692.22328	
584.847	615.01972	
585.269	719.59779	
585.69	612.52786	
586.111	734.5249	
586.532	739.4999	
586.954	687.24496	
587.375	684.75567	
587.796	744.47456	
588.217	652.38688	
588.637	704.66755	
589.058	677.28727	
589.479	662.34809	
589.9	562.67199	
590.32	664.83818	
590.741	652.38688	
591.162	607.54389	
591.582	620.00316	
592.003	649.89636	
592.423	667.32817	
592.844	704.66755	
593.264	697.20125	
593.684	714.62139	
594.104	674.79763	
594.524	617.51149	
594.945	657.36766	
595.365	657.36766	
595.785	737.01244	
596.205	682.26629	
596.625	697.20125	
597.044	682.26629	
597.464	652.38688	
597.884	627.47766	
598.304	654.87732	
598.723	567.6592	
599.143	689.73417	
599.562	634.95136	
599.982	717.10963	
600.401	741.98728	
600.821	632.46021	
601.24	654.87732	
601.659	717.10963	
602.078	632.46021	
602.498	739.4999	
602.917	644.91504	
603.336	557.68443	
603.755	607.54389	
604.174	684.75567	
604.593	644.91504	
605.011	707.15614	
605.43	602.55955	
605.849	737.01244	
606.268	662.34809	
606.686	547.70823	
607.105	607.54389	
607.523	540.22512	
607.942	592.58982	
608.36	639.93338	
608.779	637.44241	
609.197	677.28727	
609.615	644.91504	
610.033	819.05309	
610.451	814.08359	
610.87	990.29445	
611.288	1163.61732	
611.706	1267.42334	
612.124	1131.45863	
612.541	1109.187	
612.959	958.06196	
613.377	905.96448	
613.795	863.7633	
614.212	866.24639	
614.63	749.44888	
615.048	734.5249	
615.465	781.77349	
615.883	722.08586	
616.3	667.32817	
616.717	595.08238	
617.135	632.46021	
617.552	590.09716	
617.969	649.89636	
618.386	622.49475	
618.803	652.38688	
619.22	679.77682	
619.637	565.16564	
620.054	679.77682	
620.471	610.03592	
620.888	629.96898	
621.305	590.09716	
621.721	542.71958	
622.138	615.01972	
622.555	605.05177	
622.971	590.09716	
623.388	580.12563	
623.804	610.03592	
624.221	627.47766	
624.637	652.38688	
625.053	624.98625	
625.47	555.19052	
625.886	659.85792	
626.302	637.44241	
626.718	620.00316	
627.134	662.34809	
627.55	607.54389	
627.966	525.25647	
628.382	677.28727	
628.797	610.03592	
629.213	545.21395	
629.629	687.24496	
630.045	602.55955	
630.46	547.70823	
630.876	595.08238	
631.291	602.55955	
631.707	532.7412	
632.122	654.87732	
632.537	572.64604	
632.953	552.69651	
633.368	560.17826	
633.783	555.19052	
634.198	472.84037	
634.613	485.32405	
635.028	475.33729	
635.443	525.25647	
635.858	532.7412	
636.273	495.30935	
636.688	547.70823	
637.102	542.71958	
637.517	512.7801	
637.932	490.31688	
638.346	517.77092	
638.761	517.77092	
639.175	575.13932	
639.59	515.27555	
640.004	475.33729	
640.418	517.77092	
640.832	582.61864	
641.247	497.80544	
641.661	637.44241	
642.075	507.78891	
642.489	562.67199	
642.903	500.30144	
643.317	477.83412	
643.731	422.88262	
644.145	517.77092	
644.558	530.24638	
644.972	500.30144	
645.386	447.86611	
645.799	525.25647	
646.213	467.84626	
646.626	480.33085	
647.04	530.24638	
647.453	482.8275	
647.866	552.69651	
648.28	482.8275	
648.693	425.38139	
649.106	555.19052	
649.519	525.25647	
649.932	500.30144	
650.345	495.30935	
650.758	507.78891	
651.171	492.81316	
651.584	502.79736	
651.997	510.28455	
652.41	457.85692	
652.822	497.80544	
653.235	520.26619	
653.647	590.09716	
654.06	505.29318	
654.472	537.73057	
654.885	492.81316	
655.297	520.26619	
655.71	390.39018	
656.122	542.71958	
656.534	512.7801	
656.946	475.33729	
657.358	515.27555	
657.77	480.33085	
658.182	500.30144	
658.594	500.30144	
659.006	532.7412	
659.418	467.84626	
659.83	515.27555	
660.241	485.32405	
660.653	480.33085	
661.065	510.28455	
661.476	522.76138	
661.888	542.71958	
662.299	467.84626	
662.71	460.35439	
663.122	555.19052	
663.533	490.31688	
663.944	495.30935	
664.355	512.7801	
664.767	440.37204	
665.178	467.84626	
665.589	505.29318	
666	482.8275	
666.41	530.24638	
666.821	565.16564	
667.232	512.7801	
667.643	442.87015	
668.053	495.30935	
668.464	480.33085	
668.875	532.7412	
669.285	580.12563	
669.696	460.35439	
670.106	402.88914	
670.516	450.36395	
670.927	505.29318	
671.337	470.34336	
671.747	435.37552	
672.157	620.00316	
672.567	560.17826	
672.977	502.79736	
673.387	500.30144	
673.797	447.86611	
674.207	485.32405	
674.617	540.22512	
675.027	425.38139	
675.436	470.34336	
675.846	527.75147	
676.256	447.86611	
676.665	455.35936	
677.075	467.84626	
677.484	475.33729	
677.893	527.75147	
678.303	382.88969	
678.712	447.86611	
679.121	477.83412	
679.53	457.85692	
679.939	522.76138	
680.348	455.35936	
680.757	442.87015	
681.166	512.7801	
681.575	377.88889	
681.984	440.37204	
682.393	367.88617	
682.802	450.36395	
683.21	480.33085	
683.619	467.84626	
684.027	495.30935	
684.436	512.7801	
684.844	470.34336	
685.253	505.29318	
685.661	442.87015	
686.069	497.80544	
686.477	405.38865	
686.886	415.38576	
687.294	452.8617	
687.702	535.23593	
688.11	467.84626	
688.518	412.88662	
688.926	452.8617	
689.333	505.29318	
689.741	462.85177	
690.149	497.80544	
690.557	555.19052	
690.964	465.34906	
691.372	482.8275	
691.779	440.37204	
692.187	457.85692	
692.594	447.86611	
693.001	462.85177	
693.409	505.29318	
693.816	450.36395	
694.223	467.84626	
694.63	477.83412	
695.037	480.33085	
695.444	587.60441	
695.851	520.26619	
696.258	412.88662	
696.665	417.88481	
697.072	435.37552	
697.479	437.87383	
697.885	400.38953	
698.292	415.38576	
698.698	467.84626	
699.105	442.87015	
699.511	437.87383	
699.918	470.34336	
700.324	412.88662	
700.73	442.87015	
701.137	405.38865	
701.543	462.85177	
701.949	415.38576	
702.355	435.37552	
702.761	460.35439	
703.167	432.87713	
703.573	525.25647	
703.979	437.87383	
704.385	447.86611	
704.79	360.38314	
705.196	475.33729	
705.602	427.88006	
706.007	492.81316	
706.413	422.88262	
706.818	420.38376	
707.224	457.85692	
707.629	487.82051	
708.034	395.39005	
708.439	555.19052	
708.845	470.34336	
709.25	507.78891	
709.655	492.81316	
710.06	472.84037	
710.465	387.89011	
710.87	510.28455	
711.275	477.83412	
711.679	455.35936	
712.084	480.33085	
712.489	487.82051	
712.893	480.33085	
713.298	432.87713	
713.702	462.85177	
714.107	465.34906	
714.511	447.86611	
714.916	455.35936	
715.32	450.36395	
715.724	550.20241	
716.128	422.88262	
716.533	512.7801	
716.937	482.8275	
717.341	415.38576	
717.745	400.38953	
718.149	435.37552	
718.552	430.37864	
718.956	445.36818	
719.36	477.83412	
719.764	395.39005	
720.167	442.87015	
720.571	455.35936	
720.974	427.88006	
721.378	427.88006	
721.781	482.8275	
722.185	465.34906	
722.588	472.84037	
722.991	432.87713	
723.394	422.88262	
723.797	470.34336	
724.2	392.89016	
724.603	390.39018	
725.006	440.37204	
725.409	365.38525	
725.812	425.38139	
726.215	490.31688	
726.618	465.34906	
727.02	470.34336	
727.423	422.88262	
727.826	472.84037	
728.228	425.38139	
728.631	422.88262	
729.033	460.35439	
729.435	465.34906	
729.838	395.39005	
730.24	422.88262	
730.642	400.38953	
731.044	425.38139	
731.446	352.87926	
731.848	427.88006	
732.25	430.37864	
732.652	465.34906	
733.054	467.84626	
733.456	375.38835	
733.857	367.88617	
734.259	410.38739	
734.661	452.8617	
735.062	447.86611	
735.464	537.73057	
735.865	422.88262	
736.267	325.35777	
736.668	410.38739	
737.069	452.8617	
737.47	407.88807	
737.872	425.38139	
738.273	397.88984	
738.674	410.38739	
739.075	435.37552	
739.476	412.88662	
739.877	417.88481	
740.278	397.88984	
740.678	490.31688	
741.079	492.81316	
741.48	410.38739	
741.88	417.88481	
742.281	452.8617	
742.681	495.30935	
743.082	360.38314	
743.482	470.34336	
743.882	447.86611	
744.283	370.38699	
744.683	427.88006	
745.083	375.38835	
745.483	470.34336	
745.883	407.88807	
746.283	385.38995	
746.683	422.88262	
747.083	452.8617	
747.483	420.38376	
747.883	407.88807	
748.282	432.87713	
748.682	370.38699	
749.082	435.37552	
749.481	415.38576	
749.881	432.87713	
750.28	420.38376	
750.679	390.39018	
751.079	407.88807	
751.478	482.8275	
751.877	420.38376	
752.276	435.37552	
752.675	425.38139	
753.074	387.89011	
753.473	430.37864	
753.872	435.37552	
754.271	457.85692	
754.67	387.89011	
755.069	437.87383	
755.467	425.38139	
755.866	422.88262	
756.265	412.88662	
756.663	442.87015	
757.062	437.87383	
757.46	327.8602	
757.858	485.32405	
758.257	400.38953	
758.655	445.36818	
759.053	342.87277	
759.451	402.88914	
759.849	402.88914	
760.247	445.36818	
760.645	517.77092	
761.043	385.38995	
761.441	410.38739	
761.839	370.38699	
762.237	392.89016	
762.634	447.86611	
763.032	297.82479	
763.429	350.37778	
763.827	375.38835	
764.224	365.38525	
764.622	422.88262	
765.019	362.88424	
765.416	430.37864	
765.814	332.86477	
766.211	482.8275	
766.608	420.38376	
767.005	430.37864	
767.402	415.38576	
767.799	420.38376	
768.196	395.39005	
768.593	470.34336	
768.989	410.38739	
769.386	442.87015	
769.783	430.37864	
770.179	432.87713	
770.576	480.33085	
770.972	390.39018	
771.369	330.36253	
771.765	440.37204	
772.161	445.36818	
772.558	415.38576	
772.954	465.34906	
773.35	425.38139	
773.746	390.39018	
774.142	482.8275	
774.538	457.85692	
774.934	437.87383	
775.33	447.86611	
775.726	395.39005	
776.121	370.38699	
776.517	377.88889	
776.913	412.88662	
777.308	442.87015	
777.704	407.88807	
778.099	460.35439	
778.495	477.83412	
778.89	395.39005	
779.285	435.37552	
779.68	457.85692	
780.076	345.37453	
780.471	457.85692	
780.866	392.89016	
781.261	382.88969	
781.656	432.87713	
782.051	327.8602	
782.445	332.86477	
782.84	410.38739	
783.235	465.34906	
783.63	360.38314	
784.024	332.86477	
784.419	405.38865	
784.813	470.34336	
785.208	367.88617	
785.602	400.38953	
785.996	435.37552	
786.391	417.88481	
786.785	435.37552	
787.179	372.88772	
787.573	415.38576	
787.967	322.85525	
788.361	457.85692	
788.755	327.8602	
789.149	405.38865	
789.543	412.88662	
789.936	400.38953	
790.33	342.87277	
790.724	392.89016	
791.117	447.86611	
791.511	435.37552	
791.904	475.33729	
792.298	405.38865	
792.691	445.36818	
793.084	387.89011	
793.477	397.88984	
793.871	382.88969	
794.264	352.87926	
794.657	452.8617	
795.05	367.88617	
795.443	442.87015	
795.836	420.38376	
796.228	425.38139	
796.621	360.38314	
797.014	452.8617	
797.406	335.36691	
797.799	470.34336	
798.192	442.87015	
798.584	410.38739	
798.976	350.37778	
799.369	377.88889	
799.761	310.34121	
800.153	360.38314	
800.546	380.38934	
800.938	395.39005	
801.33	367.88617	
801.722	395.39005	
802.114	365.38525	
802.506	380.38934	
802.897	332.86477	
803.289	392.89016	
803.681	352.87926	
804.073	387.89011	
804.464	355.38065	
804.856	395.39005	
805.247	415.38576	
805.639	435.37552	
806.03	377.88889	
806.421	287.80994	
806.813	397.88984	
807.204	372.88772	
807.595	417.88481	
807.986	402.88914	
808.377	367.88617	
808.768	417.88481	
809.159	440.37204	
809.55	322.85525	
809.941	290.3138	
810.331	432.87713	
810.722	377.88889	
811.113	430.37864	
811.503	420.38376	
811.894	360.38314	
812.284	455.35936	
812.675	452.8617	
813.065	340.37091	
813.455	380.38934	
813.846	305.33493	
814.236	307.83812	
814.626	385.38995	
815.016	345.37453	
815.406	395.39005	
815.796	352.87926	
816.186	377.88889	
816.575	312.84421	
816.965	382.88969	
817.355	387.89011	
817.745	365.38525	
818.134	412.88662	
818.524	440.37204	
818.913	365.38525	
819.303	382.88969	
819.692	437.87383	
820.081	405.38865	
820.47	370.38699	
820.86	422.88262	
821.249	345.37453	
821.638	407.88807	
822.027	382.88969	
822.416	350.37778	
822.805	480.33085	
823.193	412.88662	
823.582	317.84992	
823.971	345.37453	
824.36	340.37091	
824.748	405.38865	
825.137	400.38953	
825.525	377.88889	
825.914	387.89011	
826.302	400.38953	
826.69	347.8762	
827.079	460.35439	
827.467	357.88194	
827.855	307.83812	
828.243	380.38934	
828.631	377.88889	
829.019	445.36818	
829.407	332.86477	
829.795	337.86896	
830.182	390.39018	
830.57	367.88617	
830.958	362.88424	
831.345	370.38699	
831.733	437.87383	
832.12	420.38376	
832.508	402.88914	
832.895	335.36691	
833.283	345.37453	
833.67	442.87015	
834.057	350.37778	
834.444	415.38576	
834.831	417.88481	
835.218	407.88807	
835.605	310.34121	
835.992	380.38934	
836.379	327.8602	
836.766	397.88984	
837.152	407.88807	
837.539	445.36818	
837.926	435.37552	
838.312	357.88194	
838.699	372.88772	
839.085	412.88662	
839.472	452.8617	
839.858	327.8602	
840.244	357.88194	
840.63	375.38835	
841.017	345.37453	
841.403	385.38995	
841.789	422.88262	
842.175	367.88617	
842.561	292.81756	
842.946	297.82479	
843.332	352.87926	
843.718	340.37091	
844.104	412.88662	
844.489	450.36395	
844.875	367.88617	
845.26	410.38739	
845.646	390.39018	
846.031	445.36818	
846.416	335.36691	
846.802	347.8762	
847.187	360.38314	
847.572	420.38376	
847.957	382.88969	
848.342	392.89016	
848.727	432.87713	
849.112	420.38376	
849.497	405.38865	
849.882	345.37453	
850.266	350.37778	
850.651	365.38525	
851.036	330.36253	
851.42	422.88262	
851.805	392.89016	
852.189	475.33729	
852.574	362.88424	
852.958	395.39005	
853.342	360.38314	
853.726	395.39005	
854.11	317.84992	
854.495	395.39005	
854.879	422.88262	
855.263	320.35263	
855.646	442.87015	
856.03	432.87713	
856.414	512.7801	
856.798	375.38835	
857.181	415.38576	
857.565	345.37453	
857.949	430.37864	
858.332	350.37778	
858.716	447.86611	
859.099	377.88889	
859.482	422.88262	
859.866	375.38835	
860.249	400.38953	
860.632	362.88424	
861.015	347.8762	
861.398	340.37091	
861.781	462.85177	
862.164	370.38699	
862.547	325.35777	
862.929	252.74587	
863.312	410.38739	
863.695	380.38934	
864.077	400.38953	
864.46	397.88984	
864.842	375.38835	
865.225	340.37091	
865.607	320.35263	
865.99	450.36395	
866.372	322.85525	
866.754	342.87277	
867.136	375.38835	
867.518	370.38699	
867.9	435.37552	
868.282	405.38865	
868.664	380.38934	
869.046	427.88006	
869.428	465.34906	
869.809	397.88984	
870.191	437.87383	
870.573	340.37091	
870.954	402.88914	
871.336	327.8602	
871.717	327.8602	
872.099	392.89016	
872.48	385.38995	
872.861	380.38934	
873.242	382.88969	
873.623	387.89011	
874.004	340.37091	
874.385	452.8617	
874.766	385.38995	
875.147	375.38835	
875.528	382.88969	
875.909	315.34711	
876.29	360.38314	
876.67	407.88807	
877.051	337.86896	
877.431	415.38576	
877.812	427.88006	
878.192	370.38699	
878.573	357.88194	
878.953	382.88969	
879.333	392.89016	
879.713	377.88889	
880.093	310.34121	
880.473	367.88617	
880.853	345.37453	
881.233	380.38934	
881.613	337.86896	
881.993	455.35936	
882.373	337.86896	
882.753	427.88006	
883.132	415.38576	
883.512	362.88424	
883.891	387.89011	
884.271	437.87383	
884.65	422.88262	
885.029	382.88969	
885.409	345.37453	
885.788	302.83165	
886.167	387.89011	
886.546	370.38699	
886.925	365.38525	
887.304	312.84421	
887.683	415.38576	
888.062	327.8602	
888.441	325.35777	
888.82	382.88969	
889.198	335.36691	
889.577	407.88807	
889.955	327.8602	
890.334	337.86896	
890.712	400.38953	
891.091	397.88984	
891.469	367.88617	
891.847	372.88772	
892.226	427.88006	
892.604	345.37453	
892.982	337.86896	
893.36	372.88772	
893.738	285.30599	
894.116	417.88481	
894.493	422.88262	
894.871	392.89016	
895.249	420.38376	
895.627	322.85525	
896.004	372.88772	
896.382	435.37552	
896.759	390.39018	
897.137	370.38699	
897.514	385.38995	
897.891	335.36691	
898.269	382.88969	
898.646	415.38576	
899.023	370.38699	
899.4	387.89011	
899.777	347.8762	
900.154	355.38065	
900.531	337.86896	
900.908	405.38865	
901.284	372.88772	
901.661	392.89016	
902.038	417.88481	
902.414	317.84992	
902.791	457.85692	
903.167	370.38699	
903.544	360.38314	
903.92	347.8762	
904.296	397.88984	
904.672	382.88969	
905.049	375.38835	
905.425	315.34711	
905.801	367.88617	
906.177	322.85525	
906.553	405.38865	
906.929	327.8602	
907.304	392.89016	
907.68	382.88969	
908.056	315.34711	
908.431	392.89016	
908.807	427.88006	
909.182	345.37453	
909.558	410.38739	
909.933	442.87015	
910.309	375.38835	
910.684	422.88262	
911.059	432.87713	
911.434	380.38934	
911.809	350.37778	
912.184	347.8762	
912.559	400.38953	
912.934	375.38835	
913.309	315.34711	
913.684	385.38995	
914.058	362.88424	
914.433	410.38739	
914.808	387.89011	
915.182	417.88481	
915.557	357.88194	
915.931	320.35263	
916.305	425.38139	
916.68	367.88617	
917.054	422.88262	
917.428	357.88194	
917.802	355.38065	
918.176	332.86477	
918.55	427.88006	
918.924	435.37552	
919.298	377.88889	
919.672	362.88424	
920.045	365.38525	
920.419	392.89016	
920.793	387.89011	
921.166	332.86477	
921.54	445.36818	
921.913	392.89016	
922.287	300.32827	
922.66	332.86477	
923.033	335.36691	
923.406	392.89016	
923.78	380.38934	
924.153	370.38699	
924.526	375.38835	
924.899	477.83412	
925.271	435.37552	
925.644	335.36691	
926.017	355.38065	
926.39	367.88617	
926.762	367.88617	
927.135	427.88006	
927.508	412.88662	
927.88	342.87277	
928.252	397.88984	
928.625	342.87277	
928.997	282.80194	
929.369	430.37864	
929.741	430.37864	
930.114	382.88969	
930.486	345.37453	
930.858	320.35263	
931.229	400.38953	
931.601	315.34711	
931.973	355.38065	
932.345	392.89016	
932.717	320.35263	
933.088	390.39018	
933.46	382.88969	
933.831	357.88194	
934.203	385.38995	
934.574	275.28922	
934.945	375.38835	
935.317	355.38065	
935.688	382.88969	
936.059	362.88424	
936.43	327.8602	
936.801	407.88807	
937.172	367.88617	
937.543	290.3138	
937.914	375.38835	
938.284	417.88481	
938.655	382.88969	
939.026	377.88889	
939.396	405.38865	
939.767	367.88617	
940.137	422.88262	
940.508	345.37453	
940.878	392.89016	
941.248	342.87277	
941.618	357.88194	
941.989	350.37778	
942.359	282.80194	
942.729	410.38739	
943.099	405.38865	
943.469	327.8602	
943.838	430.37864	
944.208	460.35439	
944.578	325.35777	
944.948	382.88969	
945.317	362.88424	
945.687	400.38953	
946.056	355.38065	
946.426	337.86896	
946.795	315.34711	
947.164	375.38835	
947.533	295.32122	
947.903	412.88662	
948.272	372.88772	
948.641	297.82479	
949.01	372.88772	
949.379	327.8602	
949.748	395.39005	
950.116	375.38835	
950.485	357.88194	
950.854	410.38739	
951.222	312.84421	
951.591	332.86477	
951.959	367.88617	
952.328	342.87277	
952.696	345.37453	
953.065	305.33493	
953.433	445.36818	
953.801	332.86477	
954.169	410.38739	
954.537	372.88772	
954.905	382.88969	
955.273	367.88617	
955.641	315.34711	
956.009	290.3138	
956.377	460.35439	
956.744	325.35777	
957.112	357.88194	
957.479	342.87277	
957.847	345.37453	
958.214	430.37864	
958.582	387.89011	
958.949	392.89016	
959.316	380.38934	
959.684	322.85525	
960.051	370.38699	
960.418	277.79356	
960.785	390.39018	
961.152	395.39005	
961.519	310.34121	
961.885	360.38314	
962.252	302.83165	
962.619	370.38699	
962.986	297.82479	
963.352	410.38739	
963.719	390.39018	
964.085	405.38865	
964.452	340.37091	
964.818	407.88807	
965.184	360.38314	
965.55	345.37453	
965.916	417.88481	
966.283	440.37204	
966.649	362.88424	
967.015	320.35263	
967.38	337.86896	
967.746	402.88914	
968.112	395.39005	
968.478	340.37091	
968.843	355.38065	
969.209	382.88969	
969.575	330.36253	
969.94	387.89011	
970.305	340.37091	
970.671	407.88807	
971.036	360.38314	
971.401	375.38835	
971.766	357.88194	
972.132	375.38835	
972.497	347.8762	
972.862	290.3138	
973.227	332.86477	
973.591	412.88662	
973.956	287.80994	
974.321	397.88984	
974.686	340.37091	
975.05	390.39018	
975.415	310.34121	
975.779	387.89011	
976.144	422.88262	
976.508	350.37778	
976.872	390.39018	
977.236	430.37864	
977.601	377.88889	
977.965	405.38865	
978.329	415.38576	
978.693	390.39018	
979.057	380.38934	
979.421	332.86477	
979.784	367.88617	
980.148	332.86477	
980.512	385.38995	
980.875	400.38953	
981.239	390.39018	
981.602	362.88424	
981.966	320.35263	
982.329	332.86477	
982.692	395.39005	
983.056	440.37204	
983.419	330.36253	
983.782	380.38934	
984.145	385.38995	
984.508	397.88984	
984.871	400.38953	
985.234	355.38065	
985.597	420.38376	
985.959	382.88969	
986.322	362.88424	
986.685	340.37091	
987.047	352.87926	
987.41	350.37778	
987.772	340.37091	
988.134	345.37453	
988.497	380.38934	
988.859	360.38314	
989.221	385.38995	
989.583	460.35439	
989.945	277.79356	
990.307	335.36691	
990.669	260.26119	
991.031	357.88194	
991.393	435.37552	
991.755	382.88969	
992.116	362.88424	
992.478	440.37204	
992.839	357.88194	
993.201	307.83812	
993.562	380.38934	
993.924	415.38576	
994.285	350.37778	
994.646	377.88889	
995.007	427.88006	
995.369	395.39005	
995.73	367.88617	
996.091	350.37778	
996.451	447.86611	
996.812	447.86611	
997.173	357.88194	
997.534	377.88889	
997.895	390.39018	
998.255	347.8762	
998.616	387.89011	
998.976	337.86896	
999.337	337.86896	
999.697	425.38139	
1000.057	382.88969	
1000.418	382.88969	
1000.778	332.86477	
1001.138	372.88772	
1001.498	417.88481	
1001.858	445.36818	
1002.218	380.38934	
1002.578	350.37778	
1002.937	425.38139	
1003.297	342.87277	
1003.657	397.88984	
1004.016	340.37091	
1004.376	335.36691	
1004.735	397.88984	
1005.095	330.36253	
1005.454	347.8762	
1005.813	360.38314	
1006.173	357.88194	
1006.532	367.88617	
1006.891	380.38934	
1007.25	347.8762	
1007.609	355.38065	
1007.968	412.88662	
1008.327	352.87926	
1008.686	380.38934	
1009.044	397.88984	
1009.403	422.88262	
1009.762	350.37778	
1010.12	345.37453	
1010.479	380.38934	
1010.837	377.88889	
1011.195	345.37453	
1011.554	350.37778	
1011.912	342.87277	
1012.27	370.38699	
1012.628	357.88194	
1012.986	277.79356	
1013.344	345.37453	
1013.702	380.38934	
1014.06	320.35263	
1014.418	357.88194	
1014.775	367.88617	
1015.133	367.88617	
1015.491	395.39005	
1015.848	325.35777	
1016.206	372.88772	
1016.563	372.88772	
1016.92	372.88772	
1017.278	407.88807	
1017.635	327.8602	
1017.992	275.28922	
1018.349	345.37453	
1018.706	360.38314	
1019.063	317.84992	
1019.42	377.88889	
1019.777	362.88424	
1020.134	322.85525	
1020.49	320.35263	
1020.847	332.86477	
1021.203	422.88262	
1021.56	360.38314	
1021.916	340.37091	
1022.273	365.38525	
1022.629	370.38699	
1022.985	380.38934	
1023.342	285.30599	
1023.698	385.38995	
1024.054	372.88772	
1024.41	350.37778	
1024.766	360.38314	
1025.122	372.88772	
1025.477	342.87277	
1025.833	400.38953	
1026.189	455.35936	
1026.545	360.38314	
1026.9	325.35777	
1027.256	365.38525	
1027.611	465.34906	
1027.966	312.84421	
1028.322	360.38314	
1028.677	387.89011	
1029.032	377.88889	
1029.387	317.84992	
1029.742	405.38865	
1030.097	400.38953	
1030.452	387.89011	
1030.807	457.85692	
1031.162	417.88481	
1031.517	282.80194	
1031.871	385.38995	
1032.226	422.88262	
1032.581	422.88262	
1032.935	422.88262	
