FLMS05510_1:101		
187.856	24.83311	
188.32	24.83311	
188.785	24.83311	
189.249	-93.44955	
189.713	-63.22804	
190.178	-80.85543	
190.642	-80.85543	
191.106	-121.16582	
191.57	-50.64016	
192.034	-55.675	
192.498	-108.56594	
192.963	-78.33692	
193.427	-2.82972	
193.89	-53.15753	
194.354	65.04801	
194.818	117.79099	
195.282	72.58543	
195.746	85.14578	
196.21	80.12194	
196.673	85.14578	
197.137	125.32211	
197.601	198.07706	
198.064	130.34236	
198.528	147.91011	
198.991	175.50679	
199.454	290.78326	
199.918	160.45553	
200.381	188.04681	
200.844	195.56965	
201.308	225.65221	
201.771	273.25438	
202.234	308.30745	
202.697	320.82188	
203.16	310.81053	
203.623	350.84681	
204.086	308.30745	
204.549	335.83605	
205.012	283.27146	
205.475	358.35092	
205.938	333.33392	
206.4	365.85418	
206.863	285.77549	
207.326	323.32448	
207.788	315.81639	
208.251	268.24526	
208.714	380.85816	
209.176	350.84681	
209.639	233.17066	
210.101	305.80428	
210.563	400.85822	
211.026	318.31918	
211.488	378.35773	
211.95	338.33808	
212.412	330.83171	
212.874	278.26311	
213.337	290.78326	
213.799	375.85721	
214.261	275.75879	
214.723	258.22588	
215.184	310.81053	
215.646	353.34828	
216.108	325.82698	
216.57	345.8436	
217.032	320.82188	
217.493	333.33392	
217.955	393.3589	
218.417	290.78326	
218.878	270.74987	
219.34	308.30745	
219.801	338.33808	
220.263	258.22588	
220.724	323.32448	
221.185	318.31918	
221.647	300.79766	
222.108	285.77549	
222.569	305.80428	
223.03	323.32448	
223.491	285.77549	
223.952	308.30745	
224.413	310.81053	
224.874	215.62624	
225.335	288.27942	
225.796	355.84965	
226.257	240.68824	
226.718	198.07706	
227.179	310.81053	
227.639	365.85418	
228.1	325.82698	
228.561	313.31351	
229.021	270.74987	
229.482	338.33808	
229.942	245.69947	
230.403	285.77549	
230.863	308.30745	
231.323	343.34186	
231.784	305.80428	
232.244	275.75879	
232.704	300.79766	
233.164	280.76733	
233.625	363.35319	
234.085	320.82188	
234.545	340.84002	
235.005	313.31351	
235.465	423.35114	
235.925	308.30745	
236.384	298.2942	
236.844	283.27146	
237.304	358.35092	
237.764	278.26311	
238.223	360.8521	
238.683	330.83171	
239.143	288.27942	
239.602	220.63942	
240.062	285.77549	
240.521	298.2942	
240.98	263.23576	
241.44	275.75879	
241.899	413.35522	
242.358	270.74987	
242.818	330.83171	
243.277	268.24526	
243.736	245.69947	
244.195	303.30102	
244.654	263.23576	
245.113	353.34828	
245.572	340.84002	
246.031	355.84965	
246.49	338.33808	
246.949	323.32448	
247.408	273.25438	
247.866	373.35659	
248.325	280.76733	
248.784	285.77549	
249.242	323.32448	
249.701	303.30102	
250.159	328.32939	
250.618	293.287	
251.076	330.83171	
251.534	303.30102	
251.993	368.35508	
252.451	370.85588	
252.909	358.35092	
253.368	318.31918	
253.826	288.27942	
254.284	330.83171	
254.742	368.35508	
255.2	385.85874	
255.658	330.83171	
256.116	385.85874	
256.574	328.32939	
257.031	360.8521	
257.489	405.8573	
257.947	358.35092	
258.405	350.84681	
258.862	325.82698	
259.32	393.3589	
259.777	360.8521	
260.235	280.76733	
260.692	263.23576	
261.15	320.82188	
261.607	298.2942	
262.065	308.30745	
262.522	283.27146	
262.979	388.35888	
263.436	353.34828	
263.893	325.82698	
264.351	325.82698	
264.808	313.31351	
265.265	330.83171	
265.722	283.27146	
266.178	370.85588	
266.635	320.82188	
267.092	373.35659	
267.549	343.34186	
268.006	383.35849	
268.462	353.34828	
268.919	343.34186	
269.376	348.34526	
269.832	333.33392	
270.289	338.33808	
270.745	293.287	
271.202	313.31351	
271.658	355.84965	
272.114	388.35888	
272.571	300.79766	
273.027	333.33392	
273.483	328.32939	
273.939	385.85874	
274.395	320.82188	
274.851	313.31351	
275.307	268.24526	
275.763	345.8436	
276.219	390.85894	
276.675	393.3589	
277.131	343.34186	
277.587	300.79766	
278.042	320.82188	
278.498	333.33392	
278.954	303.30102	
279.409	338.33808	
279.865	333.33392	
280.32	348.34526	
280.776	308.30745	
281.231	193.06213	
281.687	330.83171	
282.142	348.34526	
282.597	370.85588	
283.052	315.81639	
283.508	313.31351	
283.963	318.31918	
284.418	280.76733	
284.873	368.35508	
285.328	360.8521	
285.783	338.33808	
286.238	300.79766	
286.693	308.30745	
287.147	325.82698	
287.602	333.33392	
288.057	280.76733	
288.512	383.35849	
288.966	360.8521	
289.421	405.8573	
289.875	353.34828	
290.33	338.33808	
290.784	363.35319	
291.239	373.35659	
291.693	355.84965	
292.147	353.34828	
292.602	300.79766	
293.056	308.30745	
293.51	318.31918	
293.964	345.8436	
294.418	368.35508	
294.872	328.32939	
295.326	305.80428	
295.78	305.80428	
296.234	355.84965	
296.688	315.81639	
297.142	400.85822	
297.595	320.82188	
298.049	355.84965	
298.503	295.79065	
298.956	300.79766	
299.41	318.31918	
299.863	293.287	
300.317	325.82698	
300.77	375.85721	
301.224	333.33392	
301.677	250.71032	
302.13	343.34186	
302.584	320.82188	
303.037	350.84681	
303.49	308.30745	
303.943	358.35092	
304.396	263.23576	
304.849	363.35319	
305.302	313.31351	
305.755	320.82188	
306.208	280.76733	
306.661	353.34828	
307.114	388.35888	
307.566	408.3567	
308.019	363.35319	
308.472	348.34526	
308.924	353.34828	
309.377	330.83171	
309.829	295.79065	
310.282	348.34526	
310.734	360.8521	
311.187	343.34186	
311.639	338.33808	
312.091	365.85418	
312.543	340.84002	
312.995	383.35849	
313.448	358.35092	
313.9	375.85721	
314.352	380.85816	
314.804	368.35508	
315.256	388.35888	
315.708	360.8521	
316.159	340.84002	
316.611	363.35319	
317.063	335.83605	
317.515	315.81639	
317.966	293.287	
318.418	343.34186	
318.87	248.20495	
319.321	330.83171	
319.773	290.78326	
320.224	378.35773	
320.675	303.30102	
321.127	395.85876	
321.578	363.35319	
322.029	338.33808	
322.48	370.85588	
322.932	428.34855	
323.383	420.8523	
323.834	358.35092	
324.285	280.76733	
324.736	263.23576	
325.187	400.85822	
325.638	353.34828	
326.088	425.84989	
326.539	338.33808	
326.99	378.35773	
327.441	368.35508	
327.891	383.35849	
328.342	395.85876	
328.792	370.85588	
329.243	330.83171	
329.693	420.8523	
330.144	343.34186	
330.594	350.84681	
331.044	348.34526	
331.495	368.35508	
331.945	388.35888	
332.395	418.35337	
332.845	328.32939	
333.295	345.8436	
333.745	375.85721	
334.195	445.83655	
334.645	330.83171	
335.095	375.85721	
335.545	420.8523	
335.995	405.8573	
336.444	425.84989	
336.894	348.34526	
337.344	380.85816	
337.793	358.35092	
338.243	300.79766	
338.692	375.85721	
339.142	370.85588	
339.591	458.3252	
340.041	270.74987	
340.49	393.3589	
340.939	375.85721	
341.388	418.35337	
341.838	385.85874	
342.287	393.3589	
342.736	373.35659	
343.185	370.85588	
343.634	350.84681	
344.083	370.85588	
344.532	438.34225	
344.981	383.35849	
345.429	448.33447	
345.878	338.33808	
346.327	403.3578	
346.776	395.85876	
347.224	278.26311	
347.673	400.85822	
348.121	395.85876	
348.57	378.35773	
349.018	375.85721	
349.467	395.85876	
349.915	318.31918	
350.363	400.85822	
350.811	330.83171	
351.26	355.84965	
351.708	405.8573	
352.156	345.8436	
352.604	368.35508	
353.052	328.32939	
353.5	310.81053	
353.948	480.79898	
354.396	425.84989	
354.843	370.85588	
355.291	335.83605	
355.739	333.33392	
356.186	453.33002	
356.634	350.84681	
357.082	323.32448	
357.529	390.85894	
357.977	383.35849	
358.424	383.35849	
358.871	388.35888	
359.319	333.33392	
359.766	423.35114	
360.213	368.35508	
360.661	308.30745	
361.108	350.84681	
361.555	348.34526	
362.002	338.33808	
362.449	390.85894	
362.896	350.84681	
363.343	388.35888	
363.79	335.83605	
364.236	430.84711	
364.683	363.35319	
365.13	378.35773	
365.577	305.80428	
366.023	460.82266	
366.47	328.32939	
366.916	353.34828	
367.363	350.84681	
367.809	410.85601	
368.256	373.35659	
368.702	305.80428	
369.148	363.35319	
369.594	353.34828	
370.041	363.35319	
370.487	338.33808	
370.933	330.83171	
371.379	343.34186	
371.825	413.35522	
372.271	353.34828	
372.717	355.84965	
373.163	423.35114	
373.608	408.3567	
374.054	383.35849	
374.5	358.35092	
374.946	430.84711	
375.391	418.35337	
375.837	400.85822	
376.282	403.3578	
376.728	365.85418	
377.173	413.35522	
377.618	435.84396	
378.064	443.33854	
378.509	358.35092	
378.954	420.8523	
379.4	403.3578	
379.845	345.8436	
380.29	418.35337	
380.735	370.85588	
381.18	413.35522	
381.625	418.35337	
382.07	440.84044	
382.514	315.81639	
382.959	373.35659	
383.404	398.35854	
383.849	385.85874	
384.293	388.35888	
384.738	405.8573	
385.183	358.35092	
385.627	375.85721	
386.072	320.82188	
386.516	390.85894	
386.96	370.85588	
387.405	365.85418	
387.849	335.83605	
388.293	318.31918	
388.737	358.35092	
389.181	373.35659	
389.626	460.82266	
390.07	385.85874	
390.514	380.85816	
390.957	395.85876	
391.401	353.34828	
391.845	323.32448	
392.289	365.85418	
392.733	458.3252	
393.176	385.85874	
393.62	323.32448	
394.064	418.35337	
394.507	450.83229	
394.951	450.83229	
395.394	390.85894	
395.838	388.35888	
396.281	375.85721	
396.724	438.34225	
397.168	398.35854	
397.611	338.33808	
398.054	395.85876	
398.497	430.84711	
398.94	505.76114	
399.383	375.85721	
399.826	430.84711	
400.269	470.81156	
400.712	438.34225	
401.155	465.81729	
401.597	340.84002	
402.04	443.33854	
402.483	498.27345	
402.925	435.84396	
403.368	375.85721	
403.811	483.29561	
404.253	498.27345	
404.696	400.85822	
405.138	425.84989	
405.58	445.83655	
406.023	528.21927	
406.465	435.84396	
406.907	423.35114	
407.349	390.85894	
407.791	460.82266	
408.233	415.85434	
408.675	430.84711	
409.117	473.30855	
409.559	513.248	
410.001	428.34855	
410.443	520.73405	
410.885	398.35854	
411.326	533.20897	
411.768	488.28859	
412.21	480.79898	
412.651	438.34225	
413.093	425.84989	
413.534	488.28859	
413.975	470.81156	
414.417	498.27345	
414.858	435.84396	
415.299	380.85816	
415.741	415.85434	
416.182	473.30855	
416.623	445.83655	
417.064	415.85434	
417.505	518.23879	
417.946	545.68163	
418.387	493.2812	
418.828	460.82266	
419.269	365.85418	
419.709	525.72429	
420.15	440.84044	
420.591	518.23879	
421.031	578.09999	
421.472	495.77737	
421.913	545.68163	
422.353	428.34855	
422.794	460.82266	
423.234	425.84989	
423.674	525.72429	
424.115	520.73405	
424.555	520.73405	
424.995	543.18728	
425.435	510.75247	
425.875	485.79214	
426.315	438.34225	
426.755	513.248	
427.195	398.35854	
427.635	503.26533	
428.075	465.81729	
428.515	435.84396	
428.955	483.29561	
429.394	495.77737	
429.834	443.33854	
430.274	530.71417	
430.713	370.85588	
431.153	448.33447	
431.592	460.82266	
432.031	503.26533	
432.471	448.33447	
432.91	513.248	
433.349	460.82266	
433.789	433.34558	
434.228	468.31447	
434.667	515.74344	
435.106	692.68998	
435.545	667.79504	
435.984	707.62274	
436.423	500.76944	
436.862	560.64584	
437.301	588.07181	
437.739	575.60681	
438.178	530.71417	
438.617	533.20897	
439.055	493.2812	
439.494	475.80545	
439.932	500.76944	
440.371	518.23879	
440.809	538.19831	
441.248	513.248	
441.686	570.62018	
442.124	543.18728	
442.563	480.79898	
443.001	510.75247	
443.439	488.28859	
443.877	548.17589	
444.315	538.19831	
444.753	543.18728	
445.191	453.33002	
445.629	480.79898	
446.067	520.73405	
446.504	495.77737	
446.942	533.20897	
447.38	518.23879	
447.817	563.13956	
448.255	478.30226	
448.693	525.72429	
449.13	578.09999	
449.568	560.64584	
450.005	588.07181	
450.442	550.67006	
450.88	520.73405	
451.317	555.65813	
451.754	548.17589	
452.191	550.67006	
452.628	593.05718	
453.065	538.19831	
453.502	565.63319	
453.939	595.54973	
454.376	538.19831	
454.813	578.09999	
455.25	555.65813	
455.686	570.62018	
456.123	495.77737	
456.56	540.69284	
456.996	585.57899	
457.433	435.84396	
457.869	518.23879	
458.306	590.56454	
458.742	568.12673	
459.179	555.65813	
459.615	600.53457	
460.051	545.68163	
460.487	583.08608	
460.924	550.67006	
461.36	545.68163	
461.796	583.08608	
462.232	555.65813	
462.668	503.26533	
463.104	578.09999	
463.539	595.54973	
463.975	583.08608	
464.411	590.56454	
464.847	583.08608	
465.282	585.57899	
465.718	590.56454	
466.153	588.07181	
466.589	568.12673	
467.024	603.02685	
467.46	555.65813	
467.895	568.12673	
468.33	600.53457	
468.766	520.73405	
469.201	523.22921	
469.636	590.56454	
470.071	635.41844	
470.506	563.13956	
470.941	642.89128	
471.376	632.92731	
471.811	657.83459	
472.246	595.54973	
472.681	548.17589	
473.115	632.92731	
473.55	603.02685	
473.985	565.63319	
474.419	545.68163	
474.854	585.57899	
475.288	632.92731	
475.723	637.90947	
476.157	580.59308	
476.592	610.50317	
477.026	560.64584	
477.46	543.18728	
477.894	630.43609	
478.329	647.87274	
478.763	677.75407	
479.197	622.96191	
479.631	588.07181	
480.065	722.55236	
480.499	650.36334	
480.932	595.54973	
481.366	677.75407	
481.8	595.54973	
482.234	667.79504	
482.667	617.97868	
483.101	695.17899	
483.535	730.016	
483.968	695.17899	
484.401	744.94092	
484.835	715.08794	
485.268	720.06431	
485.702	787.2113	
486.135	660.32484	
486.568	715.08794	
487.001	749.9152	
487.434	772.29519	
487.867	695.17899	
488.3	797.15366	
488.733	720.06431	
489.166	792.18265	
489.599	737.47885	
490.032	739.96629	
490.464	720.06431	
490.897	787.2113	
491.33	797.15366	
491.762	710.11123	
492.195	652.85384	
492.627	792.18265	
493.06	764.83597	
493.492	739.96629	
493.925	692.68998	
494.357	836.90942	
494.789	817.03427	
495.221	720.06431	
495.653	777.26757	
496.086	797.15366	
496.518	685.22242	
496.95	769.80887	
497.382	712.59963	
497.813	744.94092	
498.245	739.96629	
498.677	685.22242	
499.109	682.73306	
499.54	742.45365	
499.972	739.96629	
500.404	692.68998	
500.835	645.38206	
501.267	792.18265	
501.698	737.47885	
502.129	707.62274	
502.561	707.62274	
502.992	769.80887	
503.423	722.55236	
503.855	690.20088	
504.286	754.88913	
504.717	749.9152	
505.148	732.5037	
505.579	772.29519	
506.01	717.57617	
506.441	744.94092	
506.871	647.87274	
507.302	732.5037	
507.733	692.68998	
508.163	774.78142	
508.594	814.54949	
509.025	749.9152	
509.455	747.4281	
509.886	732.5037	
510.316	705.13417	
510.746	690.20088	
511.177	747.4281	
511.607	749.9152	
512.037	747.4281	
512.467	734.99132	
512.898	777.26757	
513.328	754.88913	
513.758	777.26757	
514.188	720.06431	
514.617	720.06431	
515.047	774.78142	
515.477	685.22242	
515.907	655.34426	
516.337	777.26757	
516.766	697.66792	
517.196	705.13417	
517.625	739.96629	
518.055	695.17899	
518.484	739.96629	
518.914	739.96629	
519.343	725.04033	
519.772	717.57617	
520.202	754.88913	
520.631	797.15366	
521.06	707.62274	
521.489	754.88913	
521.918	690.20088	
522.347	595.54973	
522.776	700.15676	
523.205	730.016	
523.634	764.83597	
524.063	807.09465	
524.491	730.016	
524.92	697.66792	
525.349	717.57617	
525.777	789.69702	
526.206	690.20088	
526.634	672.77473	
527.063	655.34426	
527.491	700.15676	
527.919	707.62274	
528.348	642.89128	
528.776	702.64551	
529.204	734.99132	
529.632	737.47885	
530.06	789.69702	
530.488	802.12433	
530.916	802.12433	
531.344	824.48809	
531.772	730.016	
532.2	727.5282	
532.627	782.23961	
533.055	812.06463	
533.483	705.13417	
533.91	772.29519	
534.338	720.06431	
534.765	672.77473	
535.193	792.18265	
535.62	774.78142	
536.048	767.32246	
536.475	787.2113	
536.902	792.18265	
537.329	697.66792	
537.757	854.29572	
538.184	799.63904	
538.611	799.63904	
539.038	747.4281	
539.465	869.19496	
539.892	754.88913	
540.318	866.71197	
540.745	886.57357	
541.172	968.44607	
541.599	956.04696	
542.025	1052.70543	
542.452	1057.65892	
542.878	1027.93308	
543.305	1020.49979	
543.731	1027.93308	
544.158	1013.06576	
544.584	1010.58758	
545.01	995.71682	
545.436	1065.08855	
545.862	1104.70096	
546.289	1230.82899	
546.715	1198.69827	
547.141	1097.27521	
547.567	988.28033	
547.993	953.5669	
548.418	938.68474	
548.844	861.74572	
549.27	886.57357	
549.696	891.53813	
550.121	874.1607	
550.547	826.97253	
550.972	911.39301	
551.398	849.32863	
551.823	851.81222	
552.249	824.48809	
552.674	754.88913	
553.099	772.29519	
553.525	826.97253	
553.95	772.29519	
554.375	834.42533	
554.8	739.96629	
555.225	737.47885	
555.65	819.51896	
556.075	727.5282	
556.5	784.7255	
556.925	707.62274	
557.349	725.04033	
557.774	702.64551	
558.199	630.43609	
558.623	690.20088	
559.048	700.15676	
559.472	695.17899	
559.897	702.64551	
560.321	682.73306	
560.746	717.57617	
561.17	617.97868	
561.594	764.83597	
562.018	647.87274	
562.443	682.73306	
562.867	620.47034	
563.291	744.94092	
563.715	695.17899	
564.139	754.88913	
564.562	677.75407	
564.986	657.83459	
565.41	725.04033	
565.834	670.28493	
566.257	665.30506	
566.681	620.47034	
567.105	695.17899	
567.528	685.22242	
567.952	767.32246	
568.375	730.016	
568.798	717.57617	
569.222	680.24361	
569.645	769.80887	
570.068	680.24361	
570.491	697.66792	
570.914	685.22242	
571.337	712.59963	
571.76	687.71169	
572.183	767.32246	
572.606	670.28493	
573.029	744.94092	
573.452	727.5282	
573.875	690.20088	
574.297	620.47034	
574.72	672.77473	
575.143	734.99132	
575.565	730.016	
575.988	707.62274	
576.41	677.75407	
576.832	732.5037	
577.255	675.26444	
577.677	717.57617	
578.099	710.11123	
578.521	675.26444	
578.943	762.34939	
579.365	734.99132	
579.787	744.94092	
580.209	737.47885	
580.631	799.63904	
581.053	792.18265	
581.475	700.15676	
581.897	759.86272	
582.318	839.39344	
582.74	682.73306	
583.162	762.34939	
583.583	637.90947	
584.005	767.32246	
584.426	767.32246	
584.847	712.59963	
585.269	727.5282	
585.69	730.016	
586.111	749.9152	
586.532	749.9152	
586.954	762.34939	
587.375	769.80887	
587.796	792.18265	
588.217	637.90947	
588.637	717.57617	
589.058	672.77473	
589.479	588.07181	
589.9	667.79504	
590.32	635.41844	
590.741	675.26444	
591.162	742.45365	
591.582	640.40042	
592.003	690.20088	
592.423	739.96629	
592.844	705.13417	
593.264	737.47885	
593.684	687.71169	
594.104	637.90947	
594.524	652.85384	
594.945	675.26444	
595.365	710.11123	
595.785	695.17899	
596.205	650.36334	
596.625	732.5037	
597.044	710.11123	
597.464	677.75407	
597.884	705.13417	
598.304	762.34939	
598.723	702.64551	
599.143	632.92731	
599.562	695.17899	
599.982	730.016	
600.401	757.37597	
600.821	807.09465	
601.24	747.4281	
601.659	670.28493	
602.078	657.83459	
602.498	685.22242	
602.917	695.17899	
603.336	670.28493	
603.755	727.5282	
604.174	720.06431	
604.593	695.17899	
605.011	595.54973	
605.43	657.83459	
605.849	650.36334	
606.268	697.66792	
606.686	695.17899	
607.105	575.60681	
607.523	769.80887	
607.942	677.75407	
608.36	625.45339	
608.779	655.34426	
609.197	680.24361	
609.615	707.62274	
610.033	670.28493	
610.451	933.72336	
610.87	1092.3243	
611.288	1287.64326	
611.706	1364.15423	
612.124	1262.94647	
612.541	1052.70543	
612.959	988.28033	
613.377	1005.63099	
613.795	896.50235	
614.212	849.32863	
614.63	754.88913	
615.048	737.47885	
615.465	779.75363	
615.883	680.24361	
616.3	657.83459	
616.717	685.22242	
617.135	710.11123	
617.552	682.73306	
617.969	617.97868	
618.386	615.48693	
618.803	600.53457	
619.22	598.04219	
619.637	637.90947	
620.054	620.47034	
620.471	580.59308	
620.888	627.94479	
621.305	600.53457	
621.721	655.34426	
622.138	662.81499	
622.555	672.77473	
622.971	660.32484	
623.388	642.89128	
623.804	600.53457	
624.221	672.77473	
624.637	672.77473	
625.053	637.90947	
625.47	573.11354	
625.886	637.90947	
626.302	662.81499	
626.718	588.07181	
627.134	570.62018	
627.55	608.01115	
627.966	560.64584	
628.382	672.77473	
628.797	620.47034	
629.213	682.73306	
629.629	635.41844	
630.045	682.73306	
630.46	632.92731	
630.876	637.90947	
631.291	528.21927	
631.707	570.62018	
632.122	598.04219	
632.537	642.89128	
632.953	620.47034	
633.368	530.71417	
633.783	603.02685	
634.198	505.76114	
634.613	573.11354	
635.028	538.19831	
635.443	488.28859	
635.858	588.07181	
636.273	565.63319	
636.688	598.04219	
637.102	595.54973	
637.517	520.73405	
637.932	525.72429	
638.346	530.71417	
638.761	505.76114	
639.175	520.73405	
639.59	583.08608	
640.004	580.59308	
640.418	558.15203	
640.832	570.62018	
641.247	553.16414	
641.661	538.19831	
642.075	523.22921	
642.489	545.68163	
642.903	533.20897	
643.317	518.23879	
643.731	570.62018	
644.145	558.15203	
644.558	560.64584	
644.972	588.07181	
645.386	520.73405	
645.799	533.20897	
646.213	560.64584	
646.626	538.19831	
647.04	580.59308	
647.453	518.23879	
647.866	548.17589	
648.28	438.34225	
648.693	440.84044	
649.106	538.19831	
649.519	505.76114	
649.932	530.71417	
650.345	520.73405	
650.758	533.20897	
651.171	520.73405	
651.584	495.77737	
651.997	548.17589	
652.41	498.27345	
652.822	568.12673	
653.235	488.28859	
653.647	525.72429	
654.06	515.74344	
654.472	535.70369	
654.885	560.64584	
655.297	555.65813	
655.71	495.77737	
656.122	490.78494	
656.534	475.80545	
656.946	503.26533	
657.358	555.65813	
657.77	475.80545	
658.182	453.33002	
658.594	540.69284	
659.006	493.2812	
659.418	615.48693	
659.83	545.68163	
660.241	483.29561	
660.653	588.07181	
661.065	518.23879	
661.476	435.84396	
661.888	530.71417	
662.299	533.20897	
662.71	500.76944	
663.122	510.75247	
663.533	560.64584	
663.944	548.17589	
664.355	563.13956	
664.767	563.13956	
665.178	463.32002	
665.589	503.26533	
666	515.74344	
666.41	458.3252	
666.821	473.30855	
667.232	423.35114	
667.643	518.23879	
668.053	445.83655	
668.464	575.60681	
668.875	438.34225	
669.285	483.29561	
669.696	580.59308	
670.106	510.75247	
670.516	525.72429	
670.927	565.63319	
671.337	468.31447	
671.747	548.17589	
672.157	503.26533	
672.567	500.76944	
672.977	465.81729	
673.387	540.69284	
673.797	510.75247	
674.207	538.19831	
674.617	573.11354	
675.027	555.65813	
675.436	498.27345	
675.846	543.18728	
676.256	505.76114	
676.665	513.248	
677.075	515.74344	
677.484	535.70369	
677.893	513.248	
678.303	475.80545	
678.712	488.28859	
679.121	495.77737	
679.53	445.83655	
679.939	488.28859	
680.348	535.70369	
680.757	450.83229	
681.166	515.74344	
681.575	525.72429	
681.984	520.73405	
682.393	460.82266	
682.802	483.29561	
683.21	460.82266	
683.619	410.85601	
684.027	428.34855	
684.436	433.34558	
684.844	473.30855	
685.253	473.30855	
685.661	498.27345	
686.069	505.76114	
686.477	463.32002	
686.886	493.2812	
687.294	493.2812	
687.702	460.82266	
688.11	465.81729	
688.518	483.29561	
688.926	403.3578	
689.333	433.34558	
689.741	478.30226	
690.149	510.75247	
690.557	423.35114	
690.964	403.3578	
691.372	438.34225	
691.779	405.8573	
692.187	483.29561	
692.594	503.26533	
693.001	498.27345	
693.409	450.83229	
693.816	500.76944	
694.223	468.31447	
694.63	418.35337	
695.037	365.85418	
695.444	443.33854	
695.851	448.33447	
696.258	435.84396	
696.665	430.84711	
697.072	425.84989	
697.479	433.34558	
697.885	520.73405	
698.292	425.84989	
698.698	328.32939	
699.105	410.85601	
699.511	453.33002	
699.918	508.25685	
700.324	415.85434	
700.73	475.80545	
701.137	483.29561	
701.543	528.21927	
701.949	440.84044	
702.355	380.85816	
702.761	380.85816	
703.167	433.34558	
703.573	505.76114	
703.979	538.19831	
704.385	428.34855	
704.79	443.33854	
705.196	493.2812	
705.602	430.84711	
706.007	440.84044	
706.413	395.85876	
706.818	433.34558	
707.224	443.33854	
707.629	438.34225	
708.034	443.33854	
708.439	485.79214	
708.845	503.26533	
709.25	438.34225	
709.655	465.81729	
710.06	438.34225	
710.465	420.8523	
710.87	428.34855	
711.275	450.83229	
711.679	465.81729	
712.084	410.85601	
712.489	458.3252	
712.893	525.72429	
713.298	458.3252	
713.702	525.72429	
714.107	498.27345	
714.511	435.84396	
714.916	380.85816	
715.32	435.84396	
715.724	330.83171	
716.128	530.71417	
716.533	370.85588	
716.937	463.32002	
717.341	435.84396	
717.745	378.35773	
718.149	448.33447	
718.552	393.3589	
718.956	468.31447	
719.36	385.85874	
719.764	500.76944	
720.167	425.84989	
720.571	418.35337	
720.974	405.8573	
721.378	395.85876	
721.781	443.33854	
722.185	445.83655	
722.588	430.84711	
722.991	440.84044	
723.394	460.82266	
723.797	438.34225	
724.2	410.85601	
724.603	438.34225	
725.006	403.3578	
725.409	348.34526	
725.812	370.85588	
726.215	408.3567	
726.618	475.80545	
727.02	348.34526	
727.423	375.85721	
727.826	433.34558	
728.228	370.85588	
728.631	390.85894	
729.033	400.85822	
729.435	400.85822	
729.838	438.34225	
730.24	423.35114	
730.642	418.35337	
731.044	403.3578	
731.446	418.35337	
731.848	420.8523	
732.25	398.35854	
732.652	485.79214	
733.054	393.3589	
733.456	475.80545	
733.857	458.3252	
734.259	375.85721	
734.661	345.8436	
735.062	408.3567	
735.464	440.84044	
735.865	455.82766	
736.267	390.85894	
736.668	405.8573	
737.069	445.83655	
737.47	448.33447	
737.872	330.83171	
738.273	453.33002	
738.674	375.85721	
739.075	400.85822	
739.476	405.8573	
739.877	458.3252	
740.278	358.35092	
740.678	475.80545	
741.079	408.3567	
741.48	440.84044	
741.88	470.81156	
742.281	430.84711	
742.681	420.8523	
743.082	415.85434	
743.482	333.33392	
743.882	453.33002	
744.283	358.35092	
744.683	403.3578	
745.083	435.84396	
745.483	358.35092	
745.883	473.30855	
746.283	405.8573	
746.683	358.35092	
747.083	445.83655	
747.483	410.85601	
747.883	453.33002	
748.282	425.84989	
748.682	370.85588	
749.082	385.85874	
749.481	503.26533	
749.881	403.3578	
750.28	405.8573	
750.679	438.34225	
751.079	375.85721	
751.478	423.35114	
751.877	378.35773	
752.276	360.8521	
752.675	390.85894	
753.074	420.8523	
753.473	423.35114	
753.872	415.85434	
754.271	443.33854	
754.67	433.34558	
755.069	363.35319	
755.467	493.2812	
755.866	375.85721	
756.265	458.3252	
756.663	388.35888	
757.062	433.34558	
757.46	423.35114	
757.858	335.83605	
758.257	405.8573	
758.655	460.82266	
759.053	403.3578	
759.451	358.35092	
759.849	455.82766	
760.247	385.85874	
760.645	363.35319	
761.043	338.33808	
761.441	450.83229	
761.839	375.85721	
762.237	370.85588	
762.634	398.35854	
763.032	380.85816	
763.429	373.35659	
763.827	335.83605	
764.224	343.34186	
764.622	385.85874	
765.019	358.35092	
765.416	478.30226	
765.814	385.85874	
766.211	378.35773	
766.608	370.85588	
767.005	365.85418	
767.402	410.85601	
767.799	345.8436	
768.196	440.84044	
768.593	428.34855	
768.989	375.85721	
769.386	408.3567	
769.783	410.85601	
770.179	388.35888	
770.576	365.85418	
770.972	425.84989	
771.369	395.85876	
771.765	488.28859	
772.161	370.85588	
772.558	420.8523	
772.954	400.85822	
773.35	355.84965	
773.746	410.85601	
774.142	388.35888	
774.538	423.35114	
774.934	423.35114	
775.33	395.85876	
775.726	313.31351	
776.121	365.85418	
776.517	378.35773	
776.913	378.35773	
777.308	415.85434	
777.704	393.3589	
778.099	395.85876	
778.495	345.8436	
778.89	380.85816	
779.285	440.84044	
779.68	388.35888	
780.076	360.8521	
780.471	410.85601	
780.866	428.34855	
781.261	438.34225	
781.656	345.8436	
782.051	368.35508	
782.445	453.33002	
782.84	395.85876	
783.235	395.85876	
783.63	350.84681	
784.024	370.85588	
784.419	373.35659	
784.813	445.83655	
785.208	370.85588	
785.602	438.34225	
785.996	473.30855	
786.391	428.34855	
786.785	360.8521	
787.179	303.30102	
787.573	340.84002	
787.967	448.33447	
788.361	410.85601	
788.755	433.34558	
789.149	343.34186	
789.543	433.34558	
789.936	405.8573	
790.33	408.3567	
790.724	403.3578	
791.117	378.35773	
791.511	363.35319	
791.904	330.83171	
792.298	310.81053	
792.691	378.35773	
793.084	315.81639	
793.477	418.35337	
793.871	373.35659	
794.264	468.31447	
794.657	405.8573	
795.05	415.85434	
795.443	405.8573	
795.836	373.35659	
796.228	455.82766	
796.621	425.84989	
797.014	360.8521	
797.406	350.84681	
797.799	438.34225	
798.192	330.83171	
798.584	335.83605	
798.976	378.35773	
799.369	313.31351	
799.761	340.84002	
800.153	458.3252	
800.546	450.83229	
800.938	325.82698	
801.33	378.35773	
801.722	418.35337	
802.114	355.84965	
802.506	418.35337	
802.897	430.84711	
803.289	400.85822	
803.681	345.8436	
804.073	290.78326	
804.464	355.84965	
804.856	353.34828	
805.247	423.35114	
805.639	380.85816	
806.03	348.34526	
806.421	360.8521	
806.813	343.34186	
807.204	398.35854	
807.595	433.34558	
807.986	380.85816	
808.377	318.31918	
808.768	363.35319	
809.159	380.85816	
809.55	308.30745	
809.941	353.34828	
810.331	365.85418	
810.722	403.3578	
811.113	393.3589	
811.503	425.84989	
811.894	358.35092	
812.284	320.82188	
812.675	403.3578	
813.065	348.34526	
813.455	475.80545	
813.846	430.84711	
814.236	268.24526	
814.626	358.35092	
815.016	440.84044	
815.406	370.85588	
815.796	353.34828	
816.186	400.85822	
816.575	450.83229	
816.965	293.287	
817.355	343.34186	
817.745	353.34828	
818.134	353.34828	
818.524	303.30102	
818.913	428.34855	
819.303	318.31918	
819.692	373.35659	
820.081	393.3589	
820.47	358.35092	
820.86	380.85816	
821.249	315.81639	
821.638	383.35849	
822.027	358.35092	
822.416	420.8523	
822.805	313.31351	
823.193	440.84044	
823.582	393.3589	
823.971	345.8436	
824.36	398.35854	
824.748	453.33002	
825.137	403.3578	
825.525	333.33392	
825.914	350.84681	
826.302	390.85894	
826.69	333.33392	
827.079	373.35659	
827.467	358.35092	
827.855	378.35773	
828.243	343.34186	
828.631	378.35773	
829.019	333.33392	
829.407	300.79766	
829.795	385.85874	
830.182	388.35888	
830.57	415.85434	
830.958	428.34855	
831.345	373.35659	
831.733	345.8436	
832.12	280.76733	
832.508	355.84965	
832.895	395.85876	
833.283	383.35849	
833.67	365.85418	
834.057	328.32939	
834.444	360.8521	
834.831	390.85894	
835.218	343.34186	
835.605	340.84002	
835.992	405.8573	
836.379	368.35508	
836.766	373.35659	
837.152	363.35319	
837.539	408.3567	
837.926	410.85601	
838.312	410.85601	
838.699	368.35508	
839.085	358.35092	
839.472	330.83171	
839.858	368.35508	
840.244	343.34186	
840.63	355.84965	
841.017	455.82766	
841.403	373.35659	
841.789	440.84044	
842.175	363.35319	
842.561	380.85816	
842.946	290.78326	
843.332	478.30226	
843.718	338.33808	
844.104	333.33392	
844.489	378.35773	
844.875	368.35508	
845.26	310.81053	
845.646	375.85721	
846.031	403.3578	
846.416	370.85588	
846.802	390.85894	
847.187	343.34186	
847.572	405.8573	
847.957	403.3578	
848.342	443.33854	
848.727	328.32939	
849.112	328.32939	
849.497	370.85588	
849.882	373.35659	
850.266	418.35337	
850.651	325.82698	
851.036	420.8523	
851.42	383.35849	
851.805	398.35854	
852.189	345.8436	
852.574	360.8521	
852.958	353.34828	
853.342	373.35659	
853.726	350.84681	
854.11	390.85894	
854.495	288.27942	
854.879	313.31351	
855.263	378.35773	
855.646	373.35659	
856.03	388.35888	
856.414	440.84044	
856.798	393.3589	
857.181	370.85588	
857.565	328.32939	
857.949	460.82266	
858.332	308.30745	
858.716	393.3589	
859.099	318.31918	
859.482	430.84711	
859.866	438.34225	
860.249	370.85588	
860.632	338.33808	
861.015	360.8521	
861.398	338.33808	
861.781	385.85874	
862.164	423.35114	
862.547	410.85601	
862.929	288.27942	
863.312	380.85816	
863.695	385.85874	
864.077	338.33808	
864.46	348.34526	
864.842	335.83605	
865.225	413.35522	
865.607	335.83605	
865.99	405.8573	
866.372	320.82188	
866.754	345.8436	
867.136	418.35337	
867.518	375.85721	
867.9	365.85418	
868.282	388.35888	
868.664	365.85418	
869.046	425.84989	
869.428	355.84965	
869.809	385.85874	
870.191	390.85894	
870.573	300.79766	
870.954	395.85876	
871.336	350.84681	
871.717	410.85601	
872.099	388.35888	
872.48	373.35659	
872.861	355.84965	
873.242	363.35319	
873.623	418.35337	
874.004	290.78326	
874.385	383.35849	
874.766	390.85894	
875.147	353.34828	
875.528	360.8521	
875.909	428.34855	
876.29	413.35522	
876.67	293.287	
877.051	283.27146	
877.431	373.35659	
877.812	350.84681	
878.192	273.25438	
878.573	408.3567	
878.953	338.33808	
879.333	463.32002	
879.713	343.34186	
880.093	363.35319	
880.473	360.8521	
880.853	380.85816	
881.233	388.35888	
881.613	388.35888	
881.993	328.32939	
882.373	398.35854	
882.753	383.35849	
883.132	365.85418	
883.512	360.8521	
883.891	340.84002	
884.271	335.83605	
884.65	423.35114	
885.029	410.85601	
885.409	408.3567	
885.788	323.32448	
886.167	340.84002	
886.546	353.34828	
886.925	338.33808	
887.304	305.80428	
887.683	373.35659	
888.062	428.34855	
888.441	438.34225	
888.82	370.85588	
889.198	300.79766	
889.577	268.24526	
889.955	395.85876	
890.334	325.82698	
890.712	323.32448	
891.091	328.32939	
891.469	330.83171	
891.847	355.84965	
892.226	360.8521	
892.604	453.33002	
892.982	340.84002	
893.36	313.31351	
893.738	350.84681	
894.116	293.287	
894.493	373.35659	
894.871	368.35508	
895.249	438.34225	
895.627	468.31447	
896.004	373.35659	
896.382	323.32448	
896.759	290.78326	
897.137	230.66461	
897.514	425.84989	
897.891	303.30102	
898.269	378.35773	
898.646	358.35092	
899.023	388.35888	
899.4	330.83171	
899.777	318.31918	
900.154	315.81639	
900.531	365.85418	
900.908	430.84711	
901.284	348.34526	
901.661	350.84681	
902.038	410.85601	
902.414	400.85822	
902.791	343.34186	
903.167	335.83605	
903.544	368.35508	
903.92	338.33808	
904.296	288.27942	
904.672	318.31918	
905.049	395.85876	
905.425	290.78326	
905.801	325.82698	
906.177	340.84002	
906.553	325.82698	
906.929	380.85816	
907.304	358.35092	
907.68	395.85876	
908.056	363.35319	
908.431	360.8521	
908.807	338.33808	
909.182	355.84965	
909.558	370.85588	
909.933	318.31918	
910.309	293.287	
910.684	345.8436	
911.059	350.84681	
911.434	298.2942	
911.809	355.84965	
912.184	318.31918	
912.559	330.83171	
912.934	303.30102	
913.309	350.84681	
913.684	325.82698	
914.058	390.85894	
914.433	388.35888	
914.808	348.34526	
915.182	358.35092	
915.557	365.85418	
915.931	383.35849	
916.305	370.85588	
916.68	335.83605	
917.054	320.82188	
917.428	365.85418	
917.802	263.23576	
918.176	373.35659	
918.55	315.81639	
918.924	318.31918	
919.298	405.8573	
919.672	378.35773	
920.045	283.27146	
920.419	385.85874	
920.793	335.83605	
921.166	365.85418	
921.54	285.77549	
921.913	428.34855	
922.287	330.83171	
922.66	315.81639	
923.033	380.85816	
923.406	395.85876	
923.78	360.8521	
924.153	388.35888	
924.526	345.8436	
924.899	323.32448	
925.271	300.79766	
925.644	358.35092	
926.017	365.85418	
926.39	300.79766	
926.762	323.32448	
927.135	338.33808	
927.508	405.8573	
927.88	330.83171	
928.252	288.27942	
928.625	353.34828	
928.997	370.85588	
929.369	345.8436	
929.741	343.34186	
930.114	370.85588	
930.486	338.33808	
930.858	363.35319	
931.229	345.8436	
931.601	308.30745	
931.973	348.34526	
932.345	335.83605	
932.717	363.35319	
933.088	330.83171	
933.46	345.8436	
933.831	300.79766	
934.203	305.80428	
934.574	363.35319	
934.945	348.34526	
935.317	360.8521	
935.688	308.30745	
936.059	380.85816	
936.43	303.30102	
936.801	375.85721	
937.172	403.3578	
937.543	380.85816	
937.914	353.34828	
938.284	363.35319	
938.655	370.85588	
939.026	313.31351	
939.396	348.34526	
939.767	403.3578	
940.137	408.3567	
940.508	393.3589	
940.878	338.33808	
941.248	315.81639	
941.618	373.35659	
941.989	360.8521	
942.359	368.35508	
942.729	295.79065	
943.099	355.84965	
943.469	378.35773	
943.838	298.2942	
944.208	345.8436	
944.578	360.8521	
944.948	320.82188	
945.317	370.85588	
945.687	310.81053	
946.056	335.83605	
946.426	323.32448	
946.795	383.35849	
947.164	383.35849	
947.533	388.35888	
947.903	330.83171	
948.272	398.35854	
948.641	398.35854	
949.01	398.35854	
949.379	370.85588	
949.748	353.34828	
950.116	355.84965	
950.485	340.84002	
950.854	415.85434	
951.222	368.35508	
951.591	313.31351	
951.959	360.8521	
952.328	373.35659	
952.696	365.85418	
953.065	465.81729	
953.433	388.35888	
953.801	283.27146	
954.169	388.35888	
954.537	320.82188	
954.905	360.8521	
955.273	335.83605	
955.641	328.32939	
956.009	380.85816	
956.377	408.3567	
956.744	333.33392	
957.112	335.83605	
957.479	395.85876	
957.847	338.33808	
958.214	420.8523	
958.582	393.3589	
958.949	425.84989	
959.316	280.76733	
959.684	310.81053	
960.051	348.34526	
960.418	358.35092	
960.785	375.85721	
961.152	368.35508	
961.519	358.35092	
961.885	325.82698	
962.252	320.82188	
962.619	355.84965	
962.986	390.85894	
963.352	370.85588	
963.719	335.83605	
964.085	323.32448	
964.452	310.81053	
964.818	298.2942	
965.184	328.32939	
965.55	350.84681	
965.916	378.35773	
966.283	318.31918	
966.649	365.85418	
967.015	290.78326	
967.38	243.19391	
967.746	320.82188	
968.112	360.8521	
968.478	375.85721	
968.843	398.35854	
969.209	323.32448	
969.575	413.35522	
969.94	343.34186	
970.305	315.81639	
970.671	370.85588	
971.036	288.27942	
971.401	333.33392	
971.766	243.19391	
972.132	340.84002	
972.497	263.23576	
972.862	350.84681	
973.227	348.34526	
973.591	363.35319	
973.956	373.35659	
974.321	423.35114	
974.686	388.35888	
975.05	335.83605	
975.415	308.30745	
975.779	368.35508	
976.144	363.35319	
976.508	375.85721	
976.872	455.82766	
977.236	340.84002	
977.601	325.82698	
977.965	368.35508	
978.329	345.8436	
978.693	320.82188	
979.057	348.34526	
979.421	415.85434	
979.784	370.85588	
980.148	405.8573	
980.512	363.35319	
980.875	390.85894	
981.239	295.79065	
981.602	283.27146	
981.966	390.85894	
982.329	308.30745	
982.692	348.34526	
983.056	385.85874	
983.419	398.35854	
983.782	363.35319	
984.145	375.85721	
984.508	300.79766	
984.871	400.85822	
985.234	300.79766	
985.597	303.30102	
985.959	350.84681	
986.322	458.3252	
986.685	258.22588	
987.047	313.31351	
987.41	303.30102	
987.772	363.35319	
988.134	320.82188	
988.497	335.83605	
988.859	333.33392	
989.221	263.23576	
989.583	333.33392	
989.945	343.34186	
990.307	310.81053	
990.669	348.34526	
991.031	358.35092	
991.393	303.30102	
991.755	368.35508	
992.116	353.34828	
992.478	365.85418	
992.839	320.82188	
993.201	368.35508	
993.562	310.81053	
993.924	373.35659	
994.285	455.82766	
994.646	368.35508	
995.007	340.84002	
995.369	298.2942	
995.73	298.2942	
996.091	340.84002	
996.451	355.84965	
996.812	413.35522	
997.173	400.85822	
997.534	375.85721	
997.895	373.35659	
998.255	340.84002	
998.616	328.32939	
998.976	378.35773	
999.337	350.84681	
999.697	293.287	
1000.057	338.33808	
1000.418	305.80428	
1000.778	375.85721	
1001.138	378.35773	
1001.498	308.30745	
1001.858	310.81053	
1002.218	360.8521	
1002.578	325.82698	
1002.937	400.85822	
1003.297	370.85588	
1003.657	413.35522	
1004.016	313.31351	
1004.376	340.84002	
1004.735	358.35092	
1005.095	353.34828	
1005.454	383.35849	
1005.813	393.3589	
1006.173	343.34186	
1006.532	380.85816	
1006.891	348.34526	
1007.25	393.3589	
1007.609	348.34526	
1007.968	343.34186	
1008.327	348.34526	
1008.686	355.84965	
1009.044	393.3589	
1009.403	350.84681	
1009.762	328.32939	
1010.12	355.84965	
1010.479	340.84002	
1010.837	243.19391	
1011.195	303.30102	
1011.554	355.84965	
1011.912	390.85894	
1012.27	293.287	
1012.628	428.34855	
1012.986	263.23576	
1013.344	300.79766	
1013.702	328.32939	
1014.06	343.34186	
1014.418	370.85588	
1014.775	398.35854	
1015.133	383.35849	
1015.491	425.84989	
1015.848	348.34526	
1016.206	318.31918	
1016.563	310.81053	
1016.92	343.34186	
1017.278	415.85434	
1017.635	360.8521	
1017.992	345.8436	
1018.349	383.35849	
1018.706	328.32939	
1019.063	285.77549	
1019.42	338.33808	
1019.777	380.85816	
1020.134	423.35114	
1020.49	370.85588	
1020.847	330.83171	
1021.203	310.81053	
1021.56	403.3578	
1021.916	333.33392	
1022.273	343.34186	
1022.629	343.34186	
1022.985	403.3578	
1023.342	368.35508	
1023.698	313.31351	
1024.054	318.31918	
1024.41	308.30745	
1024.766	298.2942	
1025.122	360.8521	
1025.477	253.2156	
1025.833	315.81639	
1026.189	345.8436	
1026.545	245.69947	
1026.9	363.35319	
1027.256	338.33808	
1027.611	305.80428	
1027.966	435.84396	
1028.322	335.83605	
1028.677	383.35849	
1029.032	330.83171	
1029.387	350.84681	
1029.742	300.79766	
1030.097	400.85822	
1030.452	373.35659	
1030.807	383.35849	
1031.162	378.35773	
1031.517	293.287	
1031.871	358.35092	
1032.226	393.3589	
1032.581	393.3589	
1032.935	393.3589	
