FLMS05510_1:101		
187.856	1.41481	
188.32	1.41481	
188.785	1.41481	
189.249	-167.33536	
189.713	-99.27522	
190.178	-21.22605	
190.642	-61.49705	
191.106	-111.87316	
191.57	-79.12395	
192.034	-71.56894	
192.498	-21.22605	
192.963	-96.75594	
193.427	-21.22605	
193.89	13.98949	
194.354	-6.13122	
194.818	84.36083	
195.282	36.6175	
195.746	34.10368	
196.21	127.04786	
196.673	81.84893	
197.137	111.98514	
197.601	177.23119	
198.064	172.21463	
198.528	207.32232	
198.991	89.38434	
199.454	149.63525	
199.918	137.08769	
200.381	234.89351	
200.844	282.48893	
201.308	365.07263	
201.771	295.00827	
202.234	347.5635	
202.697	347.5635	
203.16	340.05817	
203.623	337.55621	
204.086	282.48893	
204.549	247.422	
205.012	292.50459	
205.475	325.04496	
205.938	337.55621	
206.4	305.02202	
206.863	292.50459	
207.326	300.01534	
207.788	397.57737	
208.251	347.5635	
208.714	292.50459	
209.176	340.05817	
209.639	365.07263	
210.101	367.57356	
210.563	392.57767	
211.026	365.07263	
211.488	365.07263	
211.95	387.5776	
212.412	402.57669	
212.874	284.99299	
213.337	302.51873	
213.799	397.57737	
214.261	372.57513	
214.723	279.98477	
215.184	362.57161	
215.646	300.01534	
216.108	287.49695	
216.57	300.01534	
217.032	300.01534	
217.493	229.88144	
217.955	335.05415	
218.417	322.54242	
218.878	335.05415	
219.34	320.0398	
219.801	375.07578	
220.263	322.54242	
220.724	264.95782	
221.185	297.51185	
221.647	264.95782	
222.108	332.55199	
222.569	330.04974	
223.03	297.51185	
223.491	342.56004	
223.952	322.54242	
224.413	320.0398	
224.874	264.95782	
225.335	272.47173	
225.796	345.06182	
226.257	330.04974	
226.718	365.07263	
227.179	337.55621	
227.639	350.06509	
228.1	352.56658	
228.561	315.03425	
229.021	342.56004	
229.482	272.47173	
229.942	290.00082	
230.403	290.00082	
230.863	302.51873	
231.323	305.02202	
231.784	370.07439	
232.244	290.00082	
232.704	350.06509	
233.164	355.06798	
233.625	387.5776	
234.085	355.06798	
234.545	249.9274	
235.005	340.05817	
235.465	367.57356	
235.925	322.54242	
236.384	352.56658	
236.844	290.00082	
237.304	305.02202	
237.764	277.48052	
238.223	340.05817	
238.683	365.07263	
239.143	365.07263	
239.602	407.57565	
240.062	362.57161	
240.521	365.07263	
240.98	337.55621	
241.44	332.55199	
241.899	257.44305	
242.358	254.93793	
242.818	332.55199	
243.277	342.56004	
243.736	390.07768	
244.195	272.47173	
244.654	312.53134	
245.113	259.94807	
245.572	305.02202	
246.031	355.06798	
246.49	264.95782	
246.949	350.06509	
247.408	259.94807	
247.866	282.48893	
248.325	347.5635	
248.784	377.57633	
249.242	295.00827	
249.701	400.07708	
250.159	380.07679	
250.618	327.5474	
251.076	367.57356	
251.534	327.5474	
251.993	284.99299	
252.451	325.04496	
252.909	367.57356	
253.368	232.38753	
253.826	372.57513	
254.284	277.48052	
254.742	357.56928	
255.2	347.5635	
255.658	370.07439	
256.116	320.0398	
256.574	302.51873	
257.031	352.56658	
257.489	362.57161	
257.947	340.05817	
258.405	320.0398	
258.862	420.0714	
259.32	420.0714	
259.777	330.04974	
260.235	300.01534	
260.692	345.06182	
261.15	340.05817	
261.607	269.96719	
262.065	295.00827	
262.522	375.07578	
262.979	317.53707	
263.436	279.98477	
263.893	330.04974	
264.351	317.53707	
264.808	322.54242	
265.265	292.50459	
265.722	320.0398	
266.178	330.04974	
266.635	362.57161	
267.092	325.04496	
267.549	405.07622	
268.006	345.06182	
268.462	305.02202	
268.919	325.04496	
269.376	287.49695	
269.832	337.55621	
270.289	277.48052	
270.745	352.56658	
271.202	357.56928	
271.658	317.53707	
272.114	287.49695	
272.571	322.54242	
273.027	320.0398	
273.483	362.57161	
273.939	282.48893	
274.395	397.57737	
274.851	295.00827	
275.307	355.06798	
275.763	300.01534	
276.219	375.07578	
276.675	337.55621	
277.131	372.57513	
277.587	312.53134	
278.042	330.04974	
278.498	357.56928	
278.954	347.5635	
279.409	274.97617	
279.865	375.07578	
280.32	305.02202	
280.776	272.47173	
281.231	367.57356	
281.687	377.57633	
282.142	402.57669	
282.597	372.57513	
283.052	249.9274	
283.508	382.57715	
283.963	377.57633	
284.418	310.02833	
284.873	360.07049	
285.328	380.07679	
285.783	360.07049	
286.238	357.56928	
286.693	355.06798	
287.147	415.07337	
287.602	360.07049	
288.057	310.02833	
288.512	322.54242	
288.966	382.57715	
289.421	262.45299	
289.875	345.06182	
290.33	355.06798	
290.784	330.04974	
291.239	244.91649	
291.693	305.02202	
292.147	397.57737	
292.602	282.48893	
293.056	320.0398	
293.51	267.46255	
293.964	382.57715	
294.418	417.57243	
294.872	395.07757	
295.326	350.06509	
295.78	257.44305	
296.234	340.05817	
296.688	382.57715	
297.142	402.57669	
297.595	340.05817	
298.049	352.56658	
298.503	330.04974	
298.956	355.06798	
299.41	345.06182	
299.863	340.05817	
300.317	310.02833	
300.77	335.05415	
301.224	367.57356	
301.677	407.57565	
302.13	330.04974	
302.584	370.07439	
303.037	382.57715	
303.49	447.55388	
303.943	437.56154	
304.396	420.0714	
304.849	445.05593	
305.302	325.04496	
305.755	317.53707	
306.208	372.57513	
306.661	345.06182	
307.114	402.57669	
307.566	337.55621	
308.019	327.5474	
308.472	345.06182	
308.924	372.57513	
309.377	360.07049	
309.829	347.5635	
310.282	302.51873	
310.734	317.53707	
311.187	320.0398	
311.639	350.06509	
312.091	362.57161	
312.543	330.04974	
312.995	312.53134	
313.448	430.06632	
313.9	340.05817	
314.352	385.07742	
314.804	365.07263	
315.256	335.05415	
315.708	380.07679	
316.159	350.06509	
316.611	407.57565	
317.063	382.57715	
317.515	362.57161	
317.966	345.06182	
318.418	370.07439	
318.87	382.57715	
319.321	310.02833	
319.773	335.05415	
320.224	347.5635	
320.675	360.07049	
321.127	360.07049	
321.578	365.07263	
322.029	382.57715	
322.48	237.3994	
322.932	405.07622	
323.383	305.02202	
323.834	347.5635	
324.285	350.06509	
324.736	392.57767	
325.187	362.57161	
325.638	412.57423	
326.088	372.57513	
326.539	375.07578	
326.99	355.06798	
327.441	365.07263	
327.891	345.06182	
328.342	405.07622	
328.792	377.57633	
329.243	382.57715	
329.693	332.55199	
330.144	312.53134	
330.594	367.57356	
331.044	362.57161	
331.495	375.07578	
331.945	375.07578	
332.395	390.07768	
332.845	407.57565	
333.295	390.07768	
333.745	317.53707	
334.195	342.56004	
334.645	310.02833	
335.095	352.56658	
335.545	385.07742	
335.995	377.57633	
336.444	320.0398	
336.894	320.0398	
337.344	290.00082	
337.793	357.56928	
338.243	387.5776	
338.692	325.04496	
339.142	360.07049	
339.591	390.07768	
340.041	382.57715	
340.49	392.57767	
340.939	367.57356	
341.388	360.07049	
341.838	425.06904	
342.287	405.07622	
342.736	395.07757	
343.185	362.57161	
343.634	320.0398	
344.083	402.57669	
344.532	447.55388	
344.981	382.57715	
345.429	350.06509	
345.878	340.05817	
346.327	395.07757	
346.776	372.57513	
347.224	380.07679	
347.673	350.06509	
348.121	360.07049	
348.57	412.57423	
349.018	390.07768	
349.467	400.07708	
349.915	380.07679	
350.363	425.06904	
350.811	410.07498	
351.26	445.05593	
351.708	400.07708	
352.156	355.06798	
352.604	312.53134	
353.052	360.07049	
353.5	332.55199	
353.948	320.0398	
354.396	312.53134	
354.843	375.07578	
355.291	375.07578	
355.739	340.05817	
356.186	340.05817	
356.634	335.05415	
357.082	357.56928	
357.529	312.53134	
357.977	395.07757	
358.424	455.04716	
358.871	347.5635	
359.319	377.57633	
359.766	415.07337	
360.213	352.56658	
360.661	347.5635	
361.108	462.53961	
361.555	382.57715	
362.002	422.57027	
362.449	360.07049	
362.896	437.56154	
363.343	360.07049	
363.79	375.07578	
364.236	435.06323	
364.683	450.05173	
365.13	372.57513	
365.577	305.02202	
366.023	372.57513	
366.47	397.57737	
366.916	360.07049	
367.363	415.07337	
367.809	427.56773	
368.256	355.06798	
368.702	362.57161	
369.148	375.07578	
369.594	407.57565	
370.041	392.57767	
370.487	347.5635	
370.933	330.04974	
371.379	417.57243	
371.825	412.57423	
372.271	335.05415	
372.717	372.57513	
373.163	365.07263	
373.608	332.55199	
374.054	425.06904	
374.5	357.56928	
374.946	360.07049	
375.391	317.53707	
375.837	365.07263	
376.282	352.56658	
376.728	362.57161	
377.173	350.06509	
377.618	387.5776	
378.064	392.57767	
378.509	390.07768	
378.954	375.07578	
379.4	385.07742	
379.845	417.57243	
380.29	425.06904	
380.735	300.01534	
381.18	392.57767	
381.625	292.50459	
382.07	392.57767	
382.514	362.57161	
382.959	420.0714	
383.404	400.07708	
383.849	400.07708	
384.293	405.07622	
384.738	415.07337	
385.183	365.07263	
385.627	274.97617	
386.072	365.07263	
386.516	352.56658	
386.96	402.57669	
387.405	372.57513	
387.849	357.56928	
388.293	327.5474	
388.737	375.07578	
389.181	380.07679	
389.626	380.07679	
390.07	457.54473	
390.514	312.53134	
390.957	422.57027	
391.401	380.07679	
391.845	425.06904	
392.289	427.56773	
392.733	415.07337	
393.176	375.07578	
393.62	435.06323	
394.064	412.57423	
394.507	432.56482	
394.951	342.56004	
395.394	317.53707	
395.838	387.5776	
396.281	360.07049	
396.724	410.07498	
397.168	370.07439	
397.611	442.5579	
398.054	402.57669	
398.497	340.05817	
398.94	440.05977	
399.383	410.07498	
399.826	365.07263	
400.269	365.07263	
400.712	345.06182	
401.155	400.07708	
401.597	470.03123	
402.04	372.57513	
402.483	402.57669	
402.925	397.57737	
403.368	345.06182	
403.811	400.07708	
404.253	440.05977	
404.696	460.04221	
405.138	512.46816	
405.58	442.5579	
406.023	455.04716	
406.465	400.07708	
406.907	430.06632	
407.349	395.07757	
407.791	485.01199	
408.233	357.56928	
408.675	425.06904	
409.117	435.06323	
409.559	432.56482	
410.001	452.54949	
410.443	432.56482	
410.885	462.53961	
411.326	362.57161	
411.768	360.07049	
412.21	445.05593	
412.651	440.05977	
413.093	450.05173	
413.534	465.0369	
413.975	480.01877	
414.417	482.51542	
414.858	465.0369	
415.299	405.07622	
415.741	492.50113	
416.182	415.07337	
416.623	365.07263	
417.064	527.4396	
417.505	512.46816	
417.946	480.01877	
418.387	407.57565	
418.828	407.57565	
419.269	482.51542	
419.709	420.0714	
420.15	490.00484	
420.591	477.52202	
421.031	367.57356	
421.472	494.99733	
421.913	480.01877	
422.353	465.0369	
422.794	457.54473	
423.234	447.55388	
423.674	467.53411	
424.115	475.02518	
424.555	427.56773	
424.995	422.57027	
425.435	407.57565	
425.875	437.56154	
426.315	437.56154	
426.755	462.53961	
427.195	480.01877	
427.635	422.57027	
428.075	447.55388	
428.515	492.50113	
428.955	435.06323	
429.394	430.06632	
429.834	430.06632	
430.274	452.54949	
430.713	410.07498	
431.153	432.56482	
431.592	420.0714	
432.031	415.07337	
432.471	455.04716	
432.91	470.03123	
433.349	465.0369	
433.789	524.94459	
434.228	487.50846	
434.667	522.44948	
435.106	604.74024	
435.545	706.84507	
435.984	701.86778	
436.423	612.21638	
436.862	569.84098	
437.301	532.42936	
437.739	542.40778	
438.178	504.98121	
438.617	380.07679	
439.055	499.98945	
439.494	514.96363	
439.932	499.98945	
440.371	437.56154	
440.809	584.79996	
441.248	485.01199	
441.686	492.50113	
442.124	480.01877	
442.563	497.49343	
443.001	467.53411	
443.439	527.4396	
443.877	519.95429	
444.315	480.01877	
444.753	497.49343	
445.191	517.459	
445.629	477.52202	
446.067	470.03123	
446.504	499.98945	
446.942	437.56154	
447.38	407.57565	
447.817	432.56482	
448.255	494.99733	
448.693	544.90216	
449.13	507.47695	
449.568	457.54473	
450.005	480.01877	
450.442	547.39645	
450.88	492.50113	
451.317	472.52825	
451.754	452.54949	
452.191	475.02518	
452.628	452.54949	
453.065	450.05173	
453.502	509.9726	
453.939	529.93452	
454.376	507.47695	
454.813	450.05173	
455.25	450.05173	
455.686	460.04221	
456.123	499.98945	
456.56	507.47695	
456.996	569.84098	
457.433	475.02518	
457.869	504.98121	
458.306	504.98121	
458.742	552.38475	
459.179	455.04716	
459.615	552.38475	
460.051	477.52202	
460.487	482.51542	
460.924	445.05593	
461.36	432.56482	
461.796	579.81399	
462.232	457.54473	
462.668	504.98121	
463.104	482.51542	
463.539	544.90216	
463.975	579.81399	
464.411	527.4396	
464.847	547.39645	
465.282	470.03123	
465.718	417.57243	
466.153	549.89064	
466.589	517.459	
467.024	562.36028	
467.46	504.98121	
467.895	522.44948	
468.33	549.89064	
468.766	507.47695	
469.201	480.01877	
469.636	612.21638	
470.071	539.91331	
470.506	480.01877	
470.941	542.40778	
471.376	554.87877	
471.811	604.74024	
472.246	559.86654	
472.681	455.04716	
473.115	494.99733	
473.55	542.40778	
473.985	502.48537	
474.419	514.96363	
474.854	477.52202	
475.288	577.32088	
475.723	499.98945	
476.157	539.91331	
476.592	492.50113	
477.026	532.42936	
477.46	542.40778	
477.894	534.9241	
478.329	594.77082	
478.763	554.87877	
479.197	524.94459	
479.631	569.84098	
480.065	547.39645	
480.499	527.4396	
480.932	582.30702	
481.366	532.42936	
481.8	584.79996	
482.234	597.26331	
482.667	507.47695	
483.101	594.77082	
483.535	569.84098	
483.968	577.32088	
484.401	662.03683	
484.835	622.18331	
485.268	582.30702	
485.702	619.69171	
486.135	701.86778	
486.568	564.85394	
487.001	614.70824	
487.434	639.62201	
487.867	629.65757	
488.3	729.23857	
488.733	676.97607	
489.166	681.95511	
489.599	744.16366	
490.032	604.74024	
490.464	644.6037	
490.897	622.18331	
491.33	634.63997	
491.762	721.77485	
492.195	602.24802	
492.627	637.13103	
493.06	599.75571	
493.492	587.29281	
493.925	619.69171	
494.357	594.77082	
494.789	622.18331	
495.221	694.40119	
495.653	607.23238	
496.086	639.62201	
496.518	592.27824	
496.95	634.63997	
497.382	582.30702	
497.813	662.03683	
498.245	599.75571	
498.677	714.31036	
499.109	671.99667	
499.54	554.87877	
499.972	589.78557	
500.404	639.62201	
500.835	716.79861	
501.267	579.81399	
501.698	637.13103	
502.129	654.56602	
502.561	544.90216	
502.992	642.1129	
503.423	589.78557	
503.855	632.14881	
504.286	572.33437	
504.717	572.33437	
505.148	524.94459	
505.579	574.82767	
506.01	649.58504	
506.441	634.63997	
506.871	614.70824	
507.302	627.16624	
507.733	592.27824	
508.163	599.75571	
508.594	706.84507	
509.025	691.91215	
509.455	552.38475	
509.886	654.56602	
510.316	654.56602	
510.746	567.34751	
511.177	609.72442	
511.607	634.63997	
512.037	512.46816	
512.467	612.21638	
512.898	572.33437	
513.328	599.75571	
513.758	627.16624	
514.188	664.52692	
514.617	629.65757	
515.047	569.84098	
515.477	584.79996	
515.907	567.34751	
516.337	706.84507	
516.766	599.75571	
517.196	619.69171	
517.625	602.24802	
518.055	676.97607	
518.484	577.32088	
518.914	604.74024	
519.343	554.87877	
519.772	619.69171	
520.202	592.27824	
520.631	671.99667	
521.06	627.16624	
521.489	642.1129	
521.918	634.63997	
522.347	589.78557	
522.776	564.85394	
523.205	642.1129	
523.634	599.75571	
524.063	587.29281	
524.491	569.84098	
524.92	597.26331	
525.349	599.75571	
525.777	589.78557	
526.206	622.18331	
526.634	639.62201	
527.063	582.30702	
527.491	609.72442	
527.919	629.65757	
528.348	629.65757	
528.776	594.77082	
529.204	579.81399	
529.632	619.69171	
530.06	509.9726	
530.488	589.78557	
530.916	617.20002	
531.344	599.75571	
531.772	699.379	
532.2	579.81399	
532.627	579.81399	
533.055	587.29281	
533.483	544.90216	
533.91	604.74024	
534.338	589.78557	
534.765	629.65757	
535.193	637.13103	
535.62	632.14881	
536.048	637.13103	
536.475	674.48642	
536.902	664.52692	
537.329	627.16624	
537.757	634.63997	
538.184	691.91215	
538.611	617.20002	
539.038	696.89014	
539.465	652.07557	
539.892	676.97607	
540.318	669.50684	
540.745	816.25779	
541.172	836.13315	
541.599	888.28018	
542.025	885.79783	
542.452	997.42091	
542.878	940.39014	
543.305	860.96972	
543.731	828.68053	
544.158	870.90197	
544.584	853.51964	
545.01	903.1725	
545.436	1027.15881	
545.862	1022.20332	
546.289	1175.67337	
546.715	1094.02621	
547.141	994.94222	
547.567	987.50565	
547.993	786.4345	
548.418	853.51964	
548.844	756.59885	
549.27	716.79861	
549.696	798.86237	
550.121	751.62503	
550.547	726.75075	
550.972	766.54544	
551.398	696.89014	
551.823	759.08562	
552.249	714.31036	
552.674	642.1129	
553.099	607.23238	
553.525	637.13103	
553.95	609.72442	
554.375	592.27824	
554.8	634.63997	
555.225	607.23238	
555.65	592.27824	
556.075	629.65757	
556.5	634.63997	
556.925	537.41875	
557.349	587.29281	
557.774	604.74024	
558.199	519.95429	
558.623	537.41875	
559.048	582.30702	
559.472	622.18331	
559.897	637.13103	
560.321	599.75571	
560.746	642.1129	
561.17	549.89064	
561.594	564.85394	
562.018	612.21638	
562.443	569.84098	
562.867	514.96363	
563.291	584.79996	
563.715	592.27824	
564.139	604.74024	
564.562	629.65757	
564.986	597.26331	
565.41	522.44948	
565.834	475.02518	
566.257	512.46816	
566.681	569.84098	
567.105	557.3727	
567.528	579.81399	
567.952	617.20002	
568.375	559.86654	
568.798	604.74024	
569.222	507.47695	
569.645	564.85394	
570.068	537.41875	
570.491	579.81399	
570.914	542.40778	
571.337	557.3727	
571.76	537.41875	
572.183	617.20002	
572.606	480.01877	
573.029	624.67482	
573.452	627.16624	
573.875	542.40778	
574.297	542.40778	
574.72	519.95429	
575.143	502.48537	
575.565	512.46816	
575.988	614.70824	
576.41	684.4445	
576.832	604.74024	
577.255	569.84098	
577.677	619.69171	
578.099	632.14881	
578.521	667.01693	
578.943	582.30702	
579.365	594.77082	
579.787	589.78557	
580.209	589.78557	
580.631	657.05638	
581.053	569.84098	
581.475	652.07557	
581.897	639.62201	
582.318	624.67482	
582.74	647.09441	
583.162	694.40119	
583.583	599.75571	
584.005	639.62201	
584.426	617.20002	
584.847	617.20002	
585.269	642.1129	
585.69	629.65757	
586.111	679.46564	
586.532	592.27824	
586.954	612.21638	
587.375	749.13799	
587.796	639.62201	
588.217	574.82767	
588.637	599.75571	
589.058	499.98945	
589.479	554.87877	
589.9	584.79996	
590.32	537.41875	
590.741	604.74024	
591.162	529.93452	
591.582	572.33437	
592.003	622.18331	
592.423	592.27824	
592.844	652.07557	
593.264	569.84098	
593.684	584.79996	
594.104	609.72442	
594.524	564.85394	
594.945	599.75571	
595.365	529.93452	
595.785	557.3727	
596.205	534.9241	
596.625	607.23238	
597.044	634.63997	
597.464	509.9726	
597.884	587.29281	
598.304	527.4396	
598.723	587.29281	
599.143	572.33437	
599.562	629.65757	
599.982	577.32088	
600.401	592.27824	
600.821	522.44948	
601.24	539.91331	
601.659	544.90216	
602.078	567.34751	
602.498	485.01199	
602.917	490.00484	
603.336	544.90216	
603.755	482.51542	
604.174	452.54949	
604.593	487.50846	
605.011	584.79996	
605.43	572.33437	
605.849	539.91331	
606.268	514.96363	
606.686	502.48537	
607.105	587.29281	
607.523	584.79996	
607.942	539.91331	
608.36	612.21638	
608.779	599.75571	
609.197	627.16624	
609.615	627.16624	
610.033	684.4445	
610.451	967.67118	
610.87	1056.88496	
611.288	1247.35261	
611.706	1306.62364	
612.124	1148.4673	
612.541	1071.74364	
612.959	987.50565	
613.377	893.24462	
613.795	823.71169	
614.212	808.80312	
614.63	746.65087	
615.048	759.08562	
615.465	686.93381	
615.883	756.59885	
616.3	569.84098	
616.717	527.4396	
617.135	584.79996	
617.552	612.21638	
617.969	502.48537	
618.386	509.9726	
618.803	592.27824	
619.22	552.38475	
619.637	629.65757	
620.054	559.86654	
620.471	589.78557	
620.888	524.94459	
621.305	544.90216	
621.721	649.58504	
622.138	544.90216	
622.555	509.9726	
622.971	467.53411	
623.388	597.26331	
623.804	435.06323	
624.221	602.24802	
624.637	519.95429	
625.053	537.41875	
625.47	587.29281	
625.886	527.4396	
626.302	644.6037	
626.718	524.94459	
627.134	502.48537	
627.55	532.42936	
627.966	517.459	
628.382	507.47695	
628.797	517.459	
629.213	614.70824	
629.629	564.85394	
630.045	472.52825	
630.46	482.51542	
630.876	577.32088	
631.291	547.39645	
631.707	552.38475	
632.122	539.91331	
632.537	524.94459	
632.953	532.42936	
633.368	532.42936	
633.783	420.0714	
634.198	475.02518	
634.613	532.42936	
635.028	450.05173	
635.443	494.99733	
635.858	554.87877	
636.273	502.48537	
636.688	480.01877	
637.102	534.9241	
637.517	502.48537	
637.932	522.44948	
638.346	494.99733	
638.761	425.06904	
639.175	492.50113	
639.59	509.9726	
640.004	494.99733	
640.418	472.52825	
640.832	507.47695	
641.247	509.9726	
641.661	544.90216	
642.075	487.50846	
642.489	455.04716	
642.903	482.51542	
643.317	420.0714	
643.731	387.5776	
644.145	457.54473	
644.558	457.54473	
644.972	430.06632	
645.386	494.99733	
645.799	502.48537	
646.213	447.55388	
646.626	457.54473	
647.04	415.07337	
647.453	487.50846	
647.866	440.05977	
648.28	517.459	
648.693	452.54949	
649.106	437.56154	
649.519	477.52202	
649.932	480.01877	
650.345	472.52825	
650.758	490.00484	
651.171	487.50846	
651.584	432.56482	
651.997	509.9726	
652.41	509.9726	
652.822	455.04716	
653.235	512.46816	
653.647	460.04221	
654.06	490.00484	
654.472	524.94459	
654.885	552.38475	
655.297	480.01877	
655.71	494.99733	
656.122	499.98945	
656.534	397.57737	
656.946	480.01877	
657.358	554.87877	
657.77	402.57669	
658.182	450.05173	
658.594	487.50846	
659.006	435.06323	
659.418	462.53961	
659.83	440.05977	
660.241	440.05977	
660.653	407.57565	
661.065	437.56154	
661.476	460.04221	
661.888	410.07498	
662.299	385.07742	
662.71	467.53411	
663.122	452.54949	
663.533	490.00484	
663.944	425.06904	
664.355	437.56154	
664.767	437.56154	
665.178	544.90216	
665.589	460.04221	
666	442.5579	
666.41	422.57027	
666.821	452.54949	
667.232	457.54473	
667.643	395.07757	
668.053	420.0714	
668.464	494.99733	
668.875	420.0714	
669.285	472.52825	
669.696	462.53961	
670.106	470.03123	
670.516	367.57356	
670.927	499.98945	
671.337	385.07742	
671.747	440.05977	
672.157	425.06904	
672.567	462.53961	
672.977	435.06323	
673.387	432.56482	
673.797	460.04221	
674.207	417.57243	
674.617	440.05977	
675.027	372.57513	
675.436	410.07498	
675.846	435.06323	
676.256	452.54949	
676.665	440.05977	
677.075	425.06904	
677.484	425.06904	
677.893	482.51542	
678.303	365.07263	
678.712	420.0714	
679.121	477.52202	
679.53	402.57669	
679.939	485.01199	
680.348	492.50113	
680.757	529.93452	
681.166	422.57027	
681.575	440.05977	
681.984	432.56482	
682.393	450.05173	
682.802	435.06323	
683.21	445.05593	
683.619	405.07622	
684.027	405.07622	
684.436	450.05173	
684.844	402.57669	
685.253	427.56773	
685.661	437.56154	
686.069	487.50846	
686.477	490.00484	
686.886	425.06904	
687.294	447.55388	
687.702	532.42936	
688.11	462.53961	
688.518	390.07768	
688.926	422.57027	
689.333	412.57423	
689.741	425.06904	
690.149	490.00484	
690.557	415.07337	
690.964	415.07337	
691.372	514.96363	
691.779	442.5579	
692.187	390.07768	
692.594	412.57423	
693.001	567.34751	
693.409	392.57767	
693.816	450.05173	
694.223	345.06182	
694.63	370.07439	
695.037	392.57767	
695.444	400.07708	
695.851	405.07622	
696.258	457.54473	
696.665	365.07263	
697.072	340.05817	
697.479	420.0714	
697.885	437.56154	
698.292	367.57356	
698.698	412.57423	
699.105	425.06904	
699.511	390.07768	
699.918	327.5474	
700.324	452.54949	
700.73	440.05977	
701.137	372.57513	
701.543	440.05977	
701.949	342.56004	
702.355	435.06323	
702.761	375.07578	
703.167	415.07337	
703.573	415.07337	
703.979	395.07757	
704.385	402.57669	
704.79	362.57161	
705.196	442.5579	
705.602	362.57161	
706.007	392.57767	
706.413	400.07708	
706.818	485.01199	
707.224	430.06632	
707.629	375.07578	
708.034	485.01199	
708.439	410.07498	
708.845	482.51542	
709.25	470.03123	
709.655	407.57565	
710.06	412.57423	
710.465	465.0369	
710.87	375.07578	
711.275	440.05977	
711.679	352.56658	
712.084	410.07498	
712.489	427.56773	
712.893	437.56154	
713.298	410.07498	
713.702	440.05977	
714.107	440.05977	
714.511	467.53411	
714.916	377.57633	
715.32	445.05593	
715.724	410.07498	
716.128	405.07622	
716.533	412.57423	
716.937	407.57565	
717.341	397.57737	
717.745	330.04974	
718.149	372.57513	
718.552	390.07768	
718.956	407.57565	
719.36	442.5579	
719.764	355.06798	
720.167	425.06904	
720.571	400.07708	
720.974	372.57513	
721.378	410.07498	
721.781	452.54949	
722.185	347.5635	
722.588	430.06632	
722.991	350.06509	
723.394	370.07439	
723.797	420.0714	
724.2	392.57767	
724.603	450.05173	
725.006	355.06798	
725.409	340.05817	
725.812	400.07708	
726.215	425.06904	
726.618	504.98121	
727.02	382.57715	
727.423	390.07768	
727.826	400.07708	
728.228	437.56154	
728.631	382.57715	
729.033	415.07337	
729.435	435.06323	
729.838	360.07049	
730.24	352.56658	
730.642	425.06904	
731.044	402.57669	
731.446	417.57243	
731.848	425.06904	
732.25	450.05173	
732.652	357.56928	
733.054	435.06323	
733.456	357.56928	
733.857	432.56482	
734.259	435.06323	
734.661	367.57356	
735.062	467.53411	
735.464	392.57767	
735.865	455.04716	
736.267	382.57715	
736.668	402.57669	
737.069	382.57715	
737.47	385.07742	
737.872	362.57161	
738.273	385.07742	
738.674	405.07622	
739.075	430.06632	
739.476	447.55388	
739.877	375.07578	
740.278	432.56482	
740.678	427.56773	
741.079	355.06798	
741.48	317.53707	
741.88	427.56773	
742.281	460.04221	
742.681	442.5579	
743.082	407.57565	
743.482	367.57356	
743.882	452.54949	
744.283	450.05173	
744.683	445.05593	
745.083	412.57423	
745.483	477.52202	
745.883	380.07679	
746.283	330.04974	
746.683	377.57633	
747.083	460.04221	
747.483	337.55621	
747.883	415.07337	
748.282	375.07578	
748.682	367.57356	
749.082	395.07757	
749.481	377.57633	
749.881	337.55621	
750.28	422.57027	
750.679	417.57243	
751.079	412.57423	
751.478	382.57715	
751.877	337.55621	
752.276	430.06632	
752.675	417.57243	
753.074	390.07768	
753.473	365.07263	
753.872	347.5635	
754.271	430.06632	
754.67	362.57161	
755.069	405.07622	
755.467	367.57356	
755.866	397.57737	
756.265	430.06632	
756.663	405.07622	
757.062	422.57027	
757.46	347.5635	
757.858	397.57737	
758.257	405.07622	
758.655	497.49343	
759.053	450.05173	
759.451	317.53707	
759.849	402.57669	
760.247	397.57737	
760.645	387.5776	
761.043	435.06323	
761.441	342.56004	
761.839	370.07439	
762.237	402.57669	
762.634	417.57243	
763.032	467.53411	
763.429	350.06509	
763.827	385.07742	
764.224	350.06509	
764.622	382.57715	
765.019	362.57161	
765.416	375.07578	
765.814	392.57767	
766.211	340.05817	
766.608	405.07622	
767.005	360.07049	
767.402	457.54473	
767.799	440.05977	
768.196	425.06904	
768.593	392.57767	
768.989	380.07679	
769.386	397.57737	
769.783	390.07768	
770.179	352.56658	
770.576	400.07708	
770.972	440.05977	
771.369	302.51873	
771.765	400.07708	
772.161	375.07578	
772.558	375.07578	
772.954	360.07049	
773.35	395.07757	
773.746	400.07708	
774.142	272.47173	
774.538	427.56773	
774.934	375.07578	
775.33	427.56773	
775.726	365.07263	
776.121	380.07679	
776.517	392.57767	
776.913	342.56004	
777.308	282.48893	
777.704	327.5474	
778.099	395.07757	
778.495	375.07578	
778.89	345.06182	
779.285	320.0398	
779.68	467.53411	
780.076	347.5635	
780.471	337.55621	
780.866	402.57669	
781.261	370.07439	
781.656	377.57633	
782.051	357.56928	
782.445	432.56482	
782.84	325.04496	
783.235	365.07263	
783.63	362.57161	
784.024	372.57513	
784.419	335.05415	
784.813	392.57767	
785.208	422.57027	
785.602	380.07679	
785.996	335.05415	
786.391	372.57513	
786.785	440.05977	
787.179	300.01534	
787.573	345.06182	
787.967	382.57715	
788.361	395.07757	
788.755	355.06798	
789.149	400.07708	
789.543	352.56658	
789.936	350.06509	
790.33	357.56928	
790.724	412.57423	
791.117	365.07263	
791.511	365.07263	
791.904	415.07337	
792.298	367.57356	
792.691	360.07049	
793.084	387.5776	
793.477	417.57243	
793.871	377.57633	
794.264	432.56482	
794.657	440.05977	
795.05	367.57356	
795.443	407.57565	
795.836	432.56482	
796.228	269.96719	
796.621	385.07742	
797.014	422.57027	
797.406	397.57737	
797.799	365.07263	
798.192	340.05817	
798.584	392.57767	
798.976	350.06509	
799.369	377.57633	
799.761	332.55199	
800.153	425.06904	
800.546	350.06509	
800.938	405.07622	
801.33	462.53961	
801.722	345.06182	
802.114	427.56773	
802.506	400.07708	
802.897	402.57669	
803.289	310.02833	
803.681	357.56928	
804.073	422.57027	
804.464	365.07263	
804.856	380.07679	
805.247	395.07757	
805.639	377.57633	
806.03	300.01534	
806.421	447.55388	
806.813	395.07757	
807.204	502.48537	
807.595	442.5579	
807.986	310.02833	
808.377	427.56773	
808.768	442.5579	
809.159	450.05173	
809.55	300.01534	
809.941	400.07708	
810.331	372.57513	
810.722	345.06182	
811.113	365.07263	
811.503	320.0398	
811.894	390.07768	
812.284	400.07708	
812.675	377.57633	
813.065	352.56658	
813.455	370.07439	
813.846	410.07498	
814.236	385.07742	
814.626	317.53707	
815.016	375.07578	
815.406	345.06182	
815.796	335.05415	
816.186	332.55199	
816.575	432.56482	
816.965	382.57715	
817.355	447.55388	
817.745	447.55388	
818.134	330.04974	
818.524	375.07578	
818.913	375.07578	
819.303	422.57027	
819.692	432.56482	
820.081	375.07578	
820.47	302.51873	
820.86	292.50459	
821.249	420.0714	
821.638	455.04716	
822.027	367.57356	
822.416	310.02833	
822.805	350.06509	
823.193	410.07498	
823.582	412.57423	
823.971	327.5474	
824.36	395.07757	
824.748	360.07049	
825.137	340.05817	
825.525	330.04974	
825.914	332.55199	
826.302	342.56004	
826.69	375.07578	
827.079	325.04496	
827.467	415.07337	
827.855	305.02202	
828.243	390.07768	
828.631	397.57737	
829.019	337.55621	
829.407	367.57356	
829.795	362.57161	
830.182	380.07679	
830.57	402.57669	
830.958	327.5474	
831.345	352.56658	
831.733	330.04974	
832.12	365.07263	
832.508	279.98477	
832.895	392.57767	
833.283	405.07622	
833.67	410.07498	
834.057	382.57715	
834.444	325.04496	
834.831	335.05415	
835.218	442.5579	
835.605	410.07498	
835.992	350.06509	
836.379	317.53707	
836.766	422.57027	
837.152	395.07757	
837.539	375.07578	
837.926	279.98477	
838.312	362.57161	
838.699	350.06509	
839.085	352.56658	
839.472	432.56482	
839.858	355.06798	
840.244	345.06182	
840.63	355.06798	
841.017	375.07578	
841.403	345.06182	
841.789	347.5635	
842.175	427.56773	
842.561	327.5474	
842.946	397.57737	
843.332	352.56658	
843.718	307.52522	
844.104	332.55199	
844.489	372.57513	
844.875	352.56658	
845.26	375.07578	
845.646	452.54949	
846.031	345.06182	
846.416	405.07622	
846.802	370.07439	
847.187	292.50459	
847.572	315.03425	
847.957	347.5635	
848.342	442.5579	
848.727	380.07679	
849.112	400.07708	
849.497	397.57737	
849.882	357.56928	
850.266	365.07263	
850.651	365.07263	
851.036	365.07263	
851.42	357.56928	
851.805	362.57161	
852.189	377.57633	
852.574	432.56482	
852.958	347.5635	
853.342	312.53134	
853.726	400.07708	
854.11	367.57356	
854.495	430.06632	
854.879	347.5635	
855.263	365.07263	
855.646	360.07049	
856.03	387.5776	
856.414	300.01534	
856.798	327.5474	
857.181	332.55199	
857.565	330.04974	
857.949	402.57669	
858.332	390.07768	
858.716	412.57423	
859.099	425.06904	
859.482	405.07622	
859.866	375.07578	
860.249	350.06509	
860.632	455.04716	
861.015	312.53134	
861.398	312.53134	
861.781	352.56658	
862.164	254.93793	
862.547	347.5635	
862.929	325.04496	
863.312	380.07679	
863.695	375.07578	
864.077	407.57565	
864.46	397.57737	
864.842	442.5579	
865.225	400.07708	
865.607	372.57513	
865.99	387.5776	
866.372	372.57513	
866.754	335.05415	
867.136	395.07757	
867.518	380.07679	
867.9	332.55199	
868.282	320.0398	
868.664	372.57513	
869.046	357.56928	
869.428	450.05173	
869.809	385.07742	
870.191	440.05977	
870.573	350.06509	
870.954	382.57715	
871.336	320.0398	
871.717	392.57767	
872.099	425.06904	
872.48	355.06798	
872.861	410.07498	
873.242	310.02833	
873.623	340.05817	
874.004	402.57669	
874.385	342.56004	
874.766	305.02202	
875.147	430.06632	
875.528	395.07757	
875.909	415.07337	
876.29	310.02833	
876.67	382.57715	
877.051	435.06323	
877.431	312.53134	
877.812	427.56773	
878.192	350.06509	
878.573	330.04974	
878.953	377.57633	
879.333	340.05817	
879.713	367.57356	
880.093	355.06798	
880.473	420.0714	
880.853	352.56658	
881.233	365.07263	
881.613	372.57513	
881.993	322.54242	
882.373	335.05415	
882.753	355.06798	
883.132	332.55199	
883.512	335.05415	
883.891	380.07679	
884.271	457.54473	
884.65	417.57243	
885.029	320.0398	
885.409	417.57243	
885.788	405.07622	
886.167	422.57027	
886.546	392.57767	
886.925	355.06798	
887.304	377.57633	
887.683	357.56928	
888.062	440.05977	
888.441	335.05415	
888.82	327.5474	
889.198	312.53134	
889.577	367.57356	
889.955	315.03425	
890.334	407.57565	
890.712	337.55621	
891.091	360.07049	
891.469	347.5635	
891.847	277.48052	
892.226	352.56658	
892.604	392.57767	
892.982	335.05415	
893.36	367.57356	
893.738	287.49695	
894.116	405.07622	
894.493	375.07578	
894.871	262.45299	
895.249	387.5776	
895.627	312.53134	
896.004	362.57161	
896.382	432.56482	
896.759	365.07263	
897.137	337.55621	
897.514	345.06182	
897.891	385.07742	
898.269	325.04496	
898.646	342.56004	
899.023	397.57737	
899.4	262.45299	
899.777	397.57737	
900.154	327.5474	
900.531	375.07578	
900.908	372.57513	
901.284	395.07757	
901.661	422.57027	
902.038	362.57161	
902.414	367.57356	
902.791	365.07263	
903.167	392.57767	
903.544	385.07742	
903.92	300.01534	
904.296	377.57633	
904.672	392.57767	
905.049	340.05817	
905.425	322.54242	
905.801	380.07679	
906.177	407.57565	
906.553	345.06182	
906.929	420.0714	
907.304	325.04496	
907.68	279.98477	
908.056	342.56004	
908.431	397.57737	
908.807	400.07708	
909.182	372.57513	
909.558	435.06323	
909.933	390.07768	
910.309	397.57737	
910.684	325.04496	
911.059	350.06509	
911.434	407.57565	
911.809	325.04496	
912.184	392.57767	
912.559	362.57161	
912.934	460.04221	
913.309	277.48052	
913.684	362.57161	
914.058	425.06904	
914.433	430.06632	
914.808	350.06509	
915.182	407.57565	
915.557	375.07578	
915.931	402.57669	
916.305	375.07578	
916.68	335.05415	
917.054	337.55621	
917.428	307.52522	
917.802	415.07337	
918.176	337.55621	
918.55	322.54242	
918.924	387.5776	
919.298	347.5635	
919.672	367.57356	
920.045	387.5776	
920.419	385.07742	
920.793	402.57669	
921.166	392.57767	
921.54	292.50459	
921.913	357.56928	
922.287	342.56004	
922.66	380.07679	
923.033	405.07622	
923.406	355.06798	
923.78	352.56658	
924.153	345.06182	
924.526	385.07742	
924.899	277.48052	
925.271	362.57161	
925.644	335.05415	
926.017	417.57243	
926.39	407.57565	
926.762	292.50459	
927.135	345.06182	
927.508	317.53707	
927.88	422.57027	
928.252	377.57633	
928.625	284.99299	
928.997	262.45299	
929.369	282.48893	
929.741	370.07439	
930.114	402.57669	
930.486	397.57737	
930.858	355.06798	
931.229	335.05415	
931.601	360.07049	
931.973	335.05415	
932.345	347.5635	
932.717	347.5635	
933.088	382.57715	
933.46	320.0398	
933.831	357.56928	
934.203	347.5635	
934.574	372.57513	
934.945	360.07049	
935.317	325.04496	
935.688	407.57565	
936.059	307.52522	
936.43	365.07263	
936.801	325.04496	
937.172	347.5635	
937.543	512.46816	
937.914	332.55199	
938.284	297.51185	
938.655	322.54242	
939.026	392.57767	
939.396	380.07679	
939.767	320.0398	
940.137	347.5635	
940.508	315.03425	
940.878	390.07768	
941.248	320.0398	
941.618	330.04974	
941.989	337.55621	
942.359	362.57161	
942.729	315.03425	
943.099	380.07679	
943.469	254.93793	
943.838	322.54242	
944.208	300.01534	
944.578	337.55621	
944.948	375.07578	
945.317	407.57565	
945.687	380.07679	
946.056	410.07498	
946.426	337.55621	
946.795	297.51185	
947.164	357.56928	
947.533	390.07768	
947.903	345.06182	
948.272	332.55199	
948.641	372.57513	
949.01	407.57565	
949.379	370.07439	
949.748	362.57161	
950.116	360.07049	
950.485	325.04496	
950.854	402.57669	
951.222	360.07049	
951.591	430.06632	
951.959	420.0714	
952.328	347.5635	
952.696	315.03425	
953.065	310.02833	
953.433	310.02833	
953.801	310.02833	
954.169	302.51873	
954.537	367.57356	
954.905	430.06632	
955.273	350.06509	
955.641	300.01534	
956.009	375.07578	
956.377	432.56482	
956.744	355.06798	
957.112	244.91649	
957.479	365.07263	
957.847	307.52522	
958.214	390.07768	
958.582	332.55199	
958.949	347.5635	
959.316	367.57356	
959.684	332.55199	
960.051	385.07742	
960.418	430.06632	
960.785	322.54242	
961.152	317.53707	
961.519	390.07768	
961.885	412.57423	
962.252	375.07578	
962.619	340.05817	
962.986	417.57243	
963.352	345.06182	
963.719	370.07439	
964.085	442.5579	
964.452	375.07578	
964.818	342.56004	
965.184	357.56928	
965.55	330.04974	
965.916	355.06798	
966.283	292.50459	
966.649	440.05977	
967.015	367.57356	
967.38	360.07049	
967.746	307.52522	
968.112	395.07757	
968.478	370.07439	
968.843	407.57565	
969.209	345.06182	
969.575	387.5776	
969.94	427.56773	
970.305	325.04496	
970.671	347.5635	
971.036	282.48893	
971.401	347.5635	
971.766	347.5635	
972.132	412.57423	
972.497	327.5474	
972.862	325.04496	
973.227	362.57161	
973.591	362.57161	
973.956	420.0714	
974.321	422.57027	
974.686	427.56773	
975.05	355.06798	
975.415	335.05415	
975.779	380.07679	
976.144	345.06182	
976.508	377.57633	
976.872	377.57633	
977.236	317.53707	
977.601	360.07049	
977.965	367.57356	
978.329	397.57737	
978.693	357.56928	
979.057	372.57513	
979.421	295.00827	
979.784	367.57356	
980.148	407.57565	
980.512	477.52202	
980.875	405.07622	
981.239	327.5474	
981.602	302.51873	
981.966	382.57715	
982.329	387.5776	
982.692	342.56004	
983.056	312.53134	
983.419	420.0714	
983.782	330.04974	
984.145	307.52522	
984.508	335.05415	
984.871	310.02833	
985.234	345.06182	
985.597	400.07708	
985.959	327.5474	
986.322	397.57737	
986.685	390.07768	
987.047	402.57669	
987.41	345.06182	
987.772	347.5635	
988.134	352.56658	
988.497	345.06182	
988.859	325.04496	
989.221	377.57633	
989.583	442.5579	
989.945	370.07439	
990.307	367.57356	
990.669	397.57737	
991.031	337.55621	
991.393	350.06509	
991.755	284.99299	
992.116	312.53134	
992.478	372.57513	
992.839	377.57633	
993.201	335.05415	
993.562	352.56658	
993.924	380.07679	
994.285	345.06182	
994.646	317.53707	
995.007	352.56658	
995.369	415.07337	
995.73	430.06632	
996.091	397.57737	
996.451	387.5776	
996.812	365.07263	
997.173	402.57669	
997.534	340.05817	
997.895	342.56004	
998.255	327.5474	
998.616	352.56658	
998.976	239.9052	
999.337	320.0398	
999.697	355.06798	
1000.057	392.57767	
1000.418	395.07757	
1000.778	445.05593	
1001.138	340.05817	
1001.498	397.57737	
1001.858	340.05817	
1002.218	397.57737	
1002.578	352.56658	
1002.937	395.07757	
1003.297	367.57356	
1003.657	350.06509	
1004.016	312.53134	
1004.376	385.07742	
1004.735	402.57669	
1005.095	372.57513	
1005.454	420.0714	
1005.813	360.07049	
1006.173	372.57513	
1006.532	405.07622	
1006.891	315.03425	
1007.25	320.0398	
1007.609	350.06509	
1007.968	445.05593	
1008.327	392.57767	
1008.686	417.57243	
1009.044	365.07263	
1009.403	335.05415	
1009.762	372.57513	
1010.12	470.03123	
1010.479	312.53134	
1010.837	402.57669	
1011.195	397.57737	
1011.554	254.93793	
1011.912	320.0398	
1012.27	305.02202	
1012.628	224.86898	
1012.986	347.5635	
1013.344	322.54242	
1013.702	375.07578	
1014.06	357.56928	
1014.418	362.57161	
1014.775	362.57161	
1015.133	425.06904	
1015.491	362.57161	
1015.848	377.57633	
1016.206	385.07742	
1016.563	330.04974	
1016.92	357.56928	
1017.278	370.07439	
1017.635	342.56004	
1017.992	292.50459	
1018.349	290.00082	
1018.706	297.51185	
1019.063	370.07439	
1019.42	290.00082	
1019.777	375.07578	
1020.134	365.07263	
1020.49	357.56928	
1020.847	340.05817	
1021.203	310.02833	
1021.56	277.48052	
1021.916	307.52522	
1022.273	397.57737	
1022.629	360.07049	
1022.985	345.06182	
1023.342	317.53707	
1023.698	372.57513	
1024.054	377.57633	
1024.41	375.07578	
1024.766	367.57356	
1025.122	302.51873	
1025.477	375.07578	
1025.833	422.57027	
1026.189	287.49695	
1026.545	342.56004	
1026.9	345.06182	
1027.256	307.52522	
1027.611	335.05415	
1027.966	392.57767	
1028.322	370.07439	
1028.677	342.56004	
1029.032	342.56004	
1029.387	337.55621	
1029.742	330.04974	
1030.097	350.06509	
1030.452	360.07049	
1030.807	315.03425	
1031.162	417.57243	
1031.517	365.07263	
1031.871	335.05415	
1032.226	274.97617	
1032.581	274.97617	
1032.935	274.97617	
