FLMS05510_1:101		
187.856	0	
188.32	0	
188.785	0	
189.249	-42.77404	
189.713	-138.49494	
190.178	-90.61565	
190.642	-85.57792	
191.106	-113.29059	
191.57	17.60424	
192.034	-95.65379	
192.498	-5.0307	
192.963	-47.80824	
193.427	72.89947	
193.89	-67.94916	
194.354	-27.67393	
194.818	87.97152	
195.282	-15.09333	
195.746	70.38711	
196.21	45.25797	
196.673	70.38711	
197.137	183.34459	
197.601	168.29517	
198.064	145.7144	
198.528	163.27791	
198.991	195.88308	
199.454	130.65611	
199.918	298.60714	
200.381	193.37558	
200.844	326.13979	
201.308	313.62637	
201.771	271.06294	
202.234	268.55834	
202.697	346.15632	
203.16	363.66582	
203.623	331.14449	
204.086	301.11058	
204.549	258.539	
205.012	323.63729	
205.475	361.16474	
205.938	356.16231	
206.4	356.16231	
206.863	393.67139	
207.326	416.16672	
207.788	456.13986	
208.251	383.67103	
208.714	358.66357	
209.176	356.16231	
209.639	303.61393	
210.101	383.67103	
210.563	381.17071	
211.026	373.66917	
211.488	373.66917	
211.95	336.14881	
212.412	356.16231	
212.874	421.16466	
213.337	346.15632	
213.799	311.12341	
214.261	283.58446	
214.723	423.66349	
215.184	276.07183	
215.646	348.65796	
216.108	366.1668	
216.57	421.16466	
217.032	286.08848	
217.493	338.65083	
217.955	308.62034	
218.417	348.65796	
218.878	336.14881	
219.34	288.59241	
219.801	298.60714	
220.263	333.6467	
220.724	353.66095	
221.185	358.66357	
221.647	378.67029	
222.108	263.54887	
222.569	361.16474	
223.03	336.14881	
223.491	318.63202	
223.952	253.52876	
224.413	225.96549	
224.874	301.11058	
225.335	273.56743	
225.796	263.54887	
226.257	331.14449	
226.718	273.56743	
227.179	326.13979	
227.639	406.16973	
228.1	331.14449	
228.561	306.11719	
229.021	336.14881	
229.482	348.65796	
229.942	268.55834	
230.403	341.15275	
230.863	373.66917	
231.323	208.41912	
231.784	333.6467	
232.244	368.66768	
232.704	321.13471	
233.164	366.1668	
233.625	353.66095	
234.085	276.07183	
234.545	318.63202	
235.005	371.16848	
235.465	378.67029	
235.925	381.17071	
236.384	358.66357	
236.844	418.66574	
237.304	351.1595	
237.764	333.6467	
238.223	296.1036	
238.683	338.65083	
239.143	408.66912	
239.602	341.15275	
240.062	326.13979	
240.521	313.62637	
240.98	323.63729	
241.44	328.64218	
241.899	306.11719	
242.358	303.61393	
242.818	341.15275	
243.277	301.11058	
243.736	383.67103	
244.195	383.67103	
244.654	356.16231	
245.113	376.16978	
245.572	366.1668	
246.031	391.17144	
246.49	361.16474	
246.949	368.66768	
247.408	368.66768	
247.866	433.65789	
248.325	406.16973	
248.784	220.95273	
249.242	303.61393	
249.701	403.67025	
250.159	326.13979	
250.618	303.61393	
251.076	316.12925	
251.534	336.14881	
251.993	321.13471	
252.451	358.66357	
252.909	351.1595	
253.368	333.6467	
253.826	378.67029	
254.284	396.17124	
254.742	333.6467	
255.2	331.14449	
255.658	311.12341	
256.116	313.62637	
256.574	343.65458	
257.031	306.11719	
257.489	371.16848	
257.947	426.16223	
258.405	426.16223	
258.862	261.04398	
259.32	318.63202	
259.777	341.15275	
260.235	323.63729	
260.692	368.66768	
261.15	411.16841	
261.607	368.66768	
262.065	356.16231	
262.522	396.17124	
262.979	273.56743	
263.436	356.16231	
263.893	268.55834	
264.351	393.67139	
264.808	358.66357	
265.265	361.16474	
265.722	393.67139	
266.178	338.65083	
266.635	386.17126	
267.092	353.66095	
267.549	276.07183	
268.006	281.08035	
268.462	298.60714	
268.919	308.62034	
269.376	336.14881	
269.832	333.6467	
270.289	376.16978	
270.745	328.64218	
271.202	378.67029	
271.658	303.61393	
272.114	336.14881	
272.571	323.63729	
273.027	483.60768	
273.483	448.6467	
273.939	336.14881	
274.395	278.57614	
274.851	366.1668	
275.307	351.1595	
275.763	408.66912	
276.219	288.59241	
276.675	373.66917	
277.131	418.66574	
277.587	376.16978	
278.042	363.66582	
278.498	353.66095	
278.954	366.1668	
279.409	353.66095	
279.865	353.66095	
280.32	386.17126	
280.776	366.1668	
281.231	363.66582	
281.687	361.16474	
282.142	456.13986	
282.597	373.66917	
283.052	318.63202	
283.508	366.1668	
283.963	331.14449	
284.418	363.66582	
284.873	386.17126	
285.328	363.66582	
285.783	378.67029	
286.238	396.17124	
286.693	326.13979	
287.147	418.66574	
287.602	336.14881	
288.057	478.61436	
288.512	473.62067	
288.966	458.63739	
289.421	538.51013	
289.875	508.56881	
290.33	468.62661	
290.784	421.16466	
291.239	428.66088	
291.693	413.66761	
292.147	488.60064	
292.602	528.53114	
293.056	391.17144	
293.51	418.66574	
293.964	466.12944	
294.418	533.52082	
294.872	618.29014	
295.326	765.14678	
295.78	911.7032	
296.234	1243.49227	
296.688	1334.85432	
297.142	1312.64086	
297.595	1134.70603	
298.049	854.60615	
298.503	633.2387	
298.956	466.12944	
299.41	558.46376	
299.863	443.6508	
300.317	678.06527	
300.77	680.55479	
301.224	936.51418	
301.677	1268.19519	
302.13	1413.78531	
302.584	1519.72709	
303.037	1290.42116	
303.49	926.59079	
303.943	804.92018	
304.396	844.67168	
304.849	916.66607	
305.302	1361.99565	
305.755	2089.02132	
306.208	3188.07959	
306.661	4605.32761	
307.114	5943.99398	
307.566	7235.53408	
308.019	8421.54643	
308.472	9894.87248	
308.924	10618.75617	
309.377	11246.01632	
309.829	10675.68613	
310.282	9915.47663	
310.734	9167.14705	
311.187	9169.44891	
311.639	10342.89044	
312.091	12692.79464	
312.543	16210.85355	
312.995	17818.73444	
313.448	17563.2746	
313.9	14959.25278	
314.352	11728.27312	
314.804	9954.38715	
315.256	9015.13627	
315.708	8664.38688	
316.159	7674.00135	
316.611	6217.50332	
317.063	4881.88693	
317.515	3824.50434	
317.966	3333.05887	
318.418	3149.38402	
318.87	2691.16432	
319.321	2637.68794	
319.773	2542.81577	
320.224	2528.21168	
320.675	2260.06683	
321.127	2220.99915	
321.578	1964.19644	
322.029	1885.78437	
322.48	1632.90852	
322.932	1536.96038	
323.383	1551.7289	
323.834	1290.42116	
324.285	1443.3644	
324.736	1364.46259	
325.187	1450.75748	
325.638	1536.96038	
326.088	1578.79762	
326.539	1679.61238	
326.99	1620.61368	
327.441	1618.1545	
327.891	1593.55864	
328.342	1465.54161	
328.792	1320.04604	
329.243	1394.05986	
329.693	1238.55075	
330.144	1270.66505	
330.594	1171.80945	
331.044	1154.49675	
331.495	1265.72524	
331.945	1310.17232	
332.395	1470.46905	
332.845	1819.56902	
333.295	2274.71291	
333.745	2899.92772	
334.195	3530.87268	
334.645	4361.59964	
335.095	5065.1063	
335.545	6311.67724	
335.995	7834.55327	
336.444	9580.84688	
336.894	10196.75811	
337.344	9670.31484	
337.793	7950.77055	
338.243	5880.24534	
338.692	4110.15747	
339.142	2691.16432	
339.591	1568.95548	
340.041	1243.49227	
340.49	1100.05995	
340.939	941.47537	
341.388	991.0691	
341.838	986.11122	
342.287	946.43624	
342.736	1033.19789	
343.185	1003.46238	
343.634	1206.42322	
344.083	1075.3031	
344.532	1194.06294	
344.981	1179.22799	
345.429	1174.28238	
345.878	1216.31002	
346.327	1287.95192	
346.776	1490.17584	
347.224	1541.88352	
347.673	1976.44198	
348.121	2199.01622	
348.57	2330.83462	
349.018	2625.53009	
349.467	2603.64207	
349.915	2477.07965	
350.363	2306.43808	
350.811	2084.12954	
351.26	2123.25637	
351.708	2552.55058	
352.156	3028.36571	
352.604	3749.96853	
353.052	4071.79309	
353.5	4287.42246	
353.948	3995.02469	
354.396	3417.53702	
354.843	3205.00432	
355.291	3497.1258	
355.739	4220.382	
356.186	5229.05021	
356.634	6982.96564	
357.082	8305.74966	
357.529	8110.97926	
357.977	6779.14118	
358.424	4777.06214	
358.871	3076.79033	
359.319	2035.19687	
359.766	1470.46905	
360.213	1255.8447	
360.661	1226.19557	
361.108	1156.97023	
361.555	1270.66505	
362.002	1312.64086	
362.449	1536.96038	
362.896	2423.48303	
363.343	4731.76788	
363.79	9858.23522	
364.236	19848.65635	
364.683	29367.08074	
365.13	33814.56774	
365.577	31493.38642	
366.023	23094.15611	
366.47	15724.18954	
366.916	10121.34855	
367.363	5825.91485	
367.809	3393.40735	
368.256	2269.83115	
368.702	1907.8449	
369.148	1782.76065	
369.594	1956.8483	
370.041	2291.79705	
370.487	2408.86045	
370.933	2559.85104	
371.379	2406.42313	
371.825	2267.39016	
372.271	2025.4071	
372.717	1898.04091	
373.163	1988.68581	
373.608	2179.47137	
374.054	2589.04729	
374.5	3209.83945	
374.946	3653.71761	
375.391	3627.23355	
375.837	3248.5123	
376.282	2613.3707	
376.728	2155.03437	
377.173	1871.07424	
377.618	1768.03286	
378.064	1822.02234	
378.509	2142.81339	
378.954	2766.46745	
379.4	3246.09567	
379.845	3788.44499	
380.29	3680.19515	
380.735	3185.66155	
381.18	2540.38191	
381.625	1682.06975	
382.07	1191.59064	
382.514	976.19445	
382.959	832.25167	
383.404	904.25828	
383.849	934.03346	
384.293	931.55265	
384.738	926.59079	
385.183	1062.92165	
385.627	946.43624	
386.072	1000.98389	
386.516	988.5902	
386.96	1050.53817	
387.405	911.7032	
387.849	1005.94079	
388.293	1087.68253	
388.737	1260.78513	
389.181	1507.41537	
389.626	1349.65983	
390.07	1248.43347	
390.514	1260.78513	
390.957	1075.3031	
391.401	1208.89504	
391.845	1164.3902	
392.289	1255.8447	
392.733	1332.38646	
393.176	1490.17584	
393.62	1723.83418	
394.064	1716.46549	
394.507	1655.03465	
394.951	1470.46905	
395.394	1248.43347	
395.838	1179.22799	
396.281	1139.65419	
396.724	1070.35077	
397.168	1243.49227	
397.611	1354.59439	
398.054	1694.35556	
398.497	2150.14617	
398.94	2428.35671	
399.383	2727.60858	
399.826	2870.82448	
400.269	2916.90068	
400.712	2720.32083	
401.155	2411.29771	
401.597	2086.57546	
402.04	1709.09616	
402.483	1593.55864	
402.925	2020.51181	
403.368	3444.07328	
403.811	6917.40281	
404.253	10500.2685	
404.696	11879.65173	
405.138	10880.4461	
405.58	8270.99059	
406.023	5650.94884	
406.465	4160.49078	
406.907	3838.92475	
407.349	3639.27256	
407.791	3913.4	
408.233	3528.46254	
408.675	2747.03995	
409.117	2101.24963	
409.559	1588.6386	
410.001	1280.54373	
410.443	1097.58463	
410.885	958.83694	
411.326	924.10973	
411.768	901.77647	
412.21	852.12266	
412.651	934.03346	
413.093	1003.46238	
413.534	1090.15818	
413.975	1181.70068	
414.417	1127.28319	
414.858	1149.54955	
415.299	1199.00728	
415.741	1087.68253	
416.182	1129.75755	
416.623	1122.33423	
417.064	1057.9685	
417.505	1127.28319	
417.946	1152.02319	
418.387	1265.72524	
418.828	1391.59384	
419.269	1718.92179	
419.709	1875.97789	
420.15	1951.94919	
420.591	1895.58974	
421.031	1785.21503	
421.472	1527.11323	
421.913	1320.04604	
422.353	1154.49675	
422.794	988.5902	
423.234	886.88386	
423.674	787.52202	
424.115	832.25167	
424.555	886.88386	
424.995	1028.24279	
425.435	1134.70603	
425.875	1203.95132	
426.315	1374.32957	
426.755	1342.25742	
427.195	1250.90396	
427.635	1144.60203	
428.075	986.11122	
428.515	790.00773	
428.955	762.66022	
429.394	777.57833	
429.834	757.68682	
430.274	867.02235	
430.713	750.22608	
431.153	804.92018	
431.592	782.55035	
432.031	857.08956	
432.471	1080.25512	
432.91	1270.66505	
433.349	1529.57513	
433.789	2428.35671	
434.228	4294.60302	
434.667	9562.48718	
435.106	20099.2333	
435.545	27877.67135	
435.984	30563.76176	
436.423	24305.71642	
436.862	16676.90599	
437.301	10413.61836	
437.739	6804.93026	
438.178	4404.6481	
438.617	2494.12673	
439.055	1539.42199	
439.494	1166.86336	
439.932	1020.80952	
440.371	998.50531	
440.809	953.87691	
441.248	862.05612	
441.686	879.43643	
442.124	809.89031	
442.563	790.00773	
443.001	787.52202	
443.439	680.55479	
443.877	675.57565	
444.315	660.63611	
444.753	600.84611	
445.191	648.18407	
445.629	690.51202	
446.067	623.27335	
446.504	685.53358	
446.942	720.37532	
447.38	797.46434	
447.817	750.22608	
448.255	785.03623	
448.693	717.88719	
449.13	854.60615	
449.568	767.63327	
450.005	690.51202	
450.442	812.37524	
450.88	747.73899	
451.317	837.21993	
451.754	832.25167	
452.191	725.35132	
452.628	700.46785	
453.065	678.06527	
453.502	683.04423	
453.939	650.67466	
454.376	777.57833	
454.813	635.72982	
455.25	618.29014	
455.686	715.39898	
456.123	755.19999	
456.56	757.68682	
456.996	792.49335	
457.433	712.91068	
457.869	802.43498	
458.306	688.02285	
458.742	633.2387	
459.179	625.76482	
459.615	720.37532	
460.051	730.32696	
460.487	717.88719	
460.924	640.71179	
461.36	707.93381	
461.796	665.61631	
462.232	630.7475	
462.668	633.2387	
463.104	750.22608	
463.539	717.88719	
463.975	737.78978	
464.411	750.22608	
464.847	720.37532	
465.282	705.44524	
465.718	757.68682	
466.153	727.83918	
466.589	690.51202	
467.024	600.84611	
467.46	583.39769	
467.895	643.20264	
468.33	638.22085	
468.766	580.9047	
469.201	690.51202	
469.636	645.6934	
470.071	725.35132	
470.506	668.10628	
470.941	710.42229	
471.376	745.25182	
471.811	737.78978	
472.246	702.95659	
472.681	633.2387	
473.115	600.84611	
473.55	653.16515	
473.985	578.41163	
474.419	660.63611	
474.854	645.6934	
475.288	660.63611	
475.723	580.9047	
476.157	752.71308	
476.592	690.51202	
477.026	732.81466	
477.46	645.6934	
477.894	660.63611	
478.329	615.79841	
478.763	685.53358	
479.197	715.39898	
479.631	603.33838	
480.065	690.51202	
480.499	762.66022	
480.932	727.83918	
481.366	817.34486	
481.8	785.03623	
482.234	720.37532	
482.667	770.11966	
483.101	767.63327	
483.535	683.04423	
483.968	787.52202	
484.401	690.51202	
484.835	740.27722	
485.268	807.40528	
485.702	948.91654	
486.135	1015.85361	
486.568	894.33055	
487.001	948.91654	
487.434	976.19445	
487.867	879.43643	
488.3	827.28308	
488.733	782.55035	
489.166	809.89031	
489.599	862.05612	
490.032	839.70393	
490.464	951.39677	
490.897	1522.18921	
491.33	1905.39401	
491.762	2159.9223	
492.195	1934.80017	
492.627	1517.26489	
493.06	1310.17232	
493.492	978.67377	
493.925	938.99482	
494.357	854.60615	
494.789	827.28308	
495.221	678.06527	
495.653	829.76742	
496.086	844.67168	
496.518	757.68682	
496.95	757.68682	
497.382	822.31414	
497.813	750.22608	
498.245	862.05612	
498.677	727.83918	
499.109	802.43498	
499.54	665.61631	
499.972	765.14678	
500.404	725.35132	
500.835	638.22085	
501.267	725.35132	
501.698	747.73899	
502.129	792.49335	
502.561	812.37524	
502.992	717.88719	
503.423	762.66022	
503.855	747.73899	
504.286	790.00773	
504.717	690.51202	
505.148	772.60597	
505.579	874.47105	
506.01	727.83918	
506.441	760.17356	
506.871	720.37532	
507.302	720.37532	
507.733	762.66022	
508.163	742.76456	
508.594	755.19999	
509.025	790.00773	
509.455	745.25182	
509.886	710.42229	
510.316	735.30226	
510.746	817.34486	
511.177	735.30226	
511.607	772.60597	
512.037	710.42229	
512.467	747.73899	
512.898	727.83918	
513.328	732.81466	
513.758	799.9497	
514.188	745.25182	
514.617	693.00111	
515.047	702.95659	
515.477	750.22608	
515.907	745.25182	
516.337	712.91068	
516.766	790.00773	
517.196	745.25182	
517.625	675.57565	
518.055	742.76456	
518.484	804.92018	
518.914	750.22608	
519.343	802.43498	
519.772	673.08595	
520.202	725.35132	
520.631	752.71308	
521.06	770.11966	
521.489	760.17356	
521.918	824.79865	
522.347	822.31414	
522.776	685.53358	
523.205	710.42229	
523.634	755.19999	
524.063	767.63327	
524.491	735.30226	
524.92	722.86336	
525.349	760.17356	
525.777	707.93381	
526.206	747.73899	
526.634	707.93381	
527.063	670.59616	
527.491	685.53358	
527.919	757.68682	
528.348	752.71308	
528.776	727.83918	
529.204	720.37532	
529.632	613.30658	
530.06	658.14588	
530.488	595.86129	
530.916	752.71308	
531.344	750.22608	
531.772	745.25182	
532.2	683.04423	
532.627	812.37524	
533.055	799.9497	
533.483	785.03623	
533.91	782.55035	
534.338	720.37532	
534.765	760.17356	
535.193	745.25182	
535.62	832.25167	
536.048	839.70393	
536.475	780.06438	
536.902	785.03623	
537.329	767.63327	
537.757	755.19999	
538.184	824.79865	
538.611	799.9497	
539.038	807.40528	
539.465	916.66607	
539.892	951.39677	
540.318	886.88386	
540.745	1028.24279	
541.172	1134.70603	
541.599	1164.3902	
542.025	1221.25296	
542.452	1189.11827	
542.878	1255.8447	
543.305	1283.0132	
543.731	1391.59384	
544.158	1534.49871	
544.584	1709.09616	
545.01	4512.19849	
545.436	26528.08018	
545.862	49072.40544	
546.289	63079.73014	
546.715	58736.96027	
547.141	37586.12068	
547.567	22532.2283	
547.993	14741.52684	
548.418	10336.04391	
548.844	6483.36154	
549.27	3716.29044	
549.696	2235.65149	
550.121	1679.61238	
550.547	1406.38883	
550.972	1164.3902	
551.398	1080.25512	
551.823	871.98823	
552.249	978.67377	
552.674	785.03623	
553.099	792.49335	
553.525	874.47105	
553.95	869.50533	
554.375	824.79865	
554.8	812.37524	
555.225	824.79865	
555.65	792.49335	
556.075	809.89031	
556.5	886.88386	
556.925	750.22608	
557.349	697.97903	
557.774	730.32696	
558.199	675.57565	
558.623	722.86336	
559.048	725.35132	
559.472	712.91068	
559.897	710.42229	
560.321	747.73899	
560.746	655.65556	
561.17	697.97903	
561.594	650.67466	
562.018	670.59616	
562.443	658.14588	
562.867	673.08595	
563.291	613.30658	
563.715	710.42229	
564.139	690.51202	
564.562	702.95659	
564.986	690.51202	
565.41	725.35132	
565.834	645.6934	
566.257	655.65556	
566.681	670.59616	
567.105	740.27722	
567.528	683.04423	
567.952	732.81466	
568.375	613.30658	
568.798	630.7475	
569.222	705.44524	
569.645	685.53358	
570.068	670.59616	
570.491	670.59616	
570.914	710.42229	
571.337	732.81466	
571.76	707.93381	
572.183	765.14678	
572.606	735.30226	
573.029	710.42229	
573.452	814.8601	
573.875	787.52202	
574.297	837.21993	
574.72	871.98823	
575.143	919.14737	
575.565	951.39677	
575.988	1495.10179	
576.41	5433.0727	
576.832	9314.38634	
577.255	12600.64862	
577.677	11536.00907	
578.099	8303.43268	
578.521	10249.29206	
578.943	13269.25689	
579.365	16202.0121	
579.787	14361.10548	
580.209	9151.03291	
580.631	5757.3769	
581.053	4009.42281	
581.475	2815.01935	
581.897	2062.11316	
582.318	1472.93266	
582.74	1164.3902	
583.162	1122.33423	
583.583	1028.24279	
584.005	919.14737	
584.426	919.14737	
584.847	1060.44512	
585.269	966.27637	
585.69	854.60615	
586.111	924.10973	
586.532	859.57288	
586.954	899.29458	
587.375	852.12266	
587.796	921.62859	
588.217	881.91899	
588.637	924.10973	
589.058	963.79664	
589.479	864.53928	
589.9	745.25182	
590.32	963.79664	
590.741	787.52202	
591.162	792.49335	
591.582	817.34486	
592.003	762.66022	
592.423	862.05612	
592.844	807.40528	
593.264	899.29458	
593.684	931.55265	
594.104	844.67168	
594.524	839.70393	
594.945	891.8484	
595.365	809.89031	
595.785	938.99482	
596.205	881.91899	
596.625	799.9497	
597.044	725.35132	
597.464	735.30226	
597.884	740.27722	
598.304	760.17356	
598.723	869.50533	
599.143	876.95378	
599.562	847.15542	
599.982	894.33055	
600.401	879.43643	
600.821	834.73584	
601.24	782.55035	
601.659	807.40528	
602.078	817.34486	
602.498	834.73584	
602.917	727.83918	
603.336	874.47105	
603.755	807.40528	
604.174	867.02235	
604.593	881.91899	
605.011	906.74001	
605.43	876.95378	
605.849	817.34486	
606.268	822.31414	
606.686	760.17356	
607.105	767.63327	
607.523	792.49335	
607.942	782.55035	
608.36	730.32696	
608.779	780.06438	
609.197	732.81466	
609.615	750.22608	
610.033	804.92018	
610.451	958.83694	
610.87	1147.07583	
611.288	1300.29736	
611.706	1423.64621	
612.124	1312.64086	
612.541	1250.90396	
612.959	1072.82697	
613.377	1055.49181	
613.795	968.75602	
614.212	906.74001	
614.63	867.02235	
615.048	802.43498	
615.465	782.55035	
615.883	760.17356	
616.3	717.88719	
616.717	727.83918	
617.135	625.76482	
617.552	640.71179	
617.969	745.25182	
618.386	628.25621	
618.803	638.22085	
619.22	563.45127	
619.637	585.89059	
620.054	508.56881	
620.471	558.46376	
620.888	588.3834	
621.305	580.9047	
621.721	678.06527	
622.138	623.27335	
622.555	608.32266	
622.971	742.76456	
623.388	605.83056	
623.804	678.06527	
624.221	804.92018	
624.637	673.08595	
625.053	600.84611	
625.47	663.12625	
625.886	663.12625	
626.302	693.00111	
626.718	650.67466	
627.134	585.89059	
627.55	575.91846	
627.966	660.63611	
628.382	690.51202	
628.797	665.61631	
629.213	697.97903	
629.629	623.27335	
630.045	715.39898	
630.46	660.63611	
630.876	658.14588	
631.291	802.43498	
631.707	809.89031	
632.122	693.00111	
632.537	750.22608	
632.953	618.29014	
633.368	620.78179	
633.783	590.87612	
634.198	570.93185	
634.613	620.78179	
635.028	598.35375	
635.443	565.94489	
635.858	635.72982	
636.273	580.9047	
636.688	660.63611	
637.102	678.06527	
637.517	663.12625	
637.932	648.18407	
638.346	630.7475	
638.761	705.44524	
639.175	747.73899	
639.59	710.42229	
640.004	673.08595	
640.418	640.71179	
640.832	658.14588	
641.247	643.20264	
641.661	705.44524	
642.075	740.27722	
642.489	615.79841	
642.903	737.78978	
643.317	690.51202	
643.731	668.10628	
644.145	640.71179	
644.558	593.36875	
644.972	722.86336	
645.386	680.55479	
645.799	732.81466	
646.213	645.6934	
646.626	785.03623	
647.04	790.00773	
647.453	650.67466	
647.866	630.7475	
648.28	608.32266	
648.693	598.35375	
649.106	630.7475	
649.519	590.87612	
649.932	570.93185	
650.345	697.97903	
650.758	712.91068	
651.171	720.37532	
651.584	750.22608	
651.997	715.39898	
652.41	787.52202	
652.822	775.09219	
653.235	799.9497	
653.647	794.97889	
654.06	832.25167	
654.472	876.95378	
654.885	717.88719	
655.297	680.55479	
655.71	921.62859	
656.122	1033.19789	
656.534	1218.78153	
656.946	1149.54955	
657.358	1166.86336	
657.77	1097.58463	
658.182	867.02235	
658.594	869.50533	
659.006	899.29458	
659.418	780.06438	
659.83	884.40147	
660.241	837.21993	
660.653	829.76742	
661.065	859.57288	
661.476	889.36618	
661.888	812.37524	
662.299	802.43498	
662.71	864.53928	
663.122	760.17356	
663.533	750.22608	
663.944	695.49011	
664.355	675.57565	
664.767	573.4252	
665.178	585.89059	
665.589	595.86129	
666	658.14588	
666.41	722.86336	
666.821	804.92018	
667.232	911.7032	
667.643	1025.76511	
668.053	1075.3031	
668.464	1156.97023	
668.875	1060.44512	
669.285	919.14737	
669.696	1065.3981	
670.106	881.91899	
670.516	809.89031	
670.927	745.25182	
671.337	725.35132	
671.747	792.49335	
672.157	655.65556	
672.567	665.61631	
672.977	608.32266	
673.387	593.36875	
673.797	506.0731	
674.207	618.29014	
674.617	648.18407	
675.027	613.30658	
675.436	650.67466	
675.846	697.97903	
676.256	712.91068	
676.665	663.12625	
677.075	685.53358	
677.484	605.83056	
677.893	693.00111	
678.303	650.67466	
678.712	630.7475	
679.121	528.53114	
679.53	508.56881	
679.939	486.1042	
680.348	550.98183	
680.757	526.03617	
681.166	538.51013	
681.575	408.66912	
681.984	433.65789	
682.393	541.00465	
682.802	428.66088	
683.21	508.56881	
683.619	433.65789	
684.027	501.08143	
684.436	401.17067	
684.844	398.671	
685.253	538.51013	
685.661	466.12944	
686.069	516.05536	
686.477	531.02602	
686.886	558.46376	
687.294	563.45127	
687.702	603.33838	
688.11	613.30658	
688.518	511.06442	
688.926	573.4252	
689.333	501.08143	
689.741	506.0731	
690.149	595.86129	
690.557	650.67466	
690.964	680.55479	
691.372	670.59616	
691.779	658.14588	
692.187	653.16515	
692.594	675.57565	
693.001	590.87612	
693.409	550.98183	
693.816	493.59323	
694.223	660.63611	
694.63	523.5411	
695.037	555.96987	
695.444	1057.9685	
695.851	2135.48	
696.258	3894.18541	
696.665	5861.3505	
697.072	6499.81203	
697.479	6050.16854	
697.885	5333.47701	
698.292	4129.33473	
698.698	2834.43341	
699.105	1748.39185	
699.511	1095.10923	
699.918	842.18785	
700.324	573.4252	
700.73	590.87612	
701.137	526.03617	
701.543	503.57731	
701.949	481.11106	
702.355	506.0731	
702.761	511.06442	
703.167	538.51013	
703.573	575.91846	
703.979	511.06442	
704.385	598.35375	
704.79	511.06442	
705.196	483.60768	
705.602	802.43498	
706.007	1768.03286	
706.413	3018.67801	
706.818	4215.59188	
707.224	4869.97973	
707.629	4440.50943	
708.034	4038.21344	
708.439	3427.18734	
708.845	2411.29771	
709.25	1576.3372	
709.655	988.5902	
710.06	790.00773	
710.465	668.10628	
710.87	598.35375	
711.275	608.32266	
711.679	545.99342	
712.084	511.06442	
712.489	508.56881	
712.893	488.60064	
713.298	478.61436	
713.702	553.4759	
714.107	655.65556	
714.511	792.49335	
714.916	956.35697	
715.32	936.51418	
715.724	879.43643	
716.128	777.57833	
716.533	794.97889	
716.937	613.30658	
717.341	573.4252	
717.745	531.02602	
718.149	543.49908	
718.552	493.59323	
718.956	461.13483	
719.36	396.17124	
719.764	361.16474	
720.167	461.13483	
720.571	386.17126	
720.974	451.14451	
721.378	458.63739	
721.781	476.11756	
722.185	501.08143	
722.588	413.66761	
722.991	536.01552	
723.394	393.67139	
723.797	533.52082	
724.2	545.99342	
724.603	506.0731	
725.006	458.63739	
725.409	456.13986	
725.812	565.94489	
726.215	673.08595	
726.618	931.55265	
727.02	1263.25523	
727.423	1529.57513	
727.826	1745.9364	
728.228	1659.95077	
728.631	1389.12775	
729.033	1283.0132	
729.435	986.11122	
729.838	727.83918	
730.24	600.84611	
730.642	548.48767	
731.044	508.56881	
731.446	483.60768	
731.848	508.56881	
732.25	466.12944	
732.652	538.51013	
733.054	598.35375	
733.456	471.12368	
733.857	563.45127	
734.259	538.51013	
734.661	578.41163	
735.062	583.39769	
735.464	600.84611	
735.865	645.6934	
736.267	712.91068	
736.668	762.66022	
737.069	889.36618	
737.47	1890.6872	
737.872	3506.76886	
738.273	5506.53118	
738.674	7055.51353	
739.075	7060.19262	
739.476	6222.21371	
739.877	5551.53213	
740.278	4521.75365	
740.678	2819.87322	
741.079	1694.35556	
741.48	1080.25512	
741.88	777.57833	
742.281	683.04423	
742.681	523.5411	
743.082	518.5507	
743.482	630.7475	
743.882	558.46376	
744.283	690.51202	
744.683	645.6934	
745.083	588.3834	
745.483	605.83056	
745.883	663.12625	
746.283	670.59616	
746.683	673.08595	
747.083	737.78978	
747.483	707.93381	
747.883	799.9497	
748.282	889.36618	
748.682	963.79664	
749.082	1760.66801	
749.481	6080.82421	
749.881	13013.78757	
750.28	21838.69903	
750.679	30012.11456	
751.079	33481.73657	
751.478	32920.06706	
751.877	31729.05915	
752.276	25940.67949	
752.675	19307.91679	
753.074	13027.24264	
753.473	8551.11726	
753.872	5038.94945	
754.271	2863.54734	
754.67	1620.61368	
755.069	1176.75523	
755.467	948.91654	
755.866	712.91068	
756.265	799.9497	
756.663	695.49011	
757.062	700.46785	
757.46	675.57565	
757.858	645.6934	
758.257	541.00465	
758.655	528.53114	
759.053	595.86129	
759.451	638.22085	
759.849	593.36875	
760.247	670.59616	
760.645	747.73899	
761.043	762.66022	
761.441	653.16515	
761.839	869.50533	
762.237	1610.77651	
762.634	5707.72201	
763.032	11744.09579	
763.429	18263.33221	
763.827	23001.56977	
764.224	22204.09945	
764.622	19318.90828	
765.019	16670.28403	
765.416	13325.23158	
765.814	8673.62908	
766.211	4853.30763	
766.608	2625.53009	
767.005	1519.72709	
767.402	1161.91696	
767.799	886.88386	
768.196	829.76742	
768.593	683.04423	
768.989	633.2387	
769.386	558.46376	
769.783	568.43841	
770.179	655.65556	
770.576	690.51202	
770.972	785.03623	
771.369	1539.42199	
771.765	2979.91787	
772.161	5024.67965	
772.558	6886.95137	
772.954	7366.29853	
773.35	6542.1034	
773.746	5373.79946	
774.142	4688.84132	
774.538	3574.24581	
774.934	2338.15233	
775.33	1504.9528	
775.726	1062.92165	
776.121	700.46785	
776.517	618.29014	
776.913	600.84611	
777.308	630.7475	
777.704	563.45127	
778.099	541.00465	
778.495	503.57731	
778.89	451.14451	
779.285	560.95756	
779.68	526.03617	
780.076	446.14879	
780.471	496.08939	
780.866	311.12341	
781.261	416.16672	
781.656	373.66917	
782.051	473.62067	
782.445	373.66917	
782.84	481.11106	
783.235	408.66912	
783.63	476.11756	
784.024	406.16973	
784.419	426.16223	
784.813	466.12944	
785.208	473.62067	
785.602	433.65789	
785.996	428.66088	
786.391	533.52082	
786.785	458.63739	
787.179	476.11756	
787.573	426.16223	
787.967	458.63739	
788.361	451.14451	
788.755	383.67103	
789.149	413.66761	
789.543	393.67139	
789.936	428.66088	
790.33	461.13483	
790.724	426.16223	
791.117	491.09698	
791.511	406.16973	
791.904	393.67139	
792.298	371.16848	
792.691	493.59323	
793.084	565.94489	
793.477	598.35375	
793.871	1305.23499	
794.264	2540.38191	
794.657	3947.01747	
795.05	4972.34235	
795.443	4919.98187	
795.836	4225.17193	
796.228	3499.53664	
796.621	3004.1447	
797.014	2474.64411	
797.406	1807.30132	
797.799	1208.89504	
798.192	745.25182	
798.584	633.2387	
798.976	585.89059	
799.369	680.55479	
799.761	1107.48543	
800.153	1927.44956	
800.546	3451.30928	
800.938	4953.30486	
801.33	6271.66203	
801.722	6469.25939	
802.114	6139.75609	
802.506	5435.44302	
802.897	4375.95093	
803.289	3658.53219	
803.681	2812.59233	
804.073	1822.02234	
804.464	1273.13484	
804.856	780.06438	
805.247	653.16515	
805.639	550.98183	
806.03	418.66574	
806.421	423.66349	
806.813	451.14451	
807.204	466.12944	
807.595	491.09698	
807.986	393.67139	
808.377	456.13986	
808.768	560.95756	
809.159	767.63327	
809.55	1826.92879	
809.941	3320.985	
810.331	5305.00598	
810.722	8521.04973	
811.113	11669.48882	
811.503	14006.76065	
811.894	14992.5601	
812.284	13369.99877	
812.675	10814.49986	
813.065	8793.71865	
813.455	7487.60297	
813.846	5922.7481	
814.236	3624.82558	
814.626	2238.09332	
815.016	1361.99565	
815.406	807.40528	
815.796	635.72982	
816.186	516.05536	
816.575	545.99342	
816.965	498.58545	
817.355	368.66768	
817.745	403.67025	
818.134	463.63218	
818.524	413.66761	
818.913	418.66574	
819.303	418.66574	
819.692	421.16466	
820.081	376.16978	
820.47	386.17126	
820.86	438.65453	
821.249	433.65789	
821.638	361.16474	
822.027	373.66917	
822.416	358.66357	
822.805	413.66761	
823.193	421.16466	
823.582	401.17067	
823.971	421.16466	
824.36	483.60768	
824.748	296.1036	
825.137	555.96987	
825.525	934.03346	
825.914	1507.41537	
826.302	2199.01622	
826.69	2717.89145	
827.079	2620.66652	
827.467	2386.9223	
827.855	2133.03541	
828.243	1959.29775	
828.631	1723.83418	
829.019	1379.2626	
829.407	1028.24279	
829.795	710.42229	
830.182	513.55994	
830.57	543.49908	
830.958	433.65789	
831.345	386.17126	
831.733	396.17124	
832.12	411.16841	
832.508	366.1668	
832.895	466.12944	
833.283	383.67103	
833.67	363.66582	
834.057	371.16848	
834.444	348.65796	
834.831	373.66917	
835.218	381.17071	
835.605	391.17144	
835.992	366.1668	
836.379	368.66768	
836.766	411.16841	
837.152	321.13471	
837.539	421.16466	
837.926	453.64223	
838.312	353.66095	
838.699	461.13483	
839.085	416.16672	
839.472	565.94489	
839.858	1028.24279	
840.244	2042.53848	
840.63	2768.89561	
841.017	3680.19515	
841.403	4208.4063	
841.789	5074.61646	
842.175	5771.56031	
842.561	6668.89204	
842.946	6893.97928	
843.332	6231.63395	
843.718	5124.5323	
844.104	4488.30711	
844.489	3923.00604	
844.875	3403.05988	
845.26	2450.28516	
845.646	1672.23982	
846.031	1097.58463	
846.416	785.03623	
846.802	595.86129	
847.187	518.5507	
847.572	461.13483	
847.957	461.13483	
848.342	418.66574	
848.727	453.64223	
849.112	378.67029	
849.497	381.17071	
849.882	391.17144	
850.266	418.66574	
850.651	411.16841	
851.036	543.49908	
851.42	879.43643	
851.805	1236.07987	
852.189	1514.80262	
852.574	1655.03465	
852.958	1541.88352	
853.342	1413.78531	
853.726	1384.19532	
854.11	1339.7898	
854.495	1253.37437	
854.879	1033.19789	
855.263	859.57288	
855.646	730.32696	
856.03	533.52082	
856.414	433.65789	
856.798	448.6467	
857.181	366.1668	
857.565	291.09623	
857.949	291.09623	
858.332	376.16978	
858.716	378.67029	
859.099	398.671	
859.482	356.16231	
859.866	391.17144	
860.249	348.65796	
860.632	408.66912	
861.015	403.67025	
861.398	388.67139	
861.781	416.16672	
862.164	443.6508	
862.547	353.66095	
862.929	441.15271	
863.312	463.63218	
863.695	413.66761	
864.077	431.15943	
864.46	441.15271	
864.842	406.16973	
865.225	301.11058	
865.607	361.16474	
865.99	396.17124	
866.372	491.09698	
866.754	548.48767	
867.136	550.98183	
867.518	620.78179	
867.9	608.32266	
868.282	590.87612	
868.664	558.46376	
869.046	526.03617	
869.428	496.08939	
869.809	458.63739	
870.191	456.13986	
870.573	418.66574	
870.954	383.67103	
871.336	443.6508	
871.717	428.66088	
872.099	358.66357	
872.48	378.67029	
872.861	406.16973	
873.242	371.16848	
873.623	458.63739	
874.004	358.66357	
874.385	378.67029	
874.766	388.67139	
875.147	331.14449	
875.528	333.6467	
875.909	368.66768	
876.29	348.65796	
876.67	368.66768	
877.051	391.17144	
877.431	366.1668	
877.812	343.65458	
878.192	288.59241	
878.573	328.64218	
878.953	386.17126	
879.333	463.63218	
879.713	441.15271	
880.093	378.67029	
880.473	383.67103	
880.853	373.66917	
881.233	406.16973	
881.613	371.16848	
881.993	328.64218	
882.373	376.16978	
882.753	341.15275	
883.132	348.65796	
883.512	431.15943	
883.891	403.67025	
884.271	338.65083	
884.65	331.14449	
885.029	343.65458	
885.409	421.16466	
885.788	436.15625	
886.167	413.66761	
886.546	431.15943	
886.925	446.14879	
887.304	381.17071	
887.683	353.66095	
888.062	431.15943	
888.441	386.17126	
888.82	428.66088	
889.198	316.12925	
889.577	426.16223	
889.955	456.13986	
890.334	393.67139	
890.712	398.671	
891.091	458.63739	
891.469	548.48767	
891.847	433.65789	
892.226	446.14879	
892.604	418.66574	
892.982	428.66088	
893.36	388.67139	
893.738	401.17067	
894.116	443.6508	
894.493	378.67029	
894.871	328.64218	
895.249	398.671	
895.627	336.14881	
896.004	366.1668	
896.382	403.67025	
896.759	413.66761	
897.137	343.65458	
897.514	373.66917	
897.891	338.65083	
898.269	326.13979	
898.646	431.15943	
899.023	406.16973	
899.4	336.14881	
899.777	383.67103	
900.154	373.66917	
900.531	416.16672	
900.908	378.67029	
901.284	343.65458	
901.661	246.01266	
902.038	371.16848	
902.414	363.66582	
902.791	338.65083	
903.167	421.16466	
903.544	383.67103	
903.92	316.12925	
904.296	346.15632	
904.672	333.6467	
905.049	361.16474	
905.425	421.16466	
905.801	368.66768	
906.177	423.66349	
906.553	331.14449	
906.929	396.17124	
907.304	376.16978	
907.68	308.62034	
908.056	266.05365	
908.431	391.17144	
908.807	368.66768	
909.182	353.66095	
909.558	378.67029	
909.933	338.65083	
910.309	351.1595	
910.684	308.62034	
911.059	426.16223	
911.434	598.35375	
911.809	807.40528	
912.184	1082.731	
912.559	1376.79612	
912.934	1627.9908	
913.309	1917.64778	
913.684	2093.91285	
914.058	2269.83115	
914.433	2125.70123	
914.808	2157.47836	
915.182	1929.89983	
915.557	1885.78437	
915.931	1443.3644	
916.305	1065.3981	
916.68	683.04423	
917.054	598.35375	
917.428	491.09698	
917.802	391.17144	
918.176	448.6467	
918.55	376.16978	
918.924	348.65796	
919.298	336.14881	
919.672	421.16466	
920.045	438.65453	
920.419	398.671	
920.793	373.66917	
921.166	388.67139	
921.54	421.16466	
921.913	438.65453	
922.287	453.64223	
922.66	541.00465	
923.033	673.08595	
923.406	660.63611	
923.78	693.00111	
924.153	620.78179	
924.526	755.19999	
924.899	635.72982	
925.271	720.37532	
925.644	650.67466	
926.017	585.89059	
926.39	528.53114	
926.762	433.65789	
927.135	431.15943	
927.508	416.16672	
927.88	323.63729	
928.252	408.66912	
928.625	356.16231	
928.997	316.12925	
929.369	318.63202	
929.741	391.17144	
930.114	373.66917	
930.486	363.66582	
930.858	338.65083	
931.229	343.65458	
931.601	416.16672	
931.973	426.16223	
932.345	286.08848	
932.717	393.67139	
933.088	331.14449	
933.46	378.67029	
933.831	343.65458	
934.203	288.59241	
934.574	371.16848	
934.945	376.16978	
935.317	383.67103	
935.688	356.16231	
936.059	358.66357	
936.43	411.16841	
936.801	358.66357	
937.172	351.1595	
937.543	378.67029	
937.914	393.67139	
938.284	411.16841	
938.655	443.6508	
939.026	381.17071	
939.396	448.6467	
939.767	431.15943	
940.137	326.13979	
940.508	381.17071	
940.878	331.14449	
941.248	373.66917	
941.618	336.14881	
941.989	368.66768	
942.359	411.16841	
942.729	411.16841	
943.099	351.1595	
943.469	293.59996	
943.838	283.58446	
944.208	396.17124	
944.578	366.1668	
944.948	426.16223	
945.317	341.15275	
945.687	371.16848	
946.056	313.62637	
946.426	298.60714	
946.795	383.67103	
947.164	436.15625	
947.533	291.09623	
947.903	376.16978	
948.272	343.65458	
948.641	291.09623	
949.01	338.65083	
949.379	371.16848	
949.748	403.67025	
950.116	411.16841	
950.485	416.16672	
950.854	343.65458	
951.222	291.09623	
951.591	366.1668	
951.959	386.17126	
952.328	343.65458	
952.696	291.09623	
953.065	341.15275	
953.433	273.56743	
953.801	303.61393	
954.169	321.13471	
954.537	361.16474	
954.905	356.16231	
955.273	321.13471	
955.641	401.17067	
956.009	371.16848	
956.377	361.16474	
956.744	298.60714	
957.112	376.16978	
957.479	436.15625	
957.847	406.16973	
958.214	361.16474	
958.582	353.66095	
958.949	368.66768	
959.316	378.67029	
959.684	328.64218	
960.051	341.15275	
960.418	336.14881	
960.785	313.62637	
961.152	313.62637	
961.519	368.66768	
961.885	356.16231	
962.252	318.63202	
962.619	386.17126	
962.986	301.11058	
963.352	318.63202	
963.719	358.66357	
964.085	373.66917	
964.452	368.66768	
964.818	391.17144	
965.184	343.65458	
965.55	363.66582	
965.916	386.17126	
966.283	333.6467	
966.649	411.16841	
967.015	446.14879	
967.38	511.06442	
967.746	463.63218	
968.112	531.02602	
968.478	526.03617	
968.843	543.49908	
969.209	526.03617	
969.575	526.03617	
969.94	481.11106	
970.305	413.66761	
970.671	436.15625	
971.036	453.64223	
971.401	348.65796	
971.766	326.13979	
972.132	376.16978	
972.497	378.67029	
972.862	381.17071	
973.227	358.66357	
973.591	333.6467	
973.956	443.6508	
974.321	408.66912	
974.686	406.16973	
975.05	428.66088	
975.415	396.17124	
975.779	396.17124	
976.144	403.67025	
976.508	403.67025	
976.872	418.66574	
977.236	363.66582	
977.601	358.66357	
977.965	406.16973	
978.329	291.09623	
978.693	338.65083	
979.057	276.07183	
979.421	383.67103	
979.784	418.66574	
980.148	361.16474	
980.512	398.671	
980.875	413.66761	
981.239	386.17126	
981.602	463.63218	
981.966	416.16672	
982.329	398.671	
982.692	381.17071	
983.056	443.6508	
983.419	366.1668	
983.782	398.671	
984.145	303.61393	
984.508	441.15271	
984.871	386.17126	
985.234	388.67139	
985.597	343.65458	
985.959	326.13979	
986.322	396.17124	
986.685	418.66574	
987.047	398.671	
987.41	346.15632	
987.772	298.60714	
988.134	393.67139	
988.497	383.67103	
988.859	363.66582	
989.221	373.66917	
989.583	423.66349	
989.945	351.1595	
990.307	356.16231	
990.669	366.1668	
991.031	331.14449	
991.393	426.16223	
991.755	361.16474	
992.116	368.66768	
992.478	313.62637	
992.839	346.15632	
993.201	433.65789	
993.562	446.14879	
993.924	298.60714	
994.285	366.1668	
994.646	343.65458	
995.007	306.11719	
995.369	378.67029	
995.73	308.62034	
996.091	343.65458	
996.451	311.12341	
996.812	423.66349	
997.173	368.66768	
997.534	418.66574	
997.895	366.1668	
998.255	331.14449	
998.616	381.17071	
998.976	268.55834	
999.337	388.67139	
999.697	313.62637	
1000.057	331.14449	
1000.418	411.16841	
1000.778	313.62637	
1001.138	363.66582	
1001.498	441.15271	
1001.858	386.17126	
1002.218	331.14449	
1002.578	381.17071	
1002.937	366.1668	
1003.297	356.16231	
1003.657	323.63729	
1004.016	371.16848	
1004.376	381.17071	
1004.735	373.66917	
1005.095	443.6508	
1005.454	321.13471	
1005.813	321.13471	
1006.173	421.16466	
1006.532	371.16848	
1006.891	336.14881	
1007.25	361.16474	
1007.609	406.16973	
1007.968	331.14449	
1008.327	381.17071	
1008.686	348.65796	
1009.044	336.14881	
1009.403	358.66357	
1009.762	391.17144	
1010.12	366.1668	
1010.479	368.66768	
1010.837	408.66912	
1011.195	363.66582	
1011.554	426.16223	
1011.912	403.67025	
1012.27	363.66582	
1012.628	388.67139	
1012.986	296.1036	
1013.344	398.671	
1013.702	366.1668	
1014.06	346.15632	
1014.418	348.65796	
1014.775	333.6467	
1015.133	328.64218	
1015.491	433.65789	
1015.848	363.66582	
1016.206	398.671	
1016.563	296.1036	
1016.92	333.6467	
1017.278	401.17067	
1017.635	361.16474	
1017.992	398.671	
1018.349	418.66574	
1018.706	481.11106	
1019.063	411.16841	
1019.42	436.15625	
1019.777	423.66349	
1020.134	338.65083	
1020.49	336.14881	
1020.847	441.15271	
1021.203	343.65458	
1021.56	386.17126	
1021.916	278.57614	
1022.273	368.66768	
1022.629	431.15943	
1022.985	416.16672	
1023.342	393.67139	
1023.698	408.66912	
1024.054	358.66357	
1024.41	341.15275	
1024.766	378.67029	
1025.122	311.12341	
1025.477	353.66095	
1025.833	293.59996	
1026.189	331.14449	
1026.545	368.66768	
1026.9	441.15271	
1027.256	356.16231	
1027.611	346.15632	
1027.966	341.15275	
1028.322	368.66768	
1028.677	376.16978	
1029.032	413.66761	
1029.387	298.60714	
1029.742	381.17071	
1030.097	363.66582	
1030.452	363.66582	
1030.807	346.15632	
1031.162	353.66095	
1031.517	391.17144	
1031.871	326.13979	
1032.226	426.16223	
1032.581	426.16223	
1032.935	426.16223	
