FLMS05510_1:101		
187.856	-26.7303	
188.32	-26.7303	
188.785	-26.7303	
189.249	-64.48697	
189.713	-41.83018	
190.178	-49.38151	
190.642	-129.98729	
191.106	-74.55935	
191.57	-84.6334	
192.034	-31.76318	
192.498	-72.0411	
192.963	-1.57205	
193.427	31.11839	
193.89	26.09021	
194.354	-11.63412	
194.818	23.57597	
195.282	38.6599	
195.746	23.57597	
196.21	81.37794	
196.673	139.12684	
197.137	91.42502	
197.601	124.06699	
198.064	141.63647	
198.528	144.146	
198.991	239.43537	
199.454	164.21868	
199.918	261.98333	
200.381	219.38616	
200.844	292.03514	
201.308	349.59605	
201.771	312.06203	
202.234	244.4467	
202.697	299.54594	
203.16	299.54594	
203.623	344.59274	
204.086	299.54594	
204.549	287.02746	
205.012	339.58906	
205.475	349.59605	
205.938	392.10893	
206.4	309.559	
206.863	327.0782	
207.326	389.60892	
207.788	289.53135	
208.251	414.60479	
208.714	319.57054	
209.176	272.00213	
209.639	339.58906	
210.101	339.58906	
210.563	377.10748	
211.026	309.559	
211.488	354.59897	
211.95	374.60691	
212.412	329.58056	
212.874	337.08708	
213.337	384.60863	
213.799	287.02746	
214.261	287.02746	
214.723	329.58056	
215.184	292.03514	
215.646	256.97334	
216.108	302.04935	
216.57	277.01096	
217.032	339.58906	
217.493	334.585	
217.955	317.0678	
218.417	324.57574	
218.878	317.0678	
219.34	324.57574	
219.801	322.07319	
220.263	256.97334	
220.724	241.94108	
221.185	317.0678	
221.647	231.91764	
222.108	244.4467	
222.569	277.01096	
223.03	324.57574	
223.491	277.01096	
223.952	289.53135	
224.413	357.1003	
224.874	342.09095	
225.335	332.08283	
225.796	297.04244	
226.257	294.53884	
226.718	332.08283	
227.179	279.51523	
227.639	339.58906	
228.1	367.10464	
228.561	221.89265	
229.021	264.48817	
229.482	314.56496	
229.942	319.57054	
230.403	327.0782	
230.863	319.57054	
231.323	322.07319	
231.784	362.10266	
232.244	299.54594	
232.704	347.09444	
233.164	269.49758	
233.625	274.5066	
234.085	379.60796	
234.545	364.6037	
235.005	261.98333	
235.465	304.55266	
235.925	307.05588	
236.384	289.53135	
236.844	357.1003	
237.304	289.53135	
237.764	231.91764	
238.223	312.06203	
238.683	284.52348	
239.143	302.04935	
239.602	314.56496	
240.062	264.48817	
240.521	384.60863	
240.98	342.09095	
241.44	254.46821	
241.899	292.03514	
242.358	357.1003	
242.818	342.09095	
243.277	304.55266	
243.736	272.00213	
244.195	289.53135	
244.654	342.09095	
245.113	369.60549	
245.572	372.10625	
246.031	344.59274	
246.49	344.59274	
246.949	264.48817	
247.408	289.53135	
247.866	314.56496	
248.325	332.08283	
248.784	312.06203	
249.242	246.95222	
249.701	329.58056	
250.159	297.04244	
250.618	269.49758	
251.076	309.559	
251.534	327.0782	
251.993	339.58906	
252.451	332.08283	
252.909	329.58056	
253.368	229.41154	
253.826	241.94108	
254.284	334.585	
254.742	239.43537	
255.2	354.59897	
255.658	294.53884	
256.116	349.59605	
256.574	372.10625	
257.031	309.559	
257.489	352.09756	
257.947	327.0782	
258.405	349.59605	
258.862	384.60863	
259.32	284.52348	
259.777	234.42365	
260.235	362.10266	
260.692	299.54594	
261.15	297.04244	
261.607	297.04244	
262.065	307.05588	
262.522	364.6037	
262.979	349.59605	
263.436	307.05588	
263.893	266.99292	
264.351	302.04935	
264.808	277.01096	
265.265	329.58056	
265.722	367.10464	
266.178	367.10464	
266.635	389.60892	
267.092	342.09095	
267.549	374.60691	
268.006	332.08283	
268.462	317.0678	
268.919	369.60549	
269.376	254.46821	
269.832	432.09636	
270.289	329.58056	
270.745	282.0194	
271.202	324.57574	
271.658	392.10893	
272.114	279.51523	
272.571	284.52348	
273.027	309.559	
273.483	337.08708	
273.939	304.55266	
274.395	264.48817	
274.851	387.10882	
275.307	309.559	
275.763	402.10802	
276.219	297.04244	
276.675	397.10866	
277.131	282.0194	
277.587	374.60691	
278.042	284.52348	
278.498	362.10266	
278.954	302.04935	
279.409	329.58056	
279.865	302.04935	
280.32	307.05588	
280.776	299.54594	
281.231	349.59605	
281.687	264.48817	
282.142	284.52348	
282.597	357.1003	
283.052	344.59274	
283.508	369.60549	
283.963	277.01096	
284.418	342.09095	
284.873	327.0782	
285.328	302.04935	
285.783	289.53135	
286.238	357.1003	
286.693	289.53135	
287.147	307.05588	
287.602	324.57574	
288.057	374.60691	
288.512	397.10866	
288.966	349.59605	
289.421	352.09756	
289.875	347.09444	
290.33	362.10266	
290.784	297.04244	
291.239	244.4467	
291.693	344.59274	
292.147	332.08283	
292.602	379.60796	
293.056	277.01096	
293.51	332.08283	
293.964	337.08708	
294.418	299.54594	
294.872	379.60796	
295.326	251.96298	
295.78	224.39905	
296.234	377.10748	
296.688	274.5066	
297.142	339.58906	
297.595	394.60884	
298.049	372.10625	
298.503	337.08708	
298.956	332.08283	
299.41	289.53135	
299.863	287.02746	
300.317	404.60756	
300.77	332.08283	
301.224	294.53884	
301.677	319.57054	
302.13	422.10174	
302.584	392.10893	
303.037	354.59897	
303.49	387.10882	
303.943	329.58056	
304.396	349.59605	
304.849	354.59897	
305.302	432.09636	
305.755	352.09756	
306.208	339.58906	
306.661	359.60152	
307.114	332.08283	
307.566	354.59897	
308.019	339.58906	
308.472	339.58906	
308.924	379.60796	
309.377	244.4467	
309.829	377.10748	
310.282	359.60152	
310.734	294.53884	
311.187	274.5066	
311.639	342.09095	
312.091	347.09444	
312.543	329.58056	
312.995	312.06203	
313.448	352.09756	
313.9	374.60691	
314.352	362.10266	
314.804	334.585	
315.256	324.57574	
315.708	374.60691	
316.159	342.09095	
316.611	304.55266	
317.063	357.1003	
317.515	292.03514	
317.966	377.10748	
318.418	344.59274	
318.87	312.06203	
319.321	342.09095	
319.773	359.60152	
320.224	377.10748	
320.675	347.09444	
321.127	264.48817	
321.578	334.585	
322.029	424.60053	
322.48	382.10834	
322.932	447.08552	
323.383	302.04935	
323.834	372.10625	
324.285	327.0782	
324.736	419.60285	
325.187	397.10866	
325.638	429.59784	
326.088	379.60796	
326.539	357.1003	
326.99	364.6037	
327.441	357.1003	
327.891	414.60479	
328.342	354.59897	
328.792	407.10701	
329.243	392.10893	
329.693	312.06203	
330.144	402.10802	
330.594	422.10174	
331.044	322.07319	
331.495	374.60691	
331.945	414.60479	
332.395	399.60839	
332.845	344.59274	
333.295	389.60892	
333.745	327.0782	
334.195	367.10464	
334.645	424.60053	
335.095	322.07319	
335.545	339.58906	
335.995	357.1003	
336.444	387.10882	
336.894	362.10266	
337.344	419.60285	
337.793	424.60053	
338.243	327.0782	
338.692	397.10866	
339.142	439.59136	
339.591	389.60892	
340.041	362.10266	
340.49	317.0678	
340.939	357.1003	
341.388	379.60796	
341.838	389.60892	
342.287	434.59479	
342.736	397.10866	
343.185	372.10625	
343.634	359.60152	
344.083	374.60691	
344.532	312.06203	
344.981	342.09095	
345.429	369.60549	
345.878	404.60756	
346.327	342.09095	
346.776	344.59274	
347.224	349.59605	
347.673	384.60863	
348.121	392.10893	
348.57	369.60549	
349.018	382.10834	
349.467	359.60152	
349.915	362.10266	
350.363	429.59784	
350.811	379.60796	
351.26	344.59274	
351.708	329.58056	
352.156	464.56867	
352.604	359.60152	
353.052	394.60884	
353.5	342.09095	
353.948	424.60053	
354.396	447.08552	
354.843	414.60479	
355.291	372.10625	
355.739	329.58056	
356.186	337.08708	
356.634	472.06006	
357.082	322.07319	
357.529	339.58906	
357.977	379.60796	
358.424	377.10748	
358.871	359.60152	
359.319	364.6037	
359.766	374.60691	
360.213	304.55266	
360.661	417.10387	
361.108	359.60152	
361.555	417.10387	
362.002	372.10625	
362.449	312.06203	
362.896	452.08117	
363.343	349.59605	
363.79	322.07319	
364.236	344.59274	
364.683	429.59784	
365.13	409.60636	
365.577	419.60285	
366.023	454.57885	
366.47	417.10387	
366.916	354.59897	
367.363	349.59605	
367.809	344.59274	
368.256	382.10834	
368.702	397.10866	
369.148	462.07135	
369.594	444.58756	
370.041	452.08117	
370.487	374.60691	
370.933	402.10802	
371.379	394.60884	
371.825	402.10802	
372.271	394.60884	
372.717	382.10834	
373.163	374.60691	
373.608	377.10748	
374.054	459.57394	
374.5	397.10866	
374.946	304.55266	
375.391	422.10174	
375.837	402.10802	
376.282	389.60892	
376.728	382.10834	
377.173	422.10174	
377.618	414.60479	
378.064	429.59784	
378.509	429.59784	
378.954	339.58906	
379.4	369.60549	
379.845	332.08283	
380.29	439.59136	
380.735	399.60839	
381.18	369.60549	
381.625	389.60892	
382.07	379.60796	
382.514	459.57394	
382.959	399.60839	
383.404	384.60863	
383.849	434.59479	
384.293	334.585	
384.738	364.6037	
385.183	384.60863	
385.627	372.10625	
386.072	412.10562	
386.516	477.05387	
386.96	427.09923	
387.405	342.09095	
387.849	434.59479	
388.293	404.60756	
388.737	372.10625	
389.181	377.10748	
389.626	364.6037	
390.07	457.07644	
390.514	387.10882	
390.957	434.59479	
391.401	457.07644	
391.845	487.04038	
392.289	307.05588	
392.733	407.10701	
393.176	402.10802	
393.62	402.10802	
394.064	422.10174	
394.507	337.08708	
394.951	397.10866	
395.394	419.60285	
395.838	479.55063	
396.281	364.6037	
396.724	422.10174	
397.168	407.10701	
397.611	364.6037	
398.054	414.60479	
398.497	487.04038	
398.94	514.49573	
399.383	407.10701	
399.826	482.04731	
400.269	417.10387	
400.712	427.09923	
401.155	467.06589	
401.597	477.05387	
402.04	544.43447	
402.483	467.06589	
402.925	492.03308	
403.368	482.04731	
403.811	432.09636	
404.253	452.08117	
404.696	571.86687	
405.138	474.55701	
405.58	509.50467	
406.023	524.47676	
406.465	514.49573	
406.907	529.46673	
407.349	377.10748	
407.791	499.52145	
408.233	546.92877	
408.675	407.10701	
409.117	564.38639	
409.559	521.98164	
410.001	584.33254	
410.443	497.02542	
410.885	521.98164	
411.326	487.04038	
411.768	514.49573	
412.21	556.90509	
412.651	541.94007	
413.093	489.53678	
413.534	502.01739	
413.975	546.92877	
414.417	576.85341	
414.858	439.59136	
415.299	514.49573	
415.741	549.42299	
416.182	546.92877	
416.623	526.97179	
417.064	504.51324	
417.505	571.86687	
417.946	589.31818	
418.387	457.07644	
418.828	521.98164	
419.269	502.01739	
419.709	554.41115	
420.15	554.41115	
420.591	546.92877	
421.031	524.47676	
421.472	484.54389	
421.913	671.52984	
422.353	611.74914	
422.794	512.00025	
423.234	531.96158	
423.674	512.00025	
424.115	519.48643	
424.555	504.51324	
424.995	534.45634	
425.435	529.46673	
425.875	539.44559	
426.315	514.49573	
426.755	521.98164	
427.195	561.89271	
427.635	559.39895	
428.075	514.49573	
428.515	566.87997	
428.955	494.5293	
429.394	594.30347	
429.834	449.58339	
430.274	492.03308	
430.713	526.97179	
431.153	526.97179	
431.592	581.83959	
432.031	519.48643	
432.471	609.25717	
432.91	586.82541	
433.349	546.92877	
433.789	434.59479	
434.228	539.44559	
434.667	599.28839	
435.106	606.76511	
435.545	771.05204	
435.984	825.73032	
436.423	733.74752	
436.862	703.88985	
437.301	681.48834	
437.739	649.11805	
438.178	561.89271	
438.617	541.94007	
439.055	497.02542	
439.494	539.44559	
439.932	539.44559	
440.371	604.27296	
440.809	519.48643	
441.248	606.76511	
441.686	589.31818	
442.124	529.46673	
442.563	521.98164	
443.001	599.28839	
443.439	611.74914	
443.877	519.48643	
444.315	599.28839	
444.753	683.97775	
445.191	604.27296	
445.629	569.37346	
446.067	614.24102	
446.504	569.37346	
446.942	631.68171	
447.38	541.94007	
447.817	469.56302	
448.255	566.87997	
448.693	649.11805	
449.13	594.30347	
449.568	674.0196	
450.005	674.0196	
450.442	686.46707	
450.88	639.15496	
451.317	701.40114	
451.754	596.79597	
452.191	681.48834	
452.628	726.28428	
453.065	604.27296	
453.502	624.20766	
453.939	596.79597	
454.376	639.15496	
454.813	581.83959	
455.25	626.6991	
455.686	596.79597	
456.123	591.81087	
456.56	594.30347	
456.996	639.15496	
457.433	626.6991	
457.869	601.78072	
458.306	624.20766	
458.742	651.6086	
459.179	683.97775	
459.615	671.52984	
460.051	634.17288	
460.487	641.64587	
460.924	629.19045	
461.36	736.23509	
461.796	703.88985	
462.232	661.56993	
462.668	664.06004	
463.104	619.22452	
463.539	656.58944	
463.975	611.74914	
464.411	748.67166	
464.847	686.46707	
465.282	579.34654	
465.718	646.62741	
466.153	683.97775	
466.589	599.28839	
467.024	681.48834	
467.46	678.99885	
467.895	661.56993	
468.33	641.64587	
468.766	678.99885	
469.201	659.07973	
469.636	688.9563	
470.071	649.11805	
470.506	703.88985	
470.941	664.06004	
471.376	728.77211	
471.811	733.74752	
472.246	693.9345	
472.681	611.74914	
473.115	731.25986	
473.55	629.19045	
473.985	736.23509	
474.419	696.42347	
474.854	823.24584	
475.288	778.51061	
475.723	743.69729	
476.157	766.07923	
476.592	671.52984	
477.026	771.05204	
477.46	703.88985	
477.894	776.02451	
478.329	706.37847	
478.763	773.53832	
479.197	674.0196	
479.631	746.18452	
480.065	800.88169	
480.499	790.93985	
480.932	805.8521	
481.366	805.8521	
481.8	795.91094	
482.234	843.11929	
482.667	858.02082	
483.101	860.50411	
483.535	810.82217	
483.968	840.63541	
484.401	830.69902	
484.835	877.88478	
485.268	892.77922	
485.702	793.42544	
486.135	803.36694	
486.568	808.33718	
487.001	892.77922	
487.434	920.07784	
487.867	920.07784	
488.3	944.886	
488.733	882.84993	
489.166	895.26133	
489.599	867.95347	
490.032	917.59656	
490.464	885.33238	
490.897	890.29702	
491.33	900.2253	
491.762	793.42544	
492.195	917.59656	
492.627	920.07784	
493.06	1096.03751	
493.492	862.98731	
493.925	925.04014	
494.357	892.77922	
494.789	907.67063	
495.221	848.08681	
495.653	959.76691	
496.086	860.50411	
496.518	845.60309	
496.95	947.36636	
497.382	942.40556	
497.813	942.40556	
498.245	838.15144	
498.677	820.76128	
499.109	858.02082	
499.54	969.68586	
499.972	944.886	
500.404	962.24677	
500.835	932.48296	
501.267	843.11929	
501.698	853.05398	
502.129	875.40208	
502.561	870.43643	
502.992	920.07784	
503.423	959.76691	
503.855	920.07784	
504.286	930.0021	
504.717	838.15144	
505.148	867.95347	
505.579	982.08269	
506.01	917.59656	
506.441	972.16539	
506.871	977.12421	
507.302	972.16539	
507.733	825.73032	
508.163	907.67063	
508.594	939.92504	
509.025	922.55903	
509.455	820.76128	
509.886	860.50411	
510.316	967.20625	
510.746	872.9193	
511.177	895.26133	
511.607	902.70716	
512.037	907.67063	
512.467	877.88478	
512.898	920.07784	
513.328	865.47044	
513.758	895.26133	
514.188	872.9193	
514.617	892.77922	
515.047	977.12421	
515.477	885.33238	
515.907	860.50411	
516.337	930.0021	
516.766	860.50411	
517.196	932.48296	
517.625	915.11521	
518.055	887.81474	
518.484	773.53832	
518.914	882.84993	
519.343	845.60309	
519.772	890.29702	
520.202	917.59656	
520.631	870.43643	
521.06	1009.34847	
521.489	810.82217	
521.918	957.28697	
522.347	957.28697	
522.776	887.81474	
523.205	867.95347	
523.634	947.36636	
524.063	972.16539	
524.491	917.59656	
524.92	902.70716	
525.349	996.95616	
525.777	982.08269	
526.206	979.60349	
526.634	897.74336	
527.063	860.50411	
527.491	892.77922	
527.919	925.04014	
528.348	962.24677	
528.776	937.44443	
529.204	977.12421	
529.632	1019.26083	
530.06	930.0021	
530.488	994.47746	
530.916	1001.91333	
531.344	942.40556	
531.772	1001.91333	
532.2	1031.64945	
532.627	1004.39179	
533.055	944.886	
533.483	1039.08165	
533.91	994.47746	
534.338	1058.89724	
534.765	949.84664	
535.193	969.68586	
535.62	987.04084	
536.048	1014.30481	
536.475	987.04084	
536.902	1026.69425	
537.329	967.20625	
537.757	977.12421	
538.184	999.43479	
538.611	1036.60433	
539.038	907.67063	
539.465	972.16539	
539.892	1026.69425	
540.318	1056.42058	
540.745	1056.42058	
541.172	1229.59344	
541.599	1232.06452	
542.025	1219.70832	
542.452	1130.68541	
542.878	1194.99003	
543.305	1281.46979	
543.731	1256.77105	
544.158	1202.40634	
544.584	1207.35016	
545.01	1219.70832	
545.436	1335.77974	
545.862	1298.75428	
546.289	1429.50055	
546.715	1313.56655	
547.141	1271.59123	
547.567	1180.15526	
547.993	1073.75553	
548.418	1123.26219	
548.844	1125.73668	
549.27	984.56181	
549.696	1034.12693	
550.121	1138.10792	
550.547	1048.99009	
550.972	1056.42058	
551.398	959.76691	
551.823	1024.21653	
552.249	1096.03751	
552.674	982.08269	
553.099	1046.5131	
553.525	947.36636	
553.95	989.5198	
554.375	967.20625	
554.8	939.92504	
555.225	987.04084	
555.65	932.48296	
556.075	952.32683	
556.5	892.77922	
556.925	982.08269	
557.349	867.95347	
557.774	895.26133	
558.199	969.68586	
558.623	885.33238	
559.048	885.33238	
559.472	872.9193	
559.897	979.60349	
560.321	867.95347	
560.746	934.96374	
561.17	900.2253	
561.594	905.18894	
562.018	828.21472	
562.443	808.33718	
562.867	875.40208	
563.291	887.81474	
563.715	845.60309	
564.139	862.98731	
564.562	932.48296	
564.986	920.07784	
565.41	937.44443	
565.834	920.07784	
566.257	855.53744	
566.681	910.15224	
567.105	892.77922	
567.528	887.81474	
567.952	987.04084	
568.375	865.47044	
568.798	957.28697	
569.222	850.57044	
569.645	887.81474	
570.068	862.98731	
570.491	875.40208	
570.914	937.44443	
571.337	887.81474	
571.76	853.05398	
572.183	895.26133	
572.606	925.04014	
573.029	877.88478	
573.452	892.77922	
573.875	910.15224	
574.297	930.0021	
574.72	979.60349	
575.143	858.02082	
575.565	870.43643	
575.988	902.70716	
576.41	897.74336	
576.832	927.52116	
577.255	972.16539	
577.677	872.9193	
578.099	875.40208	
578.521	982.08269	
578.943	917.59656	
579.365	979.60349	
579.787	880.3674	
580.209	905.18894	
580.631	949.84664	
581.053	872.9193	
581.475	917.59656	
581.897	1006.87017	
582.318	880.3674	
582.74	932.48296	
583.162	939.92504	
583.583	912.63376	
584.005	877.88478	
584.426	922.55903	
584.847	1014.30481	
585.269	957.28697	
585.69	855.53744	
586.111	972.16539	
586.532	925.04014	
586.954	850.57044	
587.375	1016.78287	
587.796	944.886	
588.217	850.57044	
588.637	900.2253	
589.058	927.52116	
589.479	848.08681	
589.9	795.91094	
590.32	867.95347	
590.741	867.95347	
591.162	882.84993	
591.582	838.15144	
592.003	890.29702	
592.423	912.63376	
592.844	887.81474	
593.264	949.84664	
593.684	867.95347	
594.104	912.63376	
594.524	825.73032	
594.945	882.84993	
595.365	833.18325	
595.785	867.95347	
596.205	890.29702	
596.625	920.07784	
597.044	915.11521	
597.464	885.33238	
597.884	853.05398	
598.304	788.45417	
598.723	862.98731	
599.143	890.29702	
599.562	944.886	
599.982	925.04014	
600.401	882.84993	
600.821	885.33238	
601.24	922.55903	
601.659	875.40208	
602.078	855.53744	
602.498	944.886	
602.917	860.50411	
603.336	890.29702	
603.755	890.29702	
604.174	880.3674	
604.593	815.79189	
605.011	818.27663	
605.43	867.95347	
605.849	867.95347	
606.268	858.02082	
606.686	880.3674	
607.105	858.02082	
607.523	778.51061	
607.942	733.74752	
608.36	957.28697	
608.779	838.15144	
609.197	872.9193	
609.615	907.67063	
610.033	1014.30481	
610.451	1120.78762	
610.87	1219.70832	
611.288	1478.78344	
611.706	1505.87627	
612.124	1345.65028	
612.541	1246.88938	
612.959	1207.35016	
613.377	1123.26219	
613.795	1078.70765	
614.212	932.48296	
614.63	932.48296	
615.048	1006.87017	
615.465	845.60309	
615.883	912.63376	
616.3	865.47044	
616.717	875.40208	
617.135	808.33718	
617.552	805.8521	
617.969	766.07923	
618.386	795.91094	
618.803	835.66739	
619.22	858.02082	
619.637	785.96841	
620.054	751.15872	
620.471	825.73032	
620.888	726.28428	
621.305	778.51061	
621.721	820.76128	
622.138	738.72258	
622.555	681.48834	
622.971	746.18452	
623.388	738.72258	
623.804	773.53832	
624.221	833.18325	
624.637	763.59269	
625.053	716.33207	
625.47	828.21472	
625.886	766.07923	
626.302	810.82217	
626.718	795.91094	
627.134	716.33207	
627.55	728.77211	
627.966	746.18452	
628.382	808.33718	
628.797	805.8521	
629.213	731.25986	
629.629	768.56567	
630.045	766.07923	
630.46	644.13668	
630.876	741.20998	
631.291	748.67166	
631.707	713.8438	
632.122	751.15872	
632.537	666.55006	
632.953	688.9563	
633.368	644.13668	
633.783	671.52984	
634.198	693.9345	
634.613	701.40114	
635.028	683.97775	
635.443	651.6086	
635.858	698.91235	
636.273	666.55006	
636.688	664.06004	
637.102	646.62741	
637.517	718.82025	
637.932	718.82025	
638.346	731.25986	
638.761	626.6991	
639.175	756.13256	
639.59	738.72258	
640.004	674.0196	
640.418	619.22452	
640.832	636.66397	
641.247	656.58944	
641.661	619.22452	
642.075	731.25986	
642.489	619.22452	
642.903	691.44544	
643.317	721.30835	
643.731	659.07973	
644.145	659.07973	
644.558	619.22452	
644.972	634.17288	
645.386	584.33254	
645.799	629.19045	
646.213	758.61936	
646.626	688.9563	
647.04	631.68171	
647.453	671.52984	
647.866	549.42299	
648.28	649.11805	
648.693	614.24102	
649.106	674.0196	
649.519	669.03999	
649.932	649.11805	
650.345	654.09907	
650.758	646.62741	
651.171	591.81087	
651.584	688.9563	
651.997	644.13668	
652.41	716.33207	
652.822	586.82541	
653.235	654.09907	
653.647	644.13668	
654.06	651.6086	
654.472	661.56993	
654.885	696.42347	
655.297	681.48834	
655.71	541.94007	
656.122	644.13668	
656.534	624.20766	
656.946	556.90509	
657.358	614.24102	
657.77	589.31818	
658.182	671.52984	
658.594	666.55006	
659.006	611.74914	
659.418	556.90509	
659.83	669.03999	
660.241	604.27296	
660.653	621.71614	
661.065	634.17288	
661.476	611.74914	
661.888	599.28839	
662.299	616.73282	
662.71	644.13668	
663.122	721.30835	
663.533	599.28839	
663.944	604.27296	
664.355	666.55006	
664.767	516.99113	
665.178	584.33254	
665.589	559.39895	
666	581.83959	
666.41	586.82541	
666.821	512.00025	
667.232	611.74914	
667.643	554.41115	
668.053	564.38639	
668.464	641.64587	
668.875	589.31818	
669.285	599.28839	
669.696	551.91711	
670.106	621.71614	
670.516	549.42299	
670.927	584.33254	
671.337	534.45634	
671.747	579.34654	
672.157	554.41115	
672.567	629.19045	
672.977	616.73282	
673.387	601.78072	
673.797	629.19045	
674.207	526.97179	
674.617	619.22452	
675.027	611.74914	
675.436	554.41115	
675.846	644.13668	
676.256	596.79597	
676.665	614.24102	
677.075	579.34654	
677.484	516.99113	
677.893	581.83959	
678.303	571.86687	
678.712	546.92877	
679.121	574.36018	
679.53	616.73282	
679.939	619.22452	
680.348	559.39895	
680.757	546.92877	
681.166	576.85341	
681.575	561.89271	
681.984	599.28839	
682.393	559.39895	
682.802	596.79597	
683.21	507.009	
683.619	584.33254	
684.027	564.38639	
684.436	494.5293	
684.844	581.83959	
685.253	541.94007	
685.661	596.79597	
686.069	551.91711	
686.477	516.99113	
686.886	449.58339	
687.294	434.59479	
687.702	526.97179	
688.11	549.42299	
688.518	502.01739	
688.926	439.59136	
689.333	551.91711	
689.741	536.95101	
690.149	459.57394	
690.557	524.47676	
690.964	539.44559	
691.372	519.48643	
691.779	531.96158	
692.187	519.48643	
692.594	601.78072	
693.001	554.41115	
693.409	524.47676	
693.816	479.55063	
694.223	539.44559	
694.63	584.33254	
695.037	596.79597	
695.444	531.96158	
695.851	609.25717	
696.258	449.58339	
696.665	477.05387	
697.072	536.95101	
697.479	599.28839	
697.885	579.34654	
698.292	444.58756	
698.698	502.01739	
699.105	487.04038	
699.511	589.31818	
699.918	569.37346	
700.324	536.95101	
700.73	519.48643	
701.137	526.97179	
701.543	524.47676	
701.949	489.53678	
702.355	531.96158	
702.761	494.5293	
703.167	571.86687	
703.573	616.73282	
703.979	519.48643	
704.385	534.45634	
704.79	591.81087	
705.196	529.46673	
705.602	531.96158	
706.007	519.48643	
706.413	536.95101	
706.818	579.34654	
707.224	584.33254	
707.629	494.5293	
708.034	629.19045	
708.439	531.96158	
708.845	474.55701	
709.25	507.009	
709.655	507.009	
710.06	529.46673	
710.465	464.56867	
710.87	507.009	
711.275	512.00025	
711.679	536.95101	
712.084	514.49573	
712.489	551.91711	
712.893	531.96158	
713.298	529.46673	
713.702	571.86687	
714.107	546.92877	
714.511	469.56302	
714.916	534.45634	
715.32	439.59136	
715.724	534.45634	
716.128	472.06006	
716.533	504.51324	
716.937	497.02542	
717.341	449.58339	
717.745	437.09312	
718.149	489.53678	
718.552	412.10562	
718.956	452.08117	
719.36	514.49573	
719.764	457.07644	
720.167	494.5293	
720.571	374.60691	
720.974	514.49573	
721.378	507.009	
721.781	521.98164	
722.185	472.06006	
722.588	447.08552	
722.991	482.04731	
723.394	387.10882	
723.797	449.58339	
724.2	419.60285	
724.603	442.0895	
725.006	469.56302	
725.409	382.10834	
725.812	444.58756	
726.215	474.55701	
726.618	444.58756	
727.02	459.57394	
727.423	454.57885	
727.826	472.06006	
728.228	442.0895	
728.631	462.07135	
729.033	429.59784	
729.435	417.10387	
729.838	424.60053	
730.24	494.5293	
730.642	439.59136	
731.044	429.59784	
731.446	427.09923	
731.848	487.04038	
732.25	541.94007	
732.652	409.60636	
733.054	474.55701	
733.456	442.0895	
733.857	526.97179	
734.259	434.59479	
734.661	459.57394	
735.062	422.10174	
735.464	499.52145	
735.865	502.01739	
736.267	507.009	
736.668	479.55063	
737.069	494.5293	
737.47	379.60796	
737.872	374.60691	
738.273	482.04731	
738.674	489.53678	
739.075	472.06006	
739.476	489.53678	
739.877	462.07135	
740.278	524.47676	
740.678	539.44559	
741.079	514.49573	
741.48	489.53678	
741.88	374.60691	
742.281	487.04038	
742.681	479.55063	
743.082	437.09312	
743.482	464.56867	
743.882	432.09636	
744.283	482.04731	
744.683	454.57885	
745.083	472.06006	
745.483	507.009	
745.883	469.56302	
746.283	379.60796	
746.683	502.01739	
747.083	579.34654	
747.483	457.07644	
747.883	429.59784	
748.282	494.5293	
748.682	514.49573	
749.082	499.52145	
749.481	536.95101	
749.881	459.57394	
750.28	492.03308	
750.679	512.00025	
751.079	474.55701	
751.478	457.07644	
751.877	494.5293	
752.276	434.59479	
752.675	434.59479	
753.074	442.0895	
753.473	497.02542	
753.872	417.10387	
754.271	442.0895	
754.67	472.06006	
755.069	434.59479	
755.467	472.06006	
755.866	457.07644	
756.265	399.60839	
756.663	444.58756	
757.062	362.10266	
757.46	464.56867	
757.858	387.10882	
758.257	504.51324	
758.655	512.00025	
759.053	414.60479	
759.451	422.10174	
759.849	432.09636	
760.247	452.08117	
760.645	409.60636	
761.043	417.10387	
761.441	424.60053	
761.839	409.60636	
762.237	384.60863	
762.634	354.59897	
763.032	337.08708	
763.429	362.10266	
763.827	384.60863	
764.224	337.08708	
764.622	372.10625	
765.019	362.10266	
765.416	379.60796	
765.814	392.10893	
766.211	362.10266	
766.608	444.58756	
767.005	479.55063	
767.402	399.60839	
767.799	444.58756	
768.196	519.48643	
768.593	467.06589	
768.989	429.59784	
769.386	424.60053	
769.783	422.10174	
770.179	409.60636	
770.576	437.09312	
770.972	464.56867	
771.369	417.10387	
771.765	519.48643	
772.161	419.60285	
772.558	427.09923	
772.954	377.10748	
773.35	487.04038	
773.746	489.53678	
774.142	419.60285	
774.538	467.06589	
774.934	447.08552	
775.33	432.09636	
775.726	424.60053	
776.121	354.59897	
776.517	387.10882	
776.913	437.09312	
777.308	399.60839	
777.704	452.08117	
778.099	482.04731	
778.495	352.09756	
778.89	516.99113	
779.285	374.60691	
779.68	429.59784	
780.076	459.57394	
780.471	389.60892	
780.866	432.09636	
781.261	407.10701	
781.656	419.60285	
782.051	479.55063	
782.445	469.56302	
782.84	379.60796	
783.235	367.10464	
783.63	409.60636	
784.024	424.60053	
784.419	404.60756	
784.813	424.60053	
785.208	442.0895	
785.602	384.60863	
785.996	402.10802	
786.391	402.10802	
786.785	422.10174	
787.179	374.60691	
787.573	422.10174	
787.967	399.60839	
788.361	374.60691	
788.755	469.56302	
789.149	382.10834	
789.543	394.60884	
789.936	409.60636	
790.33	347.09444	
790.724	314.56496	
791.117	349.59605	
791.511	327.0782	
791.904	379.60796	
792.298	397.10866	
792.691	382.10834	
793.084	424.60053	
793.477	362.10266	
793.871	349.59605	
794.264	377.10748	
794.657	409.60636	
795.05	437.09312	
795.443	449.58339	
795.836	399.60839	
796.228	387.10882	
796.621	414.60479	
797.014	387.10882	
797.406	344.59274	
797.799	494.5293	
798.192	357.1003	
798.584	397.10866	
798.976	372.10625	
799.369	407.10701	
799.761	526.97179	
800.153	387.10882	
800.546	452.08117	
800.938	369.60549	
801.33	372.10625	
801.722	392.10893	
802.114	392.10893	
802.506	344.59274	
802.897	394.60884	
803.289	394.60884	
803.681	449.58339	
804.073	269.49758	
804.464	327.0782	
804.856	427.09923	
805.247	372.10625	
805.639	329.58056	
806.03	294.53884	
806.421	437.09312	
806.813	437.09312	
807.204	394.60884	
807.595	439.59136	
807.986	437.09312	
808.377	447.08552	
808.768	402.10802	
809.159	372.10625	
809.55	339.58906	
809.941	312.06203	
810.331	287.02746	
810.722	374.60691	
811.113	449.58339	
811.503	359.60152	
811.894	299.54594	
812.284	402.10802	
812.675	392.10893	
813.065	394.60884	
813.455	419.60285	
813.846	324.57574	
814.236	369.60549	
814.626	404.60756	
815.016	392.10893	
815.406	399.60839	
815.796	317.0678	
816.186	399.60839	
816.575	407.10701	
816.965	374.60691	
817.355	414.60479	
817.745	342.09095	
818.134	329.58056	
818.524	327.0782	
818.913	382.10834	
819.303	382.10834	
819.692	384.60863	
820.081	429.59784	
820.47	382.10834	
820.86	414.60479	
821.249	334.585	
821.638	402.10802	
822.027	374.60691	
822.416	379.60796	
822.805	402.10802	
823.193	402.10802	
823.582	289.53135	
823.971	367.10464	
824.36	374.60691	
824.748	394.60884	
825.137	289.53135	
825.525	374.60691	
825.914	372.10625	
826.302	362.10266	
826.69	482.04731	
827.079	334.585	
827.467	397.10866	
827.855	334.585	
828.243	394.60884	
828.631	424.60053	
829.019	387.10882	
829.407	397.10866	
829.795	392.10893	
830.182	377.10748	
830.57	377.10748	
830.958	422.10174	
831.345	427.09923	
831.733	379.60796	
832.12	367.10464	
832.508	372.10625	
832.895	359.60152	
833.283	372.10625	
833.67	359.60152	
834.057	377.10748	
834.444	379.60796	
834.831	424.60053	
835.218	399.60839	
835.605	399.60839	
835.992	412.10562	
836.379	389.60892	
836.766	307.05588	
837.152	294.53884	
837.539	414.60479	
837.926	334.585	
838.312	339.58906	
838.699	377.10748	
839.085	367.10464	
839.472	357.1003	
839.858	347.09444	
840.244	389.60892	
840.63	432.09636	
841.017	392.10893	
841.403	367.10464	
841.789	392.10893	
842.175	424.60053	
842.561	339.58906	
842.946	404.60756	
843.332	402.10802	
843.718	419.60285	
844.104	377.10748	
844.489	329.58056	
844.875	347.09444	
845.26	369.60549	
845.646	379.60796	
846.031	402.10802	
846.416	344.59274	
846.802	372.10625	
847.187	324.57574	
847.572	344.59274	
847.957	359.60152	
848.342	377.10748	
848.727	369.60549	
849.112	352.09756	
849.497	382.10834	
849.882	389.60892	
850.266	397.10866	
850.651	329.58056	
851.036	339.58906	
851.42	319.57054	
851.805	339.58906	
852.189	427.09923	
852.574	334.585	
852.958	374.60691	
853.342	379.60796	
853.726	389.60892	
854.11	397.10866	
854.495	362.10266	
854.879	352.09756	
855.263	424.60053	
855.646	359.60152	
856.03	327.0782	
856.414	384.60863	
856.798	384.60863	
857.181	362.10266	
857.565	364.6037	
857.949	412.10562	
858.332	397.10866	
858.716	382.10834	
859.099	304.55266	
859.482	347.09444	
859.866	439.59136	
860.249	357.1003	
860.632	369.60549	
861.015	292.03514	
861.398	382.10834	
861.781	299.54594	
862.164	392.10893	
862.547	334.585	
862.929	384.60863	
863.312	454.57885	
863.695	444.58756	
864.077	384.60863	
864.46	372.10625	
864.842	467.06589	
865.225	392.10893	
865.607	372.10625	
865.99	377.10748	
866.372	349.59605	
866.754	402.10802	
867.136	349.59605	
867.518	399.60839	
867.9	256.97334	
868.282	444.58756	
868.664	444.58756	
869.046	319.57054	
869.428	384.60863	
869.809	352.09756	
870.191	467.06589	
870.573	397.10866	
870.954	479.55063	
871.336	342.09095	
871.717	409.60636	
872.099	397.10866	
872.48	407.10701	
872.861	369.60549	
873.242	324.57574	
873.623	399.60839	
874.004	297.04244	
874.385	357.1003	
874.766	354.59897	
875.147	347.09444	
875.528	379.60796	
875.909	307.05588	
876.29	402.10802	
876.67	332.08283	
877.051	332.08283	
877.431	319.57054	
877.812	307.05588	
878.192	319.57054	
878.573	399.60839	
878.953	354.59897	
879.333	384.60863	
879.713	362.10266	
880.093	369.60549	
880.473	289.53135	
880.853	292.03514	
881.233	357.1003	
881.613	454.57885	
881.993	359.60152	
882.373	419.60285	
882.753	414.60479	
883.132	352.09756	
883.512	367.10464	
883.891	339.58906	
884.271	354.59897	
884.65	372.10625	
885.029	394.60884	
885.409	372.10625	
885.788	354.59897	
886.167	412.10562	
886.546	404.60756	
886.925	377.10748	
887.304	354.59897	
887.683	322.07319	
888.062	344.59274	
888.441	302.04935	
888.82	332.08283	
889.198	377.10748	
889.577	379.60796	
889.955	392.10893	
890.334	344.59274	
890.712	419.60285	
891.091	357.1003	
891.469	354.59897	
891.847	389.60892	
892.226	382.10834	
892.604	429.59784	
892.982	402.10802	
893.36	372.10625	
893.738	329.58056	
894.116	409.60636	
894.493	319.57054	
894.871	369.60549	
895.249	424.60053	
895.627	399.60839	
896.004	379.60796	
896.382	364.6037	
896.759	409.60636	
897.137	317.0678	
897.514	334.585	
897.891	334.585	
898.269	387.10882	
898.646	334.585	
899.023	337.08708	
899.4	352.09756	
899.777	417.10387	
900.154	337.08708	
900.531	372.10625	
900.908	352.09756	
901.284	374.60691	
901.661	307.05588	
902.038	387.10882	
902.414	374.60691	
902.791	384.60863	
903.167	387.10882	
903.544	422.10174	
903.92	327.0782	
904.296	347.09444	
904.672	347.09444	
905.049	467.06589	
905.425	399.60839	
905.801	357.1003	
906.177	332.08283	
906.553	367.10464	
906.929	357.1003	
907.304	344.59274	
907.68	362.10266	
908.056	314.56496	
908.431	367.10464	
908.807	397.10866	
909.182	382.10834	
909.558	294.53884	
909.933	402.10802	
910.309	292.03514	
910.684	377.10748	
911.059	394.60884	
911.434	367.10464	
911.809	399.60839	
912.184	344.59274	
912.559	317.0678	
912.934	392.10893	
913.309	367.10464	
913.684	299.54594	
914.058	387.10882	
914.433	432.09636	
914.808	349.59605	
915.182	297.04244	
915.557	379.60796	
915.931	342.09095	
916.305	324.57574	
916.68	254.46821	
917.054	322.07319	
917.428	389.60892	
917.802	384.60863	
918.176	422.10174	
918.55	337.08708	
918.924	284.52348	
919.298	329.58056	
919.672	272.00213	
920.045	269.49758	
920.419	387.10882	
920.793	357.1003	
921.166	424.60053	
921.54	354.59897	
921.913	389.60892	
922.287	382.10834	
922.66	382.10834	
923.033	307.05588	
923.406	327.0782	
923.78	364.6037	
924.153	374.60691	
924.526	354.59897	
924.899	302.04935	
925.271	417.10387	
925.644	292.03514	
926.017	377.10748	
926.39	347.09444	
926.762	359.60152	
927.135	367.10464	
927.508	374.60691	
927.88	422.10174	
928.252	352.09756	
928.625	349.59605	
928.997	332.08283	
929.369	362.10266	
929.741	424.60053	
930.114	299.54594	
930.486	329.58056	
930.858	309.559	
931.229	349.59605	
931.601	432.09636	
931.973	389.60892	
932.345	344.59274	
932.717	384.60863	
933.088	329.58056	
933.46	374.60691	
933.831	369.60549	
934.203	382.10834	
934.574	367.10464	
934.945	394.60884	
935.317	307.05588	
935.688	364.6037	
936.059	354.59897	
936.43	402.10802	
936.801	261.98333	
937.172	357.1003	
937.543	307.05588	
937.914	312.06203	
938.284	404.60756	
938.655	374.60691	
939.026	352.09756	
939.396	287.02746	
939.767	424.60053	
940.137	407.10701	
940.508	261.98333	
940.878	299.54594	
941.248	317.0678	
941.618	327.0782	
941.989	302.04935	
942.359	334.585	
942.729	354.59897	
943.099	352.09756	
943.469	392.10893	
943.838	354.59897	
944.208	347.09444	
944.578	362.10266	
944.948	429.59784	
945.317	464.56867	
945.687	382.10834	
946.056	387.10882	
946.426	374.60691	
946.795	284.52348	
947.164	367.10464	
947.533	354.59897	
947.903	266.99292	
948.272	342.09095	
948.641	392.10893	
949.01	382.10834	
949.379	357.1003	
949.748	322.07319	
950.116	334.585	
950.485	284.52348	
950.854	344.59274	
951.222	317.0678	
951.591	379.60796	
951.959	347.09444	
952.328	352.09756	
952.696	347.09444	
953.065	352.09756	
953.433	334.585	
953.801	357.1003	
954.169	229.41154	
954.537	337.08708	
954.905	339.58906	
955.273	307.05588	
955.641	387.10882	
956.009	344.59274	
956.377	432.09636	
956.744	409.60636	
957.112	322.07319	
957.479	382.10834	
957.847	367.10464	
958.214	389.60892	
958.582	334.585	
958.949	379.60796	
959.316	334.585	
959.684	332.08283	
960.051	344.59274	
960.418	392.10893	
960.785	359.60152	
961.152	332.08283	
961.519	399.60839	
961.885	337.08708	
962.252	344.59274	
962.619	284.52348	
962.986	259.47838	
963.352	359.60152	
963.719	417.10387	
964.085	392.10893	
964.452	402.10802	
964.818	329.58056	
965.184	329.58056	
965.55	307.05588	
965.916	369.60549	
966.283	304.55266	
966.649	339.58906	
967.015	379.60796	
967.38	352.09756	
967.746	389.60892	
968.112	432.09636	
968.478	339.58906	
968.843	354.59897	
969.209	349.59605	
969.575	364.6037	
969.94	309.559	
970.305	349.59605	
970.671	342.09095	
971.036	299.54594	
971.401	322.07319	
971.766	304.55266	
972.132	354.59897	
972.497	274.5066	
972.862	399.60839	
973.227	324.57574	
973.591	462.07135	
973.956	327.0782	
974.321	362.10266	
974.686	319.57054	
975.05	317.0678	
975.415	399.60839	
975.779	337.08708	
976.144	324.57574	
976.508	314.56496	
976.872	302.04935	
977.236	384.60863	
977.601	272.00213	
977.965	342.09095	
978.329	367.10464	
978.693	309.559	
979.057	347.09444	
979.421	374.60691	
979.784	339.58906	
980.148	352.09756	
980.512	419.60285	
980.875	422.10174	
981.239	357.1003	
981.602	329.58056	
981.966	309.559	
982.329	359.60152	
982.692	284.52348	
983.056	387.10882	
983.419	364.6037	
983.782	369.60549	
984.145	344.59274	
984.508	402.10802	
984.871	322.07319	
985.234	307.05588	
985.597	279.51523	
985.959	347.09444	
986.322	294.53884	
986.685	364.6037	
987.047	382.10834	
987.41	414.60479	
987.772	337.08708	
988.134	332.08283	
988.497	362.10266	
988.859	354.59897	
989.221	362.10266	
989.583	367.10464	
989.945	324.57574	
990.307	349.59605	
990.669	352.09756	
991.031	349.59605	
991.393	322.07319	
991.755	402.10802	
992.116	354.59897	
992.478	299.54594	
992.839	384.60863	
993.201	394.60884	
993.562	364.6037	
993.924	362.10266	
994.285	224.39905	
994.646	362.10266	
995.007	382.10834	
995.369	307.05588	
995.73	324.57574	
996.091	367.10464	
996.451	399.60839	
996.812	324.57574	
997.173	397.10866	
997.534	332.08283	
997.895	377.10748	
998.255	384.60863	
998.616	362.10266	
998.976	322.07319	
999.337	414.60479	
999.697	367.10464	
1000.057	322.07319	
1000.418	394.60884	
1000.778	369.60549	
1001.138	277.01096	
1001.498	332.08283	
1001.858	399.60839	
1002.218	297.04244	
1002.578	409.60636	
1002.937	387.10882	
1003.297	334.585	
1003.657	369.60549	
1004.016	402.10802	
1004.376	339.58906	
1004.735	317.0678	
1005.095	357.1003	
1005.454	364.6037	
1005.813	324.57574	
1006.173	344.59274	
1006.532	327.0782	
1006.891	312.06203	
1007.25	377.10748	
1007.609	332.08283	
1007.968	266.99292	
1008.327	327.0782	
1008.686	329.58056	
1009.044	352.09756	
1009.403	419.60285	
1009.762	347.09444	
1010.12	437.09312	
1010.479	334.585	
1010.837	369.60549	
1011.195	394.60884	
1011.554	367.10464	
1011.912	352.09756	
1012.27	342.09095	
1012.628	269.49758	
1012.986	261.98333	
1013.344	342.09095	
1013.702	414.60479	
1014.06	394.60884	
1014.418	344.59274	
1014.775	329.58056	
1015.133	354.59897	
1015.491	352.09756	
1015.848	342.09095	
1016.206	337.08708	
1016.563	344.59274	
1016.92	332.08283	
1017.278	399.60839	
1017.635	319.57054	
1017.992	342.09095	
1018.349	352.09756	
1018.706	219.38616	
1019.063	394.60884	
1019.42	334.585	
1019.777	354.59897	
1020.134	299.54594	
1020.49	389.60892	
1020.847	347.09444	
1021.203	347.09444	
1021.56	352.09756	
1021.916	349.59605	
1022.273	399.60839	
1022.629	372.10625	
1022.985	407.10701	
1023.342	309.559	
1023.698	344.59274	
1024.054	294.53884	
1024.41	349.59605	
1024.766	256.97334	
1025.122	349.59605	
1025.477	402.10802	
1025.833	407.10701	
1026.189	364.6037	
1026.545	387.10882	
1026.9	399.60839	
1027.256	329.58056	
1027.611	382.10834	
1027.966	342.09095	
1028.322	412.10562	
1028.677	274.5066	
1029.032	329.58056	
1029.387	384.60863	
1029.742	249.45765	
1030.097	429.59784	
1030.452	357.1003	
1030.807	379.60796	
1031.162	297.04244	
1031.517	379.60796	
1031.871	344.59274	
1032.226	347.09444	
1032.581	347.09444	
1032.935	347.09444	
