FLMS05510_1:101		
187.856	-4.71627	
188.32	-4.71627	
188.785	-4.71627	
189.249	-39.94249	
189.713	-67.63441	
190.178	-87.78188	
190.642	-60.08083	
191.106	-75.18893	
191.57	-29.8758	
192.034	-27.35939	
192.498	-32.39232	
192.963	-125.57639	
193.427	43.05869	
193.89	0.31441	
194.354	33.00386	
194.818	20.43303	
195.282	7.85965	
195.746	12.88931	
196.21	100.8427	
196.673	98.33146	
197.137	120.92907	
197.601	95.82011	
198.064	223.77246	
198.528	231.29113	
198.991	206.22549	
199.454	266.36674	
199.918	243.82031	
200.381	273.88049	
200.844	241.31466	
201.308	228.785	
201.771	373.98176	
202.234	403.98269	
202.697	263.86197	
203.16	316.4421	
203.623	321.44754	
204.086	378.98285	
204.549	358.97622	
205.012	373.98176	
205.475	398.98347	
205.938	331.45727	
206.4	381.48325	
206.863	381.48325	
207.326	413.98001	
207.788	356.47497	
208.251	306.43009	
208.714	341.46549	
209.176	331.45727	
209.639	418.97811	
210.101	333.95946	
210.563	428.9732	
211.026	326.45259	
211.488	416.47911	
211.95	321.44754	
212.412	363.97844	
212.874	356.47497	
213.337	258.85213	
213.799	343.9673	
214.261	326.45259	
214.723	273.88049	
215.184	333.95946	
215.646	261.3571	
216.108	338.96357	
216.57	313.93924	
217.032	318.94487	
217.493	293.91292	
217.955	386.48378	
218.417	306.43009	
218.878	363.97844	
219.34	336.46157	
219.801	353.97363	
220.263	333.95946	
220.724	428.9732	
221.185	313.93924	
221.647	388.98391	
222.108	348.97065	
222.569	318.94487	
223.03	301.42351	
223.491	258.85213	
223.952	341.46549	
224.413	351.47219	
224.874	256.34707	
225.335	251.33665	
225.796	316.4421	
226.257	326.45259	
226.718	311.43628	
227.179	258.85213	
227.639	346.46903	
228.1	338.96357	
228.561	353.97363	
229.021	381.48325	
229.482	411.48082	
229.942	388.98391	
230.403	321.44754	
230.863	363.97844	
231.323	421.47702	
231.784	326.45259	
232.244	351.47219	
232.704	326.45259	
233.164	268.87142	
233.625	391.48394	
234.085	378.98285	
234.545	261.3571	
235.005	383.98356	
235.465	351.47219	
235.925	356.47497	
236.384	401.48312	
236.844	321.44754	
237.304	373.98176	
237.764	371.48107	
238.223	328.95498	
238.683	376.48235	
239.143	326.45259	
239.602	258.85213	
240.062	306.43009	
240.521	331.45727	
240.98	353.97363	
241.44	278.88917	
241.899	306.43009	
242.358	273.88049	
242.818	326.45259	
243.277	363.97844	
243.736	401.48312	
244.195	343.9673	
244.654	388.98391	
245.113	323.95011	
245.572	368.98029	
246.031	266.36674	
246.49	323.95011	
246.949	281.39337	
247.408	338.96357	
247.866	321.44754	
248.325	348.97065	
248.784	368.98029	
249.242	226.27878	
249.701	331.45727	
250.159	381.48325	
250.618	346.46903	
251.076	376.48235	
251.534	343.9673	
251.993	346.46903	
252.451	301.42351	
252.909	373.98176	
253.368	368.98029	
253.826	323.95011	
254.284	288.90539	
254.742	326.45259	
255.2	323.95011	
255.658	346.46903	
256.116	383.98356	
256.574	371.48107	
257.031	398.98347	
257.489	323.95011	
257.947	353.97363	
258.405	348.97065	
258.862	311.43628	
259.32	406.48216	
259.777	348.97065	
260.235	338.96357	
260.692	351.47219	
261.15	326.45259	
261.607	333.95946	
262.065	401.48312	
262.522	376.48235	
262.979	371.48107	
263.436	373.98176	
263.893	393.98387	
264.351	336.46157	
264.808	313.93924	
265.265	331.45727	
265.722	323.95011	
266.178	338.96357	
266.635	463.94435	
267.092	373.98176	
267.549	331.45727	
268.006	353.97363	
268.462	411.48082	
268.919	363.97844	
269.376	298.92007	
269.832	371.48107	
270.289	298.92007	
270.745	336.46157	
271.202	283.89747	
271.658	376.48235	
272.114	361.47738	
272.571	381.48325	
273.027	333.95946	
273.483	373.98176	
273.939	338.96357	
274.395	416.47911	
274.851	351.47219	
275.307	333.95946	
275.763	378.98285	
276.219	366.47941	
276.675	343.9673	
277.131	291.4092	
277.587	398.98347	
278.042	391.48394	
278.498	393.98387	
278.954	303.92684	
279.409	346.46903	
279.865	341.46549	
280.32	316.4421	
280.776	263.86197	
281.231	333.95946	
281.687	303.92684	
282.142	296.41655	
282.597	343.9673	
283.052	298.92007	
283.508	343.9673	
283.963	328.95498	
284.418	358.97622	
284.873	343.9673	
285.328	346.46903	
285.783	343.9673	
286.238	386.48378	
286.693	401.48312	
287.147	428.9732	
287.602	343.9673	
288.057	383.98356	
288.512	393.98387	
288.966	406.48216	
289.421	406.48216	
289.875	373.98176	
290.33	418.97811	
290.784	348.97065	
291.239	343.9673	
291.693	348.97065	
292.147	328.95498	
292.602	331.45727	
293.056	376.48235	
293.51	378.98285	
293.964	306.43009	
294.418	301.42351	
294.872	331.45727	
295.326	343.9673	
295.78	326.45259	
296.234	418.97811	
296.688	316.4421	
297.142	416.47911	
297.595	348.97065	
298.049	423.97584	
298.503	306.43009	
298.956	378.98285	
299.41	368.98029	
299.863	421.47702	
300.317	323.95011	
300.77	353.97363	
301.224	361.47738	
301.677	381.48325	
302.13	311.43628	
302.584	423.97584	
303.037	413.98001	
303.49	341.46549	
303.943	396.48372	
304.396	396.48372	
304.849	388.98391	
305.302	278.88917	
305.755	316.4421	
306.208	348.97065	
306.661	438.96681	
307.114	401.48312	
307.566	361.47738	
308.019	358.97622	
308.472	331.45727	
308.924	351.47219	
309.377	406.48216	
309.829	376.48235	
310.282	416.47911	
310.734	396.48372	
311.187	351.47219	
311.639	313.93924	
312.091	373.98176	
312.543	333.95946	
312.995	373.98176	
313.448	381.48325	
313.9	358.97622	
314.352	268.87142	
314.804	368.98029	
315.256	363.97844	
315.708	391.48394	
316.159	331.45727	
316.611	311.43628	
317.063	336.46157	
317.515	358.97622	
317.966	351.47219	
318.418	321.44754	
318.87	341.46549	
319.321	313.93924	
319.773	356.47497	
320.224	356.47497	
320.675	341.46549	
321.127	366.47941	
321.578	378.98285	
322.029	368.98029	
322.48	433.97019	
322.932	381.48325	
323.383	363.97844	
323.834	366.47941	
324.285	366.47941	
324.736	418.97811	
325.187	416.47911	
325.638	348.97065	
326.088	368.98029	
326.539	413.98001	
326.99	386.48378	
327.441	378.98285	
327.891	351.47219	
328.342	406.48216	
328.792	388.98391	
329.243	333.95946	
329.693	416.47911	
330.144	386.48378	
330.594	353.97363	
331.044	451.45673	
331.495	363.97844	
331.945	378.98285	
332.395	428.9732	
332.845	328.95498	
333.295	366.47941	
333.745	358.97622	
334.195	366.47941	
334.645	406.48216	
335.095	351.47219	
335.545	363.97844	
335.995	331.45727	
336.444	328.95498	
336.894	393.98387	
337.344	271.376	
337.793	363.97844	
338.243	341.46549	
338.692	361.47738	
339.142	343.9673	
339.591	371.48107	
340.041	343.9673	
340.49	391.48394	
340.939	326.45259	
341.388	338.96357	
341.838	376.48235	
342.287	398.98347	
342.736	366.47941	
343.185	343.9673	
343.634	431.47174	
344.083	363.97844	
344.532	351.47219	
344.981	378.98285	
345.429	378.98285	
345.878	406.48216	
346.327	398.98347	
346.776	351.47219	
347.224	351.47219	
347.673	286.40148	
348.121	363.97844	
348.57	391.48394	
349.018	391.48394	
349.467	411.48082	
349.915	353.97363	
350.363	393.98387	
350.811	316.4421	
351.26	346.46903	
351.708	406.48216	
352.156	393.98387	
352.604	403.98269	
353.052	358.97622	
353.5	358.97622	
353.948	408.98153	
354.396	373.98176	
354.843	368.98029	
355.291	386.48378	
355.739	406.48216	
356.186	391.48394	
356.634	388.98391	
357.082	426.47457	
357.529	393.98387	
357.977	383.98356	
358.424	381.48325	
358.871	406.48216	
359.319	413.98001	
359.766	363.97844	
360.213	383.98356	
360.661	446.46104	
361.108	418.97811	
361.555	378.98285	
362.002	408.98153	
362.449	388.98391	
362.896	363.97844	
363.343	376.48235	
363.79	366.47941	
364.236	406.48216	
364.683	431.47174	
365.13	443.96305	
365.577	478.92645	
366.023	368.98029	
366.47	353.97363	
366.916	371.48107	
367.363	413.98001	
367.809	336.46157	
368.256	336.46157	
368.702	338.96357	
369.148	371.48107	
369.594	403.98269	
370.041	358.97622	
370.487	338.96357	
370.933	346.46903	
371.379	466.44159	
371.825	353.97363	
372.271	381.48325	
372.717	406.48216	
373.163	393.98387	
373.608	423.97584	
374.054	358.97622	
374.5	446.46104	
374.946	378.98285	
375.391	353.97363	
375.837	408.98153	
376.282	351.47219	
376.728	428.9732	
377.173	396.48372	
377.618	338.96357	
378.064	386.48378	
378.509	376.48235	
378.954	346.46903	
379.4	348.97065	
379.845	321.44754	
380.29	368.98029	
380.735	388.98391	
381.18	413.98001	
381.625	406.48216	
382.07	356.47497	
382.514	381.48325	
382.959	301.42351	
383.404	313.93924	
383.849	393.98387	
384.293	368.98029	
384.738	406.48216	
385.183	376.48235	
385.627	373.98176	
386.072	338.96357	
386.516	416.47911	
386.96	353.97363	
387.405	368.98029	
387.849	433.97019	
388.293	331.45727	
388.737	303.92684	
389.181	363.97844	
389.626	316.4421	
390.07	393.98387	
390.514	401.48312	
390.957	403.98269	
391.401	383.98356	
391.845	403.98269	
392.289	393.98387	
392.733	376.48235	
393.176	408.98153	
393.62	393.98387	
394.064	368.98029	
394.507	478.92645	
394.951	428.9732	
395.394	336.46157	
395.838	333.95946	
396.281	411.48082	
396.724	321.44754	
397.168	401.48312	
397.611	438.96681	
398.054	373.98176	
398.497	396.48372	
398.94	351.47219	
399.383	416.47911	
399.826	361.47738	
400.269	443.96305	
400.712	358.97622	
401.155	421.47702	
401.597	323.95011	
402.04	481.42315	
402.483	388.98391	
402.925	406.48216	
403.368	381.48325	
403.811	363.97844	
404.253	381.48325	
404.696	426.47457	
405.138	273.88049	
405.58	456.45205	
406.023	378.98285	
406.465	436.46854	
406.907	393.98387	
407.349	328.95498	
407.791	363.97844	
408.233	456.45205	
408.675	358.97622	
409.117	438.96681	
409.559	396.48372	
410.001	463.94435	
410.443	383.98356	
410.885	411.48082	
411.326	401.48312	
411.768	388.98391	
412.21	348.97065	
412.651	478.92645	
413.093	371.48107	
413.534	366.47941	
413.975	386.48378	
414.417	386.48378	
414.858	331.45727	
415.299	366.47941	
415.741	373.98176	
416.182	408.98153	
416.623	338.96357	
417.064	411.48082	
417.505	388.98391	
417.946	428.9732	
418.387	441.46497	
418.828	386.48378	
419.269	431.47174	
419.709	326.45259	
420.15	416.47911	
420.591	316.4421	
421.031	343.9673	
421.472	386.48378	
421.913	388.98391	
422.353	418.97811	
422.794	398.98347	
423.234	353.97363	
423.674	403.98269	
424.115	406.48216	
424.555	406.48216	
424.995	441.46497	
425.435	408.98153	
425.875	458.94958	
426.315	393.98387	
426.755	373.98176	
427.195	361.47738	
427.635	431.47174	
428.075	371.48107	
428.515	393.98387	
428.955	398.98347	
429.394	426.47457	
429.834	401.48312	
430.274	366.47941	
430.713	368.98029	
431.153	401.48312	
431.592	413.98001	
432.031	446.46104	
432.471	373.98176	
432.91	466.44159	
433.349	406.48216	
433.789	363.97844	
434.228	398.98347	
434.667	403.98269	
435.106	373.98176	
435.545	363.97844	
435.984	393.98387	
436.423	346.46903	
436.862	308.93323	
437.301	323.95011	
437.739	373.98176	
438.178	433.97019	
438.617	358.97622	
439.055	376.48235	
439.494	353.97363	
439.932	413.98001	
440.371	363.97844	
440.809	421.47702	
441.248	328.95498	
441.686	363.97844	
442.124	443.96305	
442.563	368.98029	
443.001	391.48394	
443.439	411.48082	
443.877	363.97844	
444.315	388.98391	
444.753	351.47219	
445.191	426.47457	
445.629	431.47174	
446.067	378.98285	
446.504	356.47497	
446.942	421.47702	
447.38	388.98391	
447.817	406.48216	
448.255	366.47941	
448.693	328.95498	
449.13	391.48394	
449.568	336.46157	
450.005	398.98347	
450.442	383.98356	
450.88	426.47457	
451.317	351.47219	
451.754	343.9673	
452.191	391.48394	
452.628	433.97019	
453.065	413.98001	
453.502	306.43009	
453.939	428.9732	
454.376	381.48325	
454.813	428.9732	
455.25	398.98347	
455.686	358.97622	
456.123	451.45673	
456.56	391.48394	
456.996	411.48082	
457.433	381.48325	
457.869	416.47911	
458.306	391.48394	
458.742	386.48378	
459.179	421.47702	
459.615	371.48107	
460.051	393.98387	
460.487	341.46549	
460.924	318.94487	
461.36	341.46549	
461.796	306.43009	
462.232	363.97844	
462.668	381.48325	
463.104	326.45259	
463.539	366.47941	
463.975	353.97363	
464.411	363.97844	
464.847	391.48394	
465.282	358.97622	
465.718	378.98285	
466.153	458.94958	
466.589	418.97811	
467.024	341.46549	
467.46	376.48235	
467.895	391.48394	
468.33	426.47457	
468.766	376.48235	
469.201	411.48082	
469.636	338.96357	
470.071	411.48082	
470.506	438.96681	
470.941	353.97363	
471.376	326.45259	
471.811	386.48378	
472.246	361.47738	
472.681	261.3571	
473.115	388.98391	
473.55	433.97019	
473.985	388.98391	
474.419	406.48216	
474.854	456.45205	
475.288	396.48372	
475.723	378.98285	
476.157	331.45727	
476.592	338.96357	
477.026	343.9673	
477.46	328.95498	
477.894	326.45259	
478.329	361.47738	
478.763	331.45727	
479.197	383.98356	
479.631	396.48372	
480.065	408.98153	
480.499	396.48372	
480.932	406.48216	
481.366	303.92684	
481.8	443.96305	
482.234	366.47941	
482.667	373.98176	
483.101	353.97363	
483.535	398.98347	
483.968	413.98001	
484.401	378.98285	
484.835	443.96305	
485.268	443.96305	
485.702	376.48235	
486.135	383.98356	
486.568	356.47497	
487.001	378.98285	
487.434	393.98387	
487.867	413.98001	
488.3	328.95498	
488.733	408.98153	
489.166	306.43009	
489.599	438.96681	
490.032	348.97065	
490.464	391.48394	
490.897	426.47457	
491.33	358.97622	
491.762	321.44754	
492.195	401.48312	
492.627	381.48325	
493.06	433.97019	
493.492	341.46549	
493.925	396.48372	
494.357	386.48378	
494.789	391.48394	
495.221	363.97844	
495.653	381.48325	
496.086	398.98347	
496.518	383.98356	
496.95	421.47702	
497.382	458.94958	
497.813	371.48107	
498.245	396.48372	
498.677	398.98347	
499.109	441.46497	
499.54	451.45673	
499.972	416.47911	
500.404	383.98356	
500.835	391.48394	
501.267	431.47174	
501.698	406.48216	
502.129	348.97065	
502.561	343.9673	
502.992	431.47174	
503.423	456.45205	
503.855	348.97065	
504.286	451.45673	
504.717	378.98285	
505.148	486.41626	
505.579	438.96681	
506.01	351.47219	
506.441	371.48107	
506.871	451.45673	
507.302	463.94435	
507.733	496.4014	
508.163	421.47702	
508.594	391.48394	
509.025	426.47457	
509.455	423.97584	
509.886	343.9673	
510.316	371.48107	
510.746	396.48372	
511.177	448.95893	
511.607	348.97065	
512.037	433.97019	
512.467	466.44159	
512.898	423.97584	
513.328	436.46854	
513.758	371.48107	
514.188	403.98269	
514.617	393.98387	
515.047	438.96681	
515.477	368.98029	
515.907	396.48372	
516.337	458.94958	
516.766	403.98269	
517.196	466.44159	
517.625	471.43581	
518.055	323.95011	
518.484	441.46497	
518.914	413.98001	
519.343	473.93278	
519.772	406.48216	
520.202	368.98029	
520.631	296.41655	
521.06	388.98391	
521.489	398.98347	
521.918	393.98387	
522.347	396.48372	
522.776	388.98391	
523.205	346.46903	
523.634	401.48312	
524.063	418.97811	
524.491	428.9732	
524.92	446.46104	
525.349	368.98029	
525.777	391.48394	
526.206	346.46903	
526.634	411.48082	
527.063	378.98285	
527.491	421.47702	
527.919	346.46903	
528.348	383.98356	
528.776	371.48107	
529.204	426.47457	
529.632	436.46854	
530.06	398.98347	
530.488	383.98356	
530.916	391.48394	
531.344	388.98391	
531.772	423.97584	
532.2	441.46497	
532.627	408.98153	
533.055	366.47941	
533.483	441.46497	
533.91	393.98387	
534.338	386.48378	
534.765	401.48312	
535.193	438.96681	
535.62	431.47174	
536.048	318.94487	
536.475	458.94958	
536.902	406.48216	
537.329	396.48372	
537.757	366.47941	
538.184	361.47738	
538.611	431.47174	
539.038	378.98285	
539.465	398.98347	
539.892	398.98347	
540.318	366.47941	
540.745	431.47174	
541.172	391.48394	
541.599	331.45727	
542.025	371.48107	
542.452	388.98391	
542.878	441.46497	
543.305	326.45259	
543.731	441.46497	
544.158	421.47702	
544.584	386.48378	
545.01	376.48235	
545.436	438.96681	
545.862	391.48394	
546.289	446.46104	
546.715	373.98176	
547.141	343.9673	
547.567	396.48372	
547.993	406.48216	
548.418	373.98176	
548.844	368.98029	
549.27	438.96681	
549.696	393.98387	
550.121	408.98153	
550.547	358.97622	
550.972	446.46104	
551.398	381.48325	
551.823	368.98029	
552.249	381.48325	
552.674	346.46903	
553.099	398.98347	
553.525	381.48325	
553.95	341.46549	
554.375	346.46903	
554.8	398.98347	
555.225	346.46903	
555.65	401.48312	
556.075	396.48372	
556.5	343.9673	
556.925	431.47174	
557.349	468.93875	
557.774	421.47702	
558.199	383.98356	
558.623	373.98176	
559.048	361.47738	
559.472	351.47219	
559.897	431.47174	
560.321	388.98391	
560.746	328.95498	
561.17	471.43581	
561.594	386.48378	
562.018	386.48378	
562.443	471.43581	
562.867	451.45673	
563.291	356.47497	
563.715	403.98269	
564.139	378.98285	
564.562	406.48216	
564.986	376.48235	
565.41	453.95444	
565.834	408.98153	
566.257	361.47738	
566.681	343.9673	
567.105	303.92684	
567.528	393.98387	
567.952	416.47911	
568.375	421.47702	
568.798	433.97019	
569.222	293.91292	
569.645	408.98153	
570.068	448.95893	
570.491	351.47219	
570.914	333.95946	
571.337	383.98356	
571.76	361.47738	
572.183	366.47941	
572.606	391.48394	
573.029	343.9673	
573.452	418.97811	
573.875	481.42315	
574.297	428.9732	
574.72	436.46854	
575.143	323.95011	
575.565	406.48216	
575.988	341.46549	
576.41	456.45205	
576.832	463.94435	
577.255	358.97622	
577.677	343.9673	
578.099	341.46549	
578.521	378.98285	
578.943	408.98153	
579.365	386.48378	
579.787	393.98387	
580.209	346.46903	
580.631	376.48235	
581.053	361.47738	
581.475	448.95893	
581.897	403.98269	
582.318	483.91975	
582.74	383.98356	
583.162	401.48312	
583.583	436.46854	
584.005	443.96305	
584.426	383.98356	
584.847	383.98356	
585.269	396.48372	
585.69	408.98153	
586.111	398.98347	
586.532	388.98391	
586.954	438.96681	
587.375	423.97584	
587.796	361.47738	
588.217	376.48235	
588.637	376.48235	
589.058	426.47457	
589.479	363.97844	
589.9	391.48394	
590.32	423.97584	
590.741	433.97019	
591.162	378.98285	
591.582	443.96305	
592.003	416.47911	
592.423	433.97019	
592.844	358.97622	
593.264	401.48312	
593.684	413.98001	
594.104	428.9732	
594.524	408.98153	
594.945	426.47457	
595.365	356.47497	
595.785	373.98176	
596.205	361.47738	
596.625	416.47911	
597.044	408.98153	
597.464	393.98387	
597.884	318.94487	
598.304	336.46157	
598.723	468.93875	
599.143	386.48378	
599.562	338.96357	
599.982	301.42351	
600.401	328.95498	
600.821	331.45727	
601.24	458.94958	
601.659	336.46157	
602.078	416.47911	
602.498	346.46903	
602.917	391.48394	
603.336	411.48082	
603.755	398.98347	
604.174	368.98029	
604.593	313.93924	
605.011	436.46854	
605.43	406.48216	
605.849	421.47702	
606.268	406.48216	
606.686	333.95946	
607.105	333.95946	
607.523	383.98356	
607.942	446.46104	
608.36	403.98269	
608.779	373.98176	
609.197	408.98153	
609.615	443.96305	
610.033	428.9732	
610.451	448.95893	
610.87	323.95011	
611.288	456.45205	
611.706	423.97584	
612.124	376.48235	
612.541	406.48216	
612.959	433.97019	
613.377	448.95893	
613.795	393.98387	
614.212	403.98269	
614.63	423.97584	
615.048	413.98001	
615.465	391.48394	
615.883	338.96357	
616.3	363.97844	
616.717	418.97811	
617.135	348.97065	
617.552	401.48312	
617.969	371.48107	
618.386	403.98269	
618.803	431.47174	
619.22	406.48216	
619.637	441.46497	
620.054	431.47174	
620.471	413.98001	
620.888	386.48378	
621.305	308.93323	
621.721	381.48325	
622.138	371.48107	
622.555	333.95946	
622.971	308.93323	
623.388	321.44754	
623.804	366.47941	
624.221	381.48325	
624.637	413.98001	
625.053	446.46104	
625.47	361.47738	
625.886	438.96681	
626.302	401.48312	
626.718	343.9673	
627.134	368.98029	
627.55	406.48216	
627.966	391.48394	
628.382	426.47457	
628.797	373.98176	
629.213	371.48107	
629.629	388.98391	
630.045	406.48216	
630.46	368.98029	
630.876	363.97844	
631.291	356.47497	
631.707	436.46854	
632.122	388.98391	
632.537	341.46549	
632.953	388.98391	
633.368	418.97811	
633.783	393.98387	
634.198	401.48312	
634.613	381.48325	
635.028	306.43009	
635.443	416.47911	
635.858	393.98387	
636.273	321.44754	
636.688	416.47911	
637.102	373.98176	
637.517	433.97019	
637.932	508.88076	
638.346	381.48325	
638.761	383.98356	
639.175	358.97622	
639.59	388.98391	
640.004	446.46104	
640.418	361.47738	
640.832	303.92684	
641.247	376.48235	
641.661	366.47941	
642.075	383.98356	
642.489	321.44754	
642.903	453.95444	
643.317	288.90539	
643.731	408.98153	
644.145	388.98391	
644.558	366.47941	
644.972	353.97363	
645.386	416.47911	
645.799	401.48312	
646.213	441.46497	
646.626	393.98387	
647.04	463.94435	
647.453	353.97363	
647.866	381.48325	
648.28	371.48107	
648.693	408.98153	
649.106	438.96681	
649.519	358.97622	
649.932	396.48372	
650.345	331.45727	
650.758	376.48235	
651.171	431.47174	
651.584	426.47457	
651.997	378.98285	
652.41	346.46903	
652.822	428.9732	
653.235	336.46157	
653.647	393.98387	
654.06	446.46104	
654.472	393.98387	
654.885	376.48235	
655.297	353.97363	
655.71	368.98029	
656.122	463.94435	
656.534	373.98176	
656.946	393.98387	
657.358	373.98176	
657.77	376.48235	
658.182	408.98153	
658.594	358.97622	
659.006	403.98269	
659.418	408.98153	
659.83	373.98176	
660.241	436.46854	
660.653	376.48235	
661.065	373.98176	
661.476	376.48235	
661.888	373.98176	
662.299	373.98176	
662.71	298.92007	
663.122	383.98356	
663.533	428.9732	
663.944	308.93323	
664.355	418.97811	
664.767	396.48372	
665.178	418.97811	
665.589	391.48394	
666	396.48372	
666.41	371.48107	
666.821	388.98391	
667.232	386.48378	
667.643	396.48372	
668.053	308.93323	
668.464	371.48107	
668.875	396.48372	
669.285	388.98391	
669.696	423.97584	
670.106	411.48082	
670.516	351.47219	
670.927	378.98285	
671.337	391.48394	
671.747	373.98176	
672.157	361.47738	
672.567	396.48372	
672.977	411.48082	
673.387	316.4421	
673.797	453.95444	
674.207	381.48325	
674.617	348.97065	
675.027	441.46497	
675.436	428.9732	
675.846	428.9732	
676.256	421.47702	
676.665	376.48235	
677.075	361.47738	
677.484	336.46157	
677.893	391.48394	
678.303	481.42315	
678.712	423.97584	
679.121	406.48216	
679.53	368.98029	
679.939	396.48372	
680.348	371.48107	
680.757	363.97844	
681.166	398.98347	
681.575	386.48378	
681.984	413.98001	
682.393	426.47457	
682.802	278.88917	
683.21	411.48082	
683.619	333.95946	
684.027	363.97844	
684.436	348.97065	
684.844	371.48107	
685.253	391.48394	
685.661	423.97584	
686.069	418.97811	
686.477	426.47457	
686.886	376.48235	
687.294	341.46549	
687.702	528.84301	
688.11	436.46854	
688.518	448.95893	
688.926	418.97811	
689.333	396.48372	
689.741	336.46157	
690.149	343.9673	
690.557	426.47457	
690.964	391.48394	
691.372	343.9673	
691.779	313.93924	
692.187	433.97019	
692.594	388.98391	
693.001	376.48235	
693.409	388.98391	
693.816	343.9673	
694.223	463.94435	
694.63	446.46104	
695.037	388.98391	
695.444	446.46104	
695.851	448.95893	
696.258	358.97622	
696.665	393.98387	
697.072	331.45727	
697.479	368.98029	
697.885	391.48394	
698.292	331.45727	
698.698	423.97584	
699.105	386.48378	
699.511	421.47702	
699.918	386.48378	
700.324	381.48325	
700.73	358.97622	
701.137	453.95444	
701.543	316.4421	
701.949	308.93323	
702.355	416.47911	
702.761	416.47911	
703.167	358.97622	
703.573	393.98387	
703.979	446.46104	
704.385	358.97622	
704.79	393.98387	
705.196	401.48312	
705.602	348.97065	
706.007	418.97811	
706.413	381.48325	
706.818	353.97363	
707.224	391.48394	
707.629	366.47941	
708.034	406.48216	
708.439	421.47702	
708.845	448.95893	
709.25	336.46157	
709.655	378.98285	
710.06	378.98285	
710.465	396.48372	
710.87	321.44754	
711.275	278.88917	
711.679	361.47738	
712.084	361.47738	
712.489	358.97622	
712.893	411.48082	
713.298	341.46549	
713.702	401.48312	
714.107	316.4421	
714.511	351.47219	
714.916	366.47941	
715.32	411.48082	
715.724	456.45205	
716.128	408.98153	
716.533	356.47497	
716.937	408.98153	
717.341	431.47174	
717.745	433.97019	
718.149	351.47219	
718.552	398.98347	
718.956	461.44701	
719.36	371.48107	
719.764	348.97065	
720.167	341.46549	
720.571	436.46854	
720.974	421.47702	
721.378	401.48312	
721.781	401.48312	
722.185	411.48082	
722.588	468.93875	
722.991	376.48235	
723.394	341.46549	
723.797	366.47941	
724.2	356.47497	
724.603	366.47941	
725.006	363.97844	
725.409	376.48235	
725.812	423.97584	
726.215	388.98391	
726.618	388.98391	
727.02	318.94487	
727.423	338.96357	
727.826	423.97584	
728.228	391.48394	
728.631	421.47702	
729.033	351.47219	
729.435	416.47911	
729.838	388.98391	
730.24	371.48107	
730.642	436.46854	
731.044	331.45727	
731.446	398.98347	
731.848	376.48235	
732.25	291.4092	
732.652	303.92684	
733.054	391.48394	
733.456	336.46157	
733.857	398.98347	
734.259	431.47174	
734.661	368.98029	
735.062	376.48235	
735.464	383.98356	
735.865	316.4421	
736.267	381.48325	
736.668	456.45205	
737.069	418.97811	
737.47	368.98029	
737.872	463.94435	
738.273	406.48216	
738.674	318.94487	
739.075	381.48325	
739.476	401.48312	
739.877	418.97811	
740.278	388.98391	
740.678	441.46497	
741.079	361.47738	
741.48	436.46854	
741.88	376.48235	
742.281	376.48235	
742.681	416.47911	
743.082	391.48394	
743.482	353.97363	
743.882	263.86197	
744.283	403.98269	
744.683	423.97584	
745.083	356.47497	
745.483	388.98391	
745.883	313.93924	
746.283	358.97622	
746.683	428.9732	
747.083	433.97019	
747.483	331.45727	
747.883	423.97584	
748.282	406.48216	
748.682	441.46497	
749.082	388.98391	
749.481	371.48107	
749.881	368.98029	
750.28	373.98176	
750.679	426.47457	
751.079	466.44159	
751.478	381.48325	
751.877	406.48216	
752.276	458.94958	
752.675	308.93323	
753.074	303.92684	
753.473	321.44754	
753.872	378.98285	
754.271	366.47941	
754.67	411.48082	
755.069	413.98001	
755.467	331.45727	
755.866	331.45727	
756.265	408.98153	
756.663	446.46104	
757.062	468.93875	
757.46	401.48312	
757.858	326.45259	
758.257	426.47457	
758.655	318.94487	
759.053	426.47457	
759.451	386.48378	
759.849	363.97844	
760.247	403.98269	
760.645	401.48312	
761.043	393.98387	
761.441	388.98391	
761.839	338.96357	
762.237	338.96357	
762.634	381.48325	
763.032	388.98391	
763.429	351.47219	
763.827	346.46903	
764.224	396.48372	
764.622	381.48325	
765.019	366.47941	
765.416	346.46903	
765.814	358.97622	
766.211	368.98029	
766.608	331.45727	
767.005	333.95946	
767.402	378.98285	
767.799	401.48312	
768.196	361.47738	
768.593	366.47941	
768.989	448.95893	
769.386	356.47497	
769.783	321.44754	
770.179	386.48378	
770.576	468.93875	
770.972	446.46104	
771.369	448.95893	
771.765	281.39337	
772.161	428.9732	
772.558	386.48378	
772.954	383.98356	
773.35	381.48325	
773.746	371.48107	
774.142	401.48312	
774.538	358.97622	
774.934	373.98176	
775.33	446.46104	
775.726	366.47941	
776.121	391.48394	
776.517	341.46549	
776.913	413.98001	
777.308	493.90525	
777.704	358.97622	
778.099	326.45259	
778.495	396.48372	
778.89	333.95946	
779.285	403.98269	
779.68	316.4421	
780.076	403.98269	
780.471	448.95893	
780.866	363.97844	
781.261	433.97019	
781.656	373.98176	
782.051	338.96357	
782.445	386.48378	
782.84	423.97584	
783.235	398.98347	
783.63	443.96305	
784.024	426.47457	
784.419	423.97584	
784.813	343.9673	
785.208	306.43009	
785.602	328.95498	
785.996	363.97844	
786.391	328.95498	
786.785	348.97065	
787.179	378.98285	
787.573	316.4421	
787.967	328.95498	
788.361	361.47738	
788.755	361.47738	
789.149	416.47911	
789.543	398.98347	
789.936	361.47738	
790.33	396.48372	
790.724	266.36674	
791.117	438.96681	
791.511	361.47738	
791.904	391.48394	
792.298	388.98391	
792.691	358.97622	
793.084	396.48372	
793.477	401.48312	
793.871	391.48394	
794.264	366.47941	
794.657	391.48394	
795.05	413.98001	
795.443	341.46549	
795.836	396.48372	
796.228	363.97844	
796.621	381.48325	
797.014	438.96681	
797.406	386.48378	
797.799	283.89747	
798.192	368.98029	
798.584	361.47738	
798.976	391.48394	
799.369	363.97844	
799.761	468.93875	
800.153	376.48235	
800.546	426.47457	
800.938	391.48394	
801.33	448.95893	
801.722	366.47941	
802.114	378.98285	
802.506	358.97622	
802.897	431.47174	
803.289	451.45673	
803.681	373.98176	
804.073	416.47911	
804.464	466.44159	
804.856	381.48325	
805.247	311.43628	
805.639	393.98387	
806.03	348.97065	
806.421	423.97584	
806.813	371.48107	
807.204	346.46903	
807.595	393.98387	
807.986	386.48378	
808.377	408.98153	
808.768	396.48372	
809.159	398.98347	
809.55	368.98029	
809.941	413.98001	
810.331	381.48325	
810.722	408.98153	
811.113	431.47174	
811.503	296.41655	
811.894	378.98285	
812.284	346.46903	
812.675	336.46157	
813.065	296.41655	
813.455	273.88049	
813.846	396.48372	
814.236	348.97065	
814.626	448.95893	
815.016	423.97584	
815.406	343.9673	
815.796	333.95946	
816.186	361.47738	
816.575	406.48216	
816.965	293.91292	
817.355	328.95498	
817.745	373.98176	
818.134	341.46549	
818.524	408.98153	
818.913	358.97622	
819.303	371.48107	
819.692	303.92684	
820.081	396.48372	
820.47	351.47219	
820.86	366.47941	
821.249	361.47738	
821.638	383.98356	
822.027	368.98029	
822.416	341.46549	
822.805	423.97584	
823.193	406.48216	
823.582	358.97622	
823.971	446.46104	
824.36	286.40148	
824.748	323.95011	
825.137	348.97065	
825.525	331.45727	
825.914	348.97065	
826.302	418.97811	
826.69	323.95011	
827.079	411.48082	
827.467	326.45259	
827.855	381.48325	
828.243	366.47941	
828.631	443.96305	
829.019	391.48394	
829.407	418.97811	
829.795	316.4421	
830.182	413.98001	
830.57	333.95946	
830.958	301.42351	
831.345	391.48394	
831.733	323.95011	
832.12	378.98285	
832.508	348.97065	
832.895	341.46549	
833.283	436.46854	
833.67	363.97844	
834.057	376.48235	
834.444	386.48378	
834.831	391.48394	
835.218	293.91292	
835.605	418.97811	
835.992	393.98387	
836.379	373.98176	
836.766	356.47497	
837.152	398.98347	
837.539	361.47738	
837.926	303.92684	
838.312	348.97065	
838.699	383.98356	
839.085	416.47911	
839.472	366.47941	
839.858	393.98387	
840.244	401.48312	
840.63	408.98153	
841.017	448.95893	
841.403	333.95946	
841.789	333.95946	
842.175	336.46157	
842.561	356.47497	
842.946	321.44754	
843.332	373.98176	
843.718	388.98391	
844.104	313.93924	
844.489	353.97363	
844.875	371.48107	
845.26	353.97363	
845.646	316.4421	
846.031	283.89747	
846.416	348.97065	
846.802	461.44701	
847.187	343.9673	
847.572	328.95498	
847.957	343.9673	
848.342	401.48312	
848.727	346.46903	
849.112	323.95011	
849.497	376.48235	
849.882	353.97363	
850.266	426.47457	
850.651	383.98356	
851.036	388.98391	
851.42	413.98001	
851.805	328.95498	
852.189	353.97363	
852.574	353.97363	
852.958	351.47219	
853.342	378.98285	
853.726	431.47174	
854.11	418.97811	
854.495	343.9673	
854.879	356.47497	
855.263	416.47911	
855.646	361.47738	
856.03	341.46549	
856.414	353.97363	
856.798	363.97844	
857.181	363.97844	
857.565	331.45727	
857.949	436.46854	
858.332	368.98029	
858.716	408.98153	
859.099	378.98285	
859.482	316.4421	
859.866	358.97622	
860.249	346.46903	
860.632	386.48378	
861.015	331.45727	
861.398	358.97622	
861.781	366.47941	
862.164	453.95444	
862.547	408.98153	
862.929	366.47941	
863.312	446.46104	
863.695	393.98387	
864.077	343.9673	
864.46	406.48216	
864.842	418.97811	
865.225	353.97363	
865.607	393.98387	
865.99	403.98269	
866.372	398.98347	
866.754	376.48235	
867.136	318.94487	
867.518	423.97584	
867.9	323.95011	
868.282	321.44754	
868.664	313.93924	
869.046	401.48312	
869.428	308.93323	
869.809	433.97019	
870.191	391.48394	
870.573	403.98269	
870.954	381.48325	
871.336	411.48082	
871.717	378.98285	
872.099	356.47497	
872.48	398.98347	
872.861	311.43628	
873.242	396.48372	
873.623	351.47219	
874.004	408.98153	
874.385	366.47941	
874.766	346.46903	
875.147	378.98285	
875.528	376.48235	
875.909	406.48216	
876.29	348.97065	
876.67	378.98285	
877.051	361.47738	
877.431	373.98176	
877.812	378.98285	
878.192	391.48394	
878.573	371.48107	
878.953	326.45259	
879.333	413.98001	
879.713	381.48325	
880.093	376.48235	
880.473	386.48378	
880.853	368.98029	
881.233	398.98347	
881.613	381.48325	
881.993	348.97065	
882.373	378.98285	
882.753	341.46549	
883.132	346.46903	
883.512	321.44754	
883.891	361.47738	
884.271	371.48107	
884.65	401.48312	
885.029	313.93924	
885.409	356.47497	
885.788	366.47941	
886.167	351.47219	
886.546	451.45673	
886.925	313.93924	
887.304	423.97584	
887.683	383.98356	
888.062	351.47219	
888.441	471.43581	
888.82	398.98347	
889.198	448.95893	
889.577	313.93924	
889.955	336.46157	
890.334	331.45727	
890.712	361.47738	
891.091	281.39337	
891.469	463.94435	
891.847	308.93323	
892.226	401.48312	
892.604	356.47497	
892.982	331.45727	
893.36	393.98387	
893.738	336.46157	
894.116	416.47911	
894.493	343.9673	
894.871	426.47457	
895.249	358.97622	
895.627	363.97844	
896.004	373.98176	
896.382	403.98269	
896.759	323.95011	
897.137	396.48372	
897.514	418.97811	
897.891	373.98176	
898.269	373.98176	
898.646	338.96357	
899.023	413.98001	
899.4	306.43009	
899.777	383.98356	
900.154	398.98347	
900.531	371.48107	
900.908	398.98347	
901.284	418.97811	
901.661	383.98356	
902.038	351.47219	
902.414	336.46157	
902.791	391.48394	
903.167	351.47219	
903.544	463.94435	
903.92	351.47219	
904.296	348.97065	
904.672	386.48378	
905.049	341.46549	
905.425	368.98029	
905.801	316.4421	
906.177	351.47219	
906.553	368.98029	
906.929	301.42351	
907.304	391.48394	
907.68	418.97811	
908.056	366.47941	
908.431	396.48372	
908.807	376.48235	
909.182	376.48235	
909.558	421.47702	
909.933	413.98001	
910.309	348.97065	
910.684	333.95946	
911.059	323.95011	
911.434	411.48082	
911.809	338.96357	
912.184	331.45727	
912.559	338.96357	
912.934	348.97065	
913.309	311.43628	
913.684	331.45727	
914.058	381.48325	
914.433	391.48394	
914.808	451.45673	
915.182	376.48235	
915.557	391.48394	
915.931	361.47738	
916.305	396.48372	
916.68	406.48216	
917.054	413.98001	
917.428	411.48082	
917.802	376.48235	
918.176	408.98153	
918.55	293.91292	
918.924	333.95946	
919.298	411.48082	
919.672	388.98391	
920.045	316.4421	
920.419	403.98269	
920.793	378.98285	
921.166	351.47219	
921.54	371.48107	
921.913	438.96681	
922.287	358.97622	
922.66	311.43628	
923.033	381.48325	
923.406	336.46157	
923.78	331.45727	
924.153	341.46549	
924.526	361.47738	
924.899	386.48378	
925.271	313.93924	
925.644	356.47497	
926.017	311.43628	
926.39	356.47497	
926.762	343.9673	
927.135	388.98391	
927.508	408.98153	
927.88	336.46157	
928.252	338.96357	
928.625	373.98176	
928.997	361.47738	
929.369	356.47497	
929.741	293.91292	
930.114	381.48325	
930.486	418.97811	
930.858	351.47219	
931.229	458.94958	
931.601	413.98001	
931.973	351.47219	
932.345	391.48394	
932.717	326.45259	
933.088	436.46854	
933.46	373.98176	
933.831	366.47941	
934.203	366.47941	
934.574	338.96357	
934.945	368.98029	
935.317	348.97065	
935.688	413.98001	
936.059	328.95498	
936.43	371.48107	
936.801	366.47941	
937.172	406.48216	
937.543	403.98269	
937.914	361.47738	
938.284	371.48107	
938.655	413.98001	
939.026	423.97584	
939.396	358.97622	
939.767	356.47497	
940.137	361.47738	
940.508	328.95498	
940.878	378.98285	
941.248	356.47497	
941.618	383.98356	
941.989	471.43581	
942.359	391.48394	
942.729	376.48235	
943.099	393.98387	
943.469	393.98387	
943.838	376.48235	
944.208	371.48107	
944.578	378.98285	
944.948	348.97065	
945.317	453.95444	
945.687	393.98387	
946.056	376.48235	
946.426	456.45205	
946.795	421.47702	
947.164	323.95011	
947.533	368.98029	
947.903	418.97811	
948.272	333.95946	
948.641	341.46549	
949.01	363.97844	
949.379	426.47457	
949.748	376.48235	
950.116	298.92007	
950.485	436.46854	
950.854	388.98391	
951.222	433.97019	
951.591	423.97584	
951.959	331.45727	
952.328	393.98387	
952.696	366.47941	
953.065	353.97363	
953.433	433.97019	
953.801	436.46854	
954.169	353.97363	
954.537	308.93323	
954.905	393.98387	
955.273	358.97622	
955.641	403.98269	
956.009	328.95498	
956.377	321.44754	
956.744	398.98347	
957.112	366.47941	
957.479	388.98391	
957.847	286.40148	
958.214	366.47941	
958.582	311.43628	
958.949	433.97019	
959.316	386.48378	
959.684	368.98029	
960.051	428.9732	
960.418	401.48312	
960.785	358.97622	
961.152	413.98001	
961.519	421.47702	
961.885	391.48394	
962.252	431.47174	
962.619	346.46903	
962.986	408.98153	
963.352	316.4421	
963.719	346.46903	
964.085	436.46854	
964.452	368.98029	
964.818	436.46854	
965.184	383.98356	
965.55	408.98153	
965.916	403.98269	
966.283	341.46549	
966.649	398.98347	
967.015	448.95893	
967.38	381.48325	
967.746	318.94487	
968.112	396.48372	
968.478	356.47497	
968.843	361.47738	
969.209	326.45259	
969.575	351.47219	
969.94	378.98285	
970.305	373.98176	
970.671	326.45259	
971.036	368.98029	
971.401	406.48216	
971.766	381.48325	
972.132	343.9673	
972.497	383.98356	
972.862	331.45727	
973.227	338.96357	
973.591	401.48312	
973.956	338.96357	
974.321	313.93924	
974.686	321.44754	
975.05	386.48378	
975.415	391.48394	
975.779	281.39337	
976.144	383.98356	
976.508	356.47497	
976.872	388.98391	
977.236	391.48394	
977.601	386.48378	
977.965	398.98347	
978.329	318.94487	
978.693	316.4421	
979.057	321.44754	
979.421	408.98153	
979.784	326.45259	
980.148	406.48216	
980.512	388.98391	
980.875	411.48082	
981.239	316.4421	
981.602	393.98387	
981.966	408.98153	
982.329	446.46104	
982.692	411.48082	
983.056	413.98001	
983.419	353.97363	
983.782	391.48394	
984.145	388.98391	
984.508	366.47941	
984.871	328.95498	
985.234	373.98176	
985.597	391.48394	
985.959	361.47738	
986.322	408.98153	
986.685	361.47738	
987.047	328.95498	
987.41	291.4092	
987.772	461.44701	
988.134	396.48372	
988.497	381.48325	
988.859	356.47497	
989.221	341.46549	
989.583	326.45259	
989.945	408.98153	
990.307	361.47738	
990.669	313.93924	
991.031	416.47911	
991.393	348.97065	
991.755	341.46549	
992.116	416.47911	
992.478	348.97065	
992.839	368.98029	
993.201	326.45259	
993.562	456.45205	
993.924	368.98029	
994.285	396.48372	
994.646	361.47738	
995.007	378.98285	
995.369	328.95498	
995.73	391.48394	
996.091	403.98269	
996.451	341.46549	
996.812	406.48216	
997.173	336.46157	
997.534	356.47497	
997.895	393.98387	
998.255	351.47219	
998.616	438.96681	
998.976	333.95946	
999.337	398.98347	
999.697	413.98001	
1000.057	371.48107	
1000.418	391.48394	
1000.778	408.98153	
1001.138	351.47219	
1001.498	413.98001	
1001.858	361.47738	
1002.218	301.42351	
1002.578	396.48372	
1002.937	371.48107	
1003.297	383.98356	
1003.657	311.43628	
1004.016	336.46157	
1004.376	388.98391	
1004.735	346.46903	
1005.095	338.96357	
1005.454	386.48378	
1005.813	368.98029	
1006.173	296.41655	
1006.532	353.97363	
1006.891	331.45727	
1007.25	418.97811	
1007.609	286.40148	
1007.968	403.98269	
1008.327	468.93875	
1008.686	376.48235	
1009.044	321.44754	
1009.403	313.93924	
1009.762	358.97622	
1010.12	321.44754	
1010.479	438.96681	
1010.837	371.48107	
1011.195	383.98356	
1011.554	426.47457	
1011.912	386.48378	
1012.27	386.48378	
1012.628	346.46903	
1012.986	353.97363	
1013.344	313.93924	
1013.702	363.97844	
1014.06	323.95011	
1014.418	438.96681	
1014.775	458.94958	
1015.133	363.97844	
1015.491	368.98029	
1015.848	343.9673	
1016.206	421.47702	
1016.563	381.48325	
1016.92	363.97844	
1017.278	386.48378	
1017.635	343.9673	
1017.992	401.48312	
1018.349	346.46903	
1018.706	358.97622	
1019.063	453.95444	
1019.42	343.9673	
1019.777	366.47941	
1020.134	458.94958	
1020.49	371.48107	
1020.847	388.98391	
1021.203	398.98347	
1021.56	438.96681	
1021.916	371.48107	
1022.273	406.48216	
1022.629	426.47457	
1022.985	411.48082	
1023.342	461.44701	
1023.698	386.48378	
1024.054	393.98387	
1024.41	318.94487	
1024.766	391.48394	
1025.122	396.48372	
1025.477	373.98176	
1025.833	343.9673	
1026.189	341.46549	
1026.545	376.48235	
1026.9	323.95011	
1027.256	398.98347	
1027.611	313.93924	
1027.966	366.47941	
1028.322	383.98356	
1028.677	343.9673	
1029.032	341.46549	
1029.387	428.9732	
1029.742	438.96681	
1030.097	363.97844	
1030.452	323.95011	
1030.807	341.46549	
1031.162	326.45259	
1031.517	361.47738	
1031.871	303.92684	
1032.226	358.97622	
1032.581	358.97622	
1032.935	358.97622	
