Absorbance:264		
187.856	-1.59274	
188.32	-1.59274	
188.785	-1.59274	
189.249	-0.4643	
189.713	-0	
190.178	0.43451	
190.642	-0.03756	
191.106	-0.11887	
191.57	0.66009	
192.034	-0	
192.498	-0.00439	
192.963	-0.32462	
193.427	-0	
193.89	0.36864	
194.354	-0.03078	
194.818	-1.28574	
195.282	-0	
195.746	0.14148	
196.21	-0	
196.673	-0.0415	
197.137	-0	
197.601	0.35265	
198.064	-1.83615	
198.528	0.09594	
198.991	-0.04013	
199.454	0.04103	
199.918	0.01455	
200.381	-0.03699	
200.844	-0.02681	
201.308	-0.01209	
201.771	0.00643	
202.234	0.04062	
202.697	0.00895	
203.16	-0.05773	
203.623	-0.01113	
204.086	-0.05326	
204.549	0.0276	
205.012	-0.04049	
205.475	-0.00381	
205.938	0.00333	
206.4	0.06633	
206.863	0.06022	
207.326	-0.01825	
207.788	0.04025	
208.251	0.03781	
208.714	0.04664	
209.176	0.02047	
209.639	0.01825	
210.101	0.02034	
210.563	0.04394	
211.026	-0.04791	
211.488	0.03241	
211.95	0.06308	
212.412	0.01398	
212.874	0.0114	
213.337	-0.00636	
213.799	0.03041	
214.261	-0.0314	
214.723	0.01001	
215.184	0.00624	
215.646	-0.00732	
216.108	-0.02922	
216.57	0.00972	
217.032	-0.01438	
217.493	0.00291	
217.955	0.00171	
218.417	-0.00364	
218.878	-0.00562	
219.34	-0.00284	
219.801	0.00208	
220.263	-0.00198	
220.724	0.00786	
221.185	-0.00071	
221.647	-0.00545	
222.108	0.00247	
222.569	0.00146	
223.03	0.00299	
223.491	0.00186	
223.952	-0.00012	
224.413	0.0025	
224.874	0.00358	
225.335	-0.00485	
225.796	0.00295	
226.257	-0.00172	
226.718	0.0007	
227.179	0.00312	
227.639	-0.00471	
228.1	0.00404	
228.561	-0.00062	
229.021	0.00128	
229.482	0.00254	
229.942	-0	
230.403	0.00307	
230.863	0.00058	
231.323	-0.00073	
231.784	0.00215	
232.244	-0.00107	
232.704	-0.0001	
233.164	0.00213	
233.625	0.00306	
234.085	0.00371	
234.545	-0.00306	
235.005	-0.00461	
235.465	-0.00259	
235.925	-0.00092	
236.384	0.00158	
236.844	-0.00053	
237.304	-0.00284	
237.764	-0.00038	
238.223	0.00722	
238.683	0.00617	
239.143	0.00536	
239.602	0.00612	
240.062	-0.00248	
240.521	0.00301	
240.98	0.00592	
241.44	-0.00243	
241.899	0.00261	
242.358	0.00059	
242.818	-0.00047	
243.277	0.00183	
243.736	0.00429	
244.195	0.00395	
244.654	0.00331	
245.113	-0.00243	
245.572	0.00213	
246.031	0.00378	
246.49	-0.00641	
246.949	-0.00254	
247.408	0.00602	
247.866	0.00346	
248.325	0.00121	
248.784	-0.004	
249.242	0.0026	
249.701	0.00198	
250.159	-0.00339	
250.618	-0.0005	
251.076	-0.0056	
251.534	0.00374	
251.993	0.00058	
252.451	0.00226	
252.909	0.00471	
253.368	0.0011	
253.826	-0.00138	
254.284	0.00464	
254.742	0.0033	
255.2	0.00179	
255.658	-0.00319	
256.116	0.0005	
256.574	0.00592	
257.031	0.00022	
257.489	0.00323	
257.947	-0.00226	
258.405	0.00157	
258.862	-0.0006	
259.32	0.00096	
259.777	-0.00149	
260.235	-0.00028	
260.692	0.00165	
261.15	0.00291	
261.607	0.00136	
262.065	-0.00245	
262.522	0.00178	
262.979	0.00295	
263.436	0.00144	
263.893	0.00622	
264.351	-0.00137	
264.808	0.00083	
265.265	0.00296	
265.722	0.00028	
266.178	-0.00299	
266.635	0.00384	
267.092	0.00048	
267.549	0.00475	
268.006	0.00356	
268.462	-0.00419	
268.919	0.00155	
269.376	0.00187	
269.832	0.00176	
270.289	0.00604	
270.745	0.00066	
271.202	-0.00076	
271.658	-0.00139	
272.114	-0.00084	
272.571	0.00089	
273.027	0.00325	
273.483	-0.00086	
273.939	0.00239	
274.395	0.00068	
274.851	-0.00176	
275.307	-0.00043	
275.763	0.00085	
276.219	0.00214	
276.675	-0.00023	
277.131	0.00332	
277.587	0.00412	
278.042	-0.00204	
278.498	0.00212	
278.954	0.00142	
279.409	-0.00067	
279.865	-0.00169	
280.32	-0.00119	
280.776	-0.00003	
281.231	0.00047	
281.687	0.0001	
282.142	0.00608	
282.597	0.00219	
283.052	-0.00056	
283.508	0.00378	
283.963	0.00221	
284.418	0.00397	
284.873	0.0028	
285.328	-0.00208	
285.783	0.00075	
286.238	0.00043	
286.693	0.0025	
287.147	0.00029	
287.602	0.00466	
288.057	0.0018	
288.512	0.00129	
288.966	0.00126	
289.421	0.00107	
289.875	-0.00243	
290.33	0.0005	
290.784	0.00578	
291.239	0.00338	
291.693	-0.00156	
292.147	0.00521	
292.602	0.0015	
293.056	0.00096	
293.51	0.00612	
293.964	0.0093	
294.418	0.00402	
294.872	-0.00078	
295.326	0.00107	
295.78	0.00177	
296.234	-0.00014	
296.688	0.00203	
297.142	0.00231	
297.595	0.00266	
298.049	0.00419	
298.503	-0.0014	
298.956	0.00428	
299.41	0.00224	
299.863	0.00051	
300.317	0.00488	
300.77	0.00597	
301.224	0.00651	
301.677	0.00472	
302.13	0.00733	
302.584	0.00096	
303.037	0.00021	
303.49	0.0007	
303.943	0.00321	
304.396	0.00176	
304.849	-0.00225	
305.302	-0.00327	
305.755	0.00289	
306.208	-0.0016	
306.661	0.00311	
307.114	0.00254	
307.566	0.0028	
308.019	0.00412	
308.472	0.00031	
308.924	0.00036	
309.377	0.0034	
309.829	0.00632	
310.282	0.00152	
310.734	0.00022	
311.187	0.00158	
311.639	0.0011	
312.091	-0.00013	
312.543	0.00188	
312.995	0.00531	
313.448	-0.0008	
313.9	-0.00058	
314.352	0.00439	
314.804	0.00174	
315.256	0.00402	
315.708	-0.0044	
316.159	0.00459	
316.611	0.00043	
317.063	-0.00038	
317.515	-0.00966	
317.966	0.00661	
318.418	-0.00128	
318.87	0.00176	
319.321	0.00311	
319.773	-0.00218	
320.224	-0.00219	
320.675	-0.00032	
321.127	0.00008	
321.578	0.00284	
322.029	0.00306	
322.48	0.00559	
322.932	0.00502	
323.383	0.00346	
323.834	0.00377	
324.285	0.00445	
324.736	0.00312	
325.187	0.00185	
325.638	0.00905	
326.088	0.00048	
326.539	-0.0029	
326.99	-0.00409	
327.441	-0.00284	
327.891	-0.00035	
328.342	-0.00159	
328.792	0.0049	
329.243	0.00462	
329.693	-0.00209	
330.144	-0.00633	
330.594	0.00376	
331.044	0.0026	
331.495	-0.00488	
331.945	-0.00793	
332.395	0.00235	
332.845	-0.00525	
333.295	0.0061	
333.745	-0.00221	
334.195	0.00366	
334.645	0.00136	
335.095	0.00386	
335.545	0.0015	
335.995	0.00011	
336.444	0.00417	
336.894	0.00849	
337.344	0.00582	
337.793	0.00488	
338.243	-0.00561	
338.692	-0.00175	
339.142	0.00191	
339.591	-0.00349	
340.041	0.00324	
340.49	-0.00357	
340.939	-0.00063	
341.388	0.00249	
341.838	0.00183	
342.287	-0.00041	
342.736	-0.00092	
343.185	0.00147	
343.634	0.0027	
344.083	0.00271	
344.532	0.00135	
344.981	0.00815	
345.429	0.00098	
345.878	0.00535	
346.327	0.00114	
346.776	0.00659	
347.224	0.00245	
347.673	-0.00666	
348.121	0.00145	
348.57	0.00495	
349.018	0.00282	
349.467	0.00613	
349.915	0.00118	
350.363	-0.00065	
350.811	-0.00321	
351.26	-0.00341	
351.708	0.00365	
352.156	0.0084	
352.604	0.00084	
353.052	-0.00395	
353.5	0.00812	
353.948	-0.00214	
354.396	0.00055	
354.843	0.0048	
355.291	-0.00239	
355.739	0.00389	
356.186	-0.0037	
356.634	-0.00122	
357.082	0.00529	
357.529	0.00665	
357.977	0.0035	
358.424	-0.00418	
358.871	0.00122	
359.319	-0.00046	
359.766	0.00323	
360.213	-0.00506	
360.661	0.00546	
361.108	-0.00301	
361.555	0.00251	
362.002	0.00333	
362.449	-0.00351	
362.896	0.00017	
363.343	-0.0023	
363.79	0.00134	
364.236	-0.00902	
364.683	-0.00157	
365.13	0.00949	
365.577	-0.00119	
366.023	0.00211	
366.47	-0.00175	
366.916	-0.0019	
367.363	-0.00196	
367.809	-0.00463	
368.256	0.00355	
368.702	-0.00657	
369.148	0.00276	
369.594	-0.00327	
370.041	0.00609	
370.487	-0.00005	
370.933	-0.00077	
371.379	-0.00086	
371.825	-0.00737	
372.271	0.00162	
372.717	-0.00059	
373.163	-0.0015	
373.608	-0.00434	
374.054	-0.00512	
374.5	0.00086	
374.946	-0.00403	
375.391	0.00113	
375.837	-0.00028	
376.282	0.00059	
376.728	0.00794	
377.173	-0.00762	
377.618	-0.00001	
378.064	-0.00251	
378.509	0.00349	
378.954	-0.00272	
379.4	-0.00269	
379.845	-0.00728	
380.29	0.00193	
380.735	-0.00188	
381.18	-0.01	
381.625	0.00783	
382.07	0.00164	
382.514	0.00516	
382.959	-0.00499	
383.404	0.0045	
383.849	0.00477	
384.293	-0.00252	
384.738	0.00313	
385.183	0.00414	
385.627	0.00092	
386.072	-0.00274	
386.516	0.00024	
386.96	-0.00895	
387.405	-0.00211	
387.849	-0.00039	
388.293	0.00169	
388.737	0.00121	
389.181	0.00161	
389.626	-0.00193	
390.07	-0.00269	
390.514	-0.00193	
390.957	0.00288	
391.401	0.00365	
391.845	-0.002	
392.289	0.00024	
392.733	-0.00251	
393.176	-0.00963	
393.62	0.00063	
394.064	0.00065	
394.507	-0.00422	
394.951	-0.00941	
395.394	0.0064	
395.838	0.00031	
396.281	-0.00032	
396.724	0.00344	
397.168	0.00225	
397.611	-0.00311	
398.054	-0.00562	
398.497	0.00184	
398.94	0.00397	
399.383	-0.0063	
399.826	-0.00022	
400.269	-0.01025	
400.712	-0.0022	
401.155	0.00373	
401.597	0.00263	
402.04	-0.00577	
402.483	0.00511	
402.925	0.0001	
403.368	0.0061	
403.811	0.00229	
404.253	-0.00112	
404.696	-0.00273	
405.138	-0.00444	
405.58	0.00433	
406.023	0.00032	
406.465	0.00579	
406.907	-0.00146	
407.349	0.00804	
407.791	-0.00394	
408.233	-0.00815	
408.675	0.00033	
409.117	0.00993	
409.559	0.00079	
410.001	-0.00408	
410.443	-0.00428	
410.885	0.00185	
411.326	0.00425	
411.768	-0.00173	
412.21	0.00166	
412.651	-0.00116	
413.093	-0.00381	
413.534	-0.00024	
413.975	-0.00658	
414.417	0.00298	
414.858	0.00645	
415.299	-0.00072	
415.741	0.00148	
416.182	0.00177	
416.623	-0.00631	
417.064	0.00652	
417.505	-0.00349	
417.946	-0.001	
418.387	0.00349	
418.828	0.00597	
419.269	-0.00202	
419.709	0.0064	
420.15	-0.00207	
420.591	0.00024	
421.031	-0.00351	
421.472	0.01126	
421.913	-0.00354	
422.353	0.00264	
422.794	0.00756	
423.234	-0.0014	
423.674	-0.00706	
424.115	0.00544	
424.555	0.00556	
424.995	0.00454	
425.435	0.00526	
425.875	-0.00601	
426.315	0.0038	
426.755	0.0042	
427.195	-0.00906	
427.635	-0.00506	
428.075	-0.00998	
428.515	0.01274	
428.955	-0.00287	
429.394	-0.00442	
429.834	-0.00332	
430.274	0.0091	
430.713	-0.00598	
431.153	0.00803	
431.592	0.00148	
432.031	0.00587	
432.471	0.00695	
432.91	-0.00013	
433.349	-0.00172	
433.789	0.01184	
434.228	0.00546	
434.667	0.00992	
435.106	0.01202	
435.545	0.00057	
435.984	-0.00202	
436.423	-0.00242	
436.862	-0.00303	
437.301	-0.00388	
437.739	0.0085	
438.178	0.0075	
438.617	0.00153	
439.055	0.00159	
439.494	0.00671	
439.932	-0.00737	
440.371	-0.00287	
440.809	0.00657	
441.248	0.00238	
441.686	0.00149	
442.124	0.00025	
442.563	0.01047	
443.001	-0.01615	
443.439	-0.002	
443.877	0.00243	
444.315	0.00357	
444.753	0.00523	
445.191	0.00829	
445.629	-0.00314	
446.067	0.01086	
446.504	-0.00591	
446.942	0.00259	
447.38	-0.0027	
447.817	0.00096	
448.255	0.00077	
448.693	0.00653	
449.13	-0.00771	
449.568	-0.00001	
450.005	-0.00669	
450.442	0.00514	
450.88	-0.0047	
451.317	0.00344	
451.754	-0.00162	
452.191	0.00348	
452.628	0.00529	
453.065	-0.00389	
453.502	-0.00137	
453.939	-0.00119	
454.376	-0.01006	
454.813	-0.001	
455.25	0.01693	
455.686	-0.0019	
456.123	0.00442	
456.56	-0.00833	
456.996	0.00694	
457.433	0.00371	
457.869	0.00087	
458.306	0.00403	
458.742	0.00234	
459.179	0.00716	
459.615	-0.00379	
460.051	0.00367	
460.487	0.01244	
460.924	0.00266	
461.36	0.0018	
461.796	0.00362	
462.232	0.00375	
462.668	0.0049	
463.104	0.00538	
463.539	-0.0015	
463.975	0.00254	
464.411	0.00466	
464.847	-0.00423	
465.282	-0.00127	
465.718	0.00826	
466.153	0.00214	
466.589	-0.00064	
467.024	-0.00162	
467.46	-0.00059	
467.895	-0.00078	
468.33	-0.00611	
468.766	-0.00084	
469.201	0.00356	
469.636	0.00238	
470.071	0.0104	
470.506	0.00709	
470.941	0.00312	
471.376	0.00457	
471.811	0.00468	
472.246	0.01776	
472.681	0.00382	
473.115	0.00418	
473.55	0.00039	
473.985	0.00248	
474.419	0.01037	
474.854	-0.00561	
475.288	0.00596	
475.723	0.00112	
476.157	0.01806	
476.592	0.00518	
477.026	0.00693	
477.46	0.00616	
477.894	0.00398	
478.329	0.00971	
478.763	-0.00428	
479.197	0.0021	
479.631	0.00288	
480.065	-0.00284	
480.499	0.00045	
480.932	0.00469	
481.366	0.00764	
481.8	0.00026	
482.234	-0.00035	
482.667	0.00562	
483.101	0.0054	
483.535	0.00302	
483.968	-0.00043	
484.401	0.00336	
484.835	-0.00139	
485.268	0.0037	
485.702	0.01065	
486.135	0.00053	
486.568	0.01134	
487.001	-0.00313	
487.434	-0.00192	
487.867	0.00873	
488.3	-0.0013	
488.733	0.00206	
489.166	-0.00144	
489.599	0.00197	
490.032	0.01083	
490.464	0.00933	
490.897	0.00061	
491.33	-0.00039	
491.762	-0.00383	
492.195	0.00512	
492.627	0.00542	
493.06	0.00477	
493.492	0.00221	
493.925	0.00623	
494.357	-0.00141	
494.789	0.00392	
495.221	-0.00012	
495.653	-0.00037	
496.086	0.00872	
496.518	0.00886	
496.95	0.00253	
497.382	0.00736	
497.813	-0.00116	
498.245	-0.00112	
498.677	0.0074	
499.109	0.00061	
499.54	0.00452	
499.972	0.00451	
500.404	0.01016	
500.835	0.00247	
501.267	-0.00004	
501.698	0.00402	
502.129	0.00116	
502.561	-0.00212	
502.992	0.00052	
503.423	-0.00311	
503.855	0.00125	
504.286	0.00673	
504.717	0.00473	
505.148	-0.00518	
505.579	-0.00231	
506.01	-0.003	
506.441	0.00389	
506.871	-0.00517	
507.302	0.00693	
507.733	0.00604	
508.163	0.00548	
508.594	0.00274	
509.025	0.00329	
509.455	0.00085	
509.886	0.00626	
510.316	0.00278	
510.746	0.00497	
511.177	0.00376	
511.607	0.00494	
512.037	0.00564	
512.467	0.00394	
512.898	0.00971	
513.328	0.0037	
513.758	0.00293	
514.188	-0.00233	
514.617	0.00091	
515.047	-0	
515.477	0.00745	
515.907	0.00512	
516.337	0.00348	
516.766	0.00374	
517.196	0.00156	
517.625	0.00066	
518.055	0.00245	
518.484	-0.00169	
518.914	-0.0007	
519.343	-0.00116	
519.772	-0.00222	
520.202	0.00049	
520.631	0.00641	
521.06	0.0042	
521.489	-0.00037	
521.918	0.00384	
522.347	0.00383	
522.776	0.00148	
523.205	-0.00107	
523.634	0.00956	
524.063	0.00185	
524.491	0.00513	
524.92	-0.00157	
525.349	0.00114	
525.777	0.00447	
526.206	0.00465	
526.634	-0.00238	
527.063	0.00035	
527.491	0.00839	
527.919	0.00308	
528.348	0.00539	
528.776	-0.00214	
529.204	0.00159	
529.632	0.00594	
530.06	0.00446	
530.488	0.00474	
530.916	0.00594	
531.344	0.00401	
531.772	0.00585	
532.2	0.0048	
532.627	0.00657	
533.055	0.01122	
533.483	0.00214	
533.91	0.00958	
534.338	0.00521	
534.765	0.00099	
535.193	-0.00213	
535.62	-0.0001	
536.048	0.00464	
536.475	-0.00512	
536.902	0.00694	
537.329	0.00311	
537.757	-0.00414	
538.184	0.00885	
538.611	0.00437	
539.038	0.0044	
539.465	0.00959	
539.892	0.00125	
540.318	0.00166	
540.745	0.00265	
541.172	0.00053	
541.599	0.00394	
542.025	0.00658	
542.452	0.0008	
542.878	0.00354	
543.305	0.00811	
543.731	-0.00411	
544.158	0.00975	
544.584	0.00384	
545.01	0.00627	
545.436	0.0049	
545.862	0.00363	
546.289	0.00625	
546.715	-0.00217	
547.141	0.0052	
547.567	0.00054	
547.993	0.00757	
548.418	0.00786	
548.844	0.0098	
549.27	0.00615	
549.696	0.00014	
550.121	0.00223	
550.547	0.00017	
550.972	-0.00248	
551.398	0.00475	
551.823	0.00611	
552.249	0.00942	
552.674	0.00083	
553.099	-0.00017	
553.525	-0	
553.95	0.00201	
554.375	0.00559	
554.8	0.01064	
555.225	0.00451	
555.65	0.00203	
556.075	0.00559	
556.5	0.00062	
556.925	-0.00166	
557.349	0.0083	
557.774	0.00224	
558.199	0.00741	
558.623	0.00141	
559.048	0.00463	
559.472	0.00768	
559.897	0.011	
560.321	0.01466	
560.746	0.0037	
561.17	0.0092	
561.594	0.00312	
562.018	0.00727	
562.443	0.00226	
562.867	0.00293	
563.291	0.00629	
563.715	0.00963	
564.139	0.00534	
564.562	0.00434	
564.986	0.00601	
565.41	0.00489	
565.834	-0.00279	
566.257	0.00555	
566.681	0.00613	
567.105	-0.00185	
567.528	0.00242	
567.952	0.00063	
568.375	0.00539	
568.798	0.00262	
569.222	0.00123	
569.645	0.00179	
570.068	0.00345	
570.491	0.00547	
570.914	0.0026	
571.337	0.00051	
571.76	0.00051	
572.183	0.0043	
572.606	0.0015	
573.029	0.00278	
573.452	0.00776	
573.875	0.0049	
574.297	-0.00035	
574.72	0.0033	
575.143	0.0022	
575.565	0.00695	
575.988	-0.00052	
576.41	0.00511	
576.832	0.00408	
577.255	0.00206	
577.677	-0.00026	
578.099	0.00061	
578.521	0.00869	
578.943	0.00225	
579.365	0.00428	
579.787	0.0034	
580.209	-0	
580.631	0.00416	
581.053	-0.00031	
581.475	0.00657	
581.897	-0.0002	
582.318	0.00807	
582.74	0.00281	
583.162	0.00582	
583.583	-0.00289	
584.005	0.00493	
584.426	-0.00154	
584.847	-0.00024	
585.269	0.00541	
585.69	0.00228	
586.111	0.00272	
586.532	0.00459	
586.954	0.00201	
587.375	0.00138	
587.796	0.0015	
588.217	-0.00082	
588.637	0.0066	
589.058	-0.00136	
589.479	0.00407	
589.9	0.00409	
590.32	0.00358	
590.741	0.00143	
591.162	-0.00094	
591.582	0.00885	
592.003	0.00488	
592.423	0.00471	
592.844	0.00447	
593.264	-0.00314	
593.684	0.00265	
594.104	-0.00189	
594.524	0.00442	
594.945	0.00275	
595.365	-0.00038	
595.785	0.00434	
596.205	0.0053	
596.625	0.00124	
597.044	0.00755	
597.464	-0.00031	
597.884	0.00038	
598.304	0.00117	
598.723	0.00673	
599.143	-0.00314	
599.562	0.00353	
599.982	0.00786	
600.401	0.00355	
600.821	0.00733	
601.24	0.00588	
601.659	0.00572	
602.078	0.0045	
602.498	0.00586	
602.917	0.00372	
603.336	0.00766	
603.755	0.00373	
604.174	0.00043	
604.593	-0.00189	
605.011	0.00416	
605.43	-0.00026	
605.849	0.00173	
606.268	0.00313	
606.686	0.00249	
607.105	0.0046	
607.523	0.00456	
607.942	0.00376	
608.36	0.00243	
608.779	0.00363	
609.197	0.0023	
609.615	0.0034	
610.033	0.0033	
610.451	0.00107	
610.87	0.00382	
611.288	0.00818	
611.706	0.00588	
612.124	0.00459	
612.541	0.00351	
612.959	0.00495	
613.377	0.00614	
613.795	0.00125	
614.212	-0.00024	
614.63	0.00656	
615.048	0.00402	
615.465	0.00221	
615.883	-0.00096	
616.3	0.00421	
616.717	0.00186	
617.135	0.00339	
617.552	-0.00064	
617.969	0.00348	
618.386	-0.00388	
618.803	0.00021	
619.22	0.00796	
619.637	0.00534	
620.054	0.00214	
620.471	-0.00159	
620.888	0.00324	
621.305	0.00436	
621.721	0.00256	
622.138	0.00427	
622.555	0.00935	
622.971	0.00217	
623.388	0.00258	
623.804	-0.00038	
624.221	0.00499	
624.637	0.00429	
625.053	0.00506	
625.47	-0.00045	
625.886	0.00007	
626.302	0.0036	
626.718	0.00007	
627.134	0.00037	
627.55	0.00747	
627.966	0.00089	
628.382	0.00392	
628.797	0.00363	
629.213	0.00537	
629.629	0.00423	
630.045	0.00477	
630.46	0.00166	
630.876	0.00756	
631.291	0.00422	
631.707	-0.00169	
632.122	0.00044	
632.537	0.00075	
632.953	0.00361	
633.368	0.00723	
633.783	0.00539	
634.198	0.0051	
634.613	0.00356	
635.028	0.00276	
635.443	0.00588	
635.858	0.00348	
636.273	0.00527	
636.688	0.00028	
637.102	-0.0034	
637.517	-0.00099	
637.932	0.0011	
638.346	0.00227	
638.761	-0.00045	
639.175	0.00134	
639.59	0.00541	
640.004	0.00223	
640.418	0.00389	
640.832	0.00663	
641.247	0.00114	
641.661	0.00277	
642.075	0.00185	
642.489	0.00381	
642.903	-0.00026	
643.317	0.00183	
643.731	0.00713	
644.145	0.00713	
644.558	0.00094	
644.972	0.00265	
645.386	0.00427	
645.799	0.0097	
646.213	0.00483	
646.626	0.00307	
647.04	-0.00021	
647.453	0.00065	
647.866	0.0056	
648.28	0.00399	
648.693	0.00607	
649.106	0.00247	
649.519	0.00531	
649.932	0.00222	
650.345	0.00028	
650.758	0.00247	
651.171	0.00102	
651.584	0.00133	
651.997	0.00385	
652.41	0.00624	
652.822	0.00421	
653.235	0.00543	
653.647	0.00861	
654.06	0.00254	
654.472	0.00046	
654.885	0.00751	
655.297	0.00272	
655.71	0.00325	
656.122	0.0001	
656.534	0.00058	
656.946	0.00749	
657.358	0.00452	
657.77	-0.00026	
658.182	0.0003	
658.594	0.00516	
659.006	0.00242	
659.418	0.00504	
659.83	0.00208	
660.241	0.00516	
660.653	0.00625	
661.065	-0.00012	
661.476	0.00245	
661.888	-0.00063	
662.299	0.00392	
662.71	0.00447	
663.122	0.00227	
663.533	0.00799	
663.944	0.00618	
664.355	0.00077	
664.767	0.0024	
665.178	0.00549	
665.589	0.0011	
666	0.0039	
666.41	0.00269	
666.821	0.00557	
667.232	0.00544	
667.643	-0.00215	
668.053	-0.00073	
668.464	-0.00297	
668.875	0.00416	
669.285	0.00656	
669.696	0.00063	
670.106	0.00677	
670.516	0.00748	
670.927	0.00201	
671.337	0.00669	
671.747	0.00201	
672.157	0.0036	
672.567	0.00142	
672.977	0.0035	
673.387	-0.00294	
673.797	-0	
674.207	0.00865	
674.617	0.00699	
675.027	0.00477	
675.436	-0.00127	
675.846	0.00358	
676.256	0.00042	
676.665	0.00222	
677.075	0.00475	
677.484	0.00551	
677.893	0.00635	
678.303	0.00102	
678.712	0.00546	
679.121	0.00491	
679.53	0.00058	
679.939	0.0003	
680.348	0.00189	
680.757	0.00842	
681.166	0.00098	
681.575	0.00145	
681.984	0.00136	
682.393	0.00154	
682.802	0.00757	
683.21	0.00727	
683.619	0.00534	
684.027	0.00229	
684.436	0.00463	
684.844	-0.00133	
685.253	0.00121	
685.661	0.00558	
686.069	0.00079	
686.477	0.00374	
686.886	0.00793	
687.294	0.00644	
687.702	0.00599	
688.11	0.00393	
688.518	0.00488	
688.926	0.0044	
689.333	-0.00181	
689.741	0.00458	
690.149	0.0058	
690.557	0.01058	
690.964	0.00403	
691.372	0.00248	
691.779	0.00696	
692.187	0.00314	
692.594	0.00921	
693.001	0.0049	
693.409	0.00747	
693.816	0.00398	
694.223	0.00292	
694.63	0.005	
695.037	-0.00083	
695.444	0.00297	
695.851	-0.00067	
696.258	0.00447	
696.665	0.00325	
697.072	0.00407	
697.479	0.00597	
697.885	0.00406	
698.292	0.00247	
698.698	0.00014	
699.105	0.00259	
699.511	0.0046	
699.918	0.00031	
700.324	0.00479	
700.73	0.00781	
701.137	0.00486	
701.543	-0.00096	
701.949	0.00128	
702.355	-0.00757	
702.761	0.00857	
703.167	0.00164	
703.573	-0.00317	
703.979	0.00048	
704.385	0.01132	
704.79	0.0053	
705.196	0.00187	
705.602	0.00524	
706.007	0.00523	
706.413	0.00477	
706.818	0.0024	
707.224	0.00286	
707.629	-0.00186	
708.034	-0.00141	
708.439	0.00241	
708.845	0.00055	
709.25	0.00059	
709.655	0.00535	
710.06	-0.00195	
710.465	0.0027	
710.87	-0.00029	
711.275	0.00135	
711.679	0.005	
712.084	0.00666	
712.489	0.0034	
712.893	0.00199	
713.298	0.00405	
713.702	0.00076	
714.107	0.00633	
714.511	0.00152	
714.916	0.00483	
715.32	0.00577	
715.724	0.00098	
716.128	0.00166	
716.533	0.00327	
716.937	-0.00034	
717.341	0.00751	
717.745	0.00442	
718.149	0.00427	
718.552	-0.00061	
718.956	0.00182	
719.36	0.00419	
719.764	0.00246	
720.167	0.0061	
720.571	0.00439	
720.974	0.01135	
721.378	0.0009	
721.781	0.00298	
722.185	0.00205	
722.588	0.00007	
722.991	0.00592	
723.394	0.00857	
723.797	0.00313	
724.2	0.00223	
724.603	0.00511	
725.006	-0.00145	
725.409	0.00103	
725.812	0.00386	
726.215	0.00856	
726.618	0.00345	
727.02	0.00108	
727.423	-0.00084	
727.826	0.0053	
728.228	0.00299	
728.631	0.00096	
729.033	0.0045	
729.435	0.0027	
729.838	-0.00032	
730.24	0.00698	
730.642	-0.00549	
731.044	0.0029	
731.446	0.0062	
731.848	0.00075	
732.25	0.00169	
732.652	0.00545	
733.054	0.00198	
733.456	0.00387	
733.857	0.0037	
734.259	0.00273	
734.661	0.00307	
735.062	0.00667	
735.464	0.00257	
735.865	0.00478	
736.267	0.00154	
736.668	0.00575	
737.069	-0.0006	
737.47	0.00402	
737.872	0.00175	
738.273	-0.00347	
738.674	0.0001	
739.075	0.00568	
739.476	-0.0008	
739.877	-0.00051	
740.278	0.00559	
740.678	0.00379	
741.079	0.00285	
741.48	0.00345	
741.88	0.00151	
742.281	0.00167	
742.681	0.00327	
743.082	0.00328	
743.482	-0.00083	
743.882	0.00261	
744.283	0.00476	
744.683	0.00264	
745.083	-0.00045	
745.483	0.00629	
745.883	-0.00103	
746.283	0.0027	
746.683	0.01013	
747.083	0.0034	
747.483	-0.00125	
747.883	-0.00316	
748.282	0.00352	
748.682	0.00574	
749.082	0.00373	
749.481	0.00633	
749.881	0.00005	
750.28	0.00039	
750.679	0.0014	
751.079	0.00153	
751.478	0.00487	
751.877	0.00377	
752.276	0.00288	
752.675	0.00228	
753.074	0.00454	
753.473	-0.00118	
753.872	0.0025	
754.271	0.00114	
754.67	0.00614	
755.069	0.00444	
755.467	-0.00187	
755.866	0.00683	
756.265	0.00437	
756.663	0.00557	
757.062	0.00063	
757.46	0.00165	
757.858	-0.0001	
758.257	0.00364	
758.655	0.0054	
759.053	-0.00005	
759.451	0.00115	
759.849	0.00162	
760.247	-0.00075	
760.645	-0.00251	
761.043	0.00294	
761.441	0.00525	
761.839	-0.00092	
762.237	0.00496	
762.634	0.00106	
763.032	0.00241	
763.429	0.00439	
763.827	-0.00301	
764.224	0.00451	
764.622	0.00363	
765.019	0.00676	
765.416	0.0023	
765.814	-0.00066	
766.211	0.00736	
766.608	0.00442	
767.005	0.00062	
767.402	0.00735	
767.799	-0.00044	
768.196	0.00689	
768.593	0.00443	
768.989	0.0017	
769.386	0.01086	
769.783	-0.00125	
770.179	-0.00025	
770.576	0.00264	
770.972	0.00813	
771.369	0.00332	
771.765	0.00403	
772.161	0.00151	
772.558	0.00165	
772.954	-0.00242	
773.35	0.00421	
773.746	0.00124	
774.142	0.00414	
774.538	0.00891	
774.934	0.00179	
775.33	0.00825	
775.726	0.00123	
776.121	0.00343	
776.517	0.0035	
776.913	0.00704	
777.308	0.00084	
777.704	-0.00012	
778.099	0.00197	
778.495	0.00127	
778.89	0.00312	
779.285	0.00279	
779.68	-0.00071	
780.076	-0.00298	
780.471	0.0027	
780.866	0.00698	
781.261	0.0003	
781.656	0.00943	
782.051	-0.00336	
782.445	0.00296	
782.84	-0	
783.235	0.00205	
783.63	-0.00462	
784.024	0.00817	
784.419	0.00146	
784.813	0.00606	
785.208	0.00057	
785.602	0.00212	
785.996	0.00847	
786.391	0.00565	
786.785	0.00212	
787.179	0.00911	
787.573	0.00718	
787.967	-0.00288	
788.361	-0.00101	
788.755	0.00446	
789.149	0.00107	
789.543	0.00414	
789.936	0.00273	
790.33	-0.00425	
790.724	0.00891	
791.117	0.00036	
791.511	0.00723	
791.904	-0.00051	
792.298	0.00326	
792.691	0.00283	
793.084	0.00371	
793.477	0.00885	
793.871	0.00047	
794.264	0.00063	
794.657	0.00097	
795.05	0.00568	
795.443	-0.00066	
795.836	0.0079	
796.228	0.0008	
796.621	0.00393	
797.014	-0.00096	
797.406	0.00304	
797.799	0.00327	
798.192	0.00413	
798.584	0.00212	
798.976	0.0037	
799.369	0.00918	
799.761	-0.00118	
800.153	0.00212	
800.546	0.00711	
800.938	0.00369	
801.33	0.0017	
801.722	0.00175	
802.114	0.00216	
802.506	0.0033	
802.897	0.00364	
803.289	-0.00046	
803.681	0.01009	
804.073	0.0054	
804.464	-0.00027	
804.856	0.0098	
805.247	0.00111	
805.639	-0.00104	
806.03	0.00261	
806.421	0.00087	
806.813	0.00662	
807.204	-0.00031	
807.595	0.00286	
807.986	0.00764	
808.377	0.00308	
808.768	0.00737	
809.159	0.00357	
809.55	0.00023	
809.941	-0.00105	
810.331	0.0028	
810.722	0.00421	
811.113	0.0029	
811.503	-0.00391	
811.894	0.00994	
812.284	0.00303	
812.675	0.0077	
813.065	-0.00414	
813.455	0.00185	
813.846	-0.007	
814.236	0.00298	
814.626	0.00312	
815.016	0.00399	
815.406	0.00079	
815.796	0.00158	
816.186	0.00096	
816.575	-0.00107	
816.965	-0.0003	
817.355	0.0055	
817.745	0.01011	
818.134	0.00157	
818.524	0.0009	
818.913	0.00417	
819.303	0.00623	
819.692	0.01118	
820.081	0.00469	
820.47	0.00026	
820.86	0.00122	
821.249	0.0051	
821.638	0.0028	
822.027	-0.00184	
822.416	0.00335	
822.805	0.00874	
823.193	0.00314	
823.582	0.00112	
823.971	-0.00205	
824.36	0.0065	
824.748	0.00298	
825.137	0.0102	
825.525	0.0056	
825.914	0.00825	
826.302	0.00597	
826.69	0.00294	
827.079	0.00137	
827.467	0.00198	
827.855	0.00124	
828.243	0.00165	
828.631	0.00612	
829.019	-0.00078	
829.407	0.00047	
829.795	-0.00266	
830.182	0.00364	
830.57	0.00162	
830.958	0.00833	
831.345	0.00206	
831.733	0.00915	
832.12	0.00277	
832.508	0.00494	
832.895	-0.00174	
833.283	0.00118	
833.67	-0.00641	
834.057	-0.00172	
834.444	0.00287	
834.831	-0.00056	
835.218	0.00661	
835.605	-0.00247	
835.992	0.00308	
836.379	0.00768	
836.766	0.00548	
837.152	-0.00361	
837.539	-0.00942	
837.926	0.00842	
838.312	-0.01014	
838.699	0.00238	
839.085	0.00111	
839.472	0.00053	
839.858	0.00875	
840.244	0.00908	
840.63	0.01366	
841.017	0.00435	
841.403	0.00229	
841.789	0.01093	
842.175	-0.00335	
842.561	-0.00289	
842.946	0.00268	
843.332	-0.00463	
843.718	0.01043	
844.104	-0.00384	
844.489	0.00654	
844.875	0.00597	
845.26	0.00084	
845.646	0.01176	
846.031	0.00219	
846.416	0.00264	
846.802	0.0067	
847.187	-0.00408	
847.572	0.00185	
847.957	0.00316	
848.342	0.00682	
848.727	0.00238	
849.112	0.00684	
849.497	0.00473	
849.882	0.00769	
850.266	0.00795	
850.651	0.0009	
851.036	0.0036	
851.42	0.009	
851.805	0.00225	
852.189	-0.00074	
852.574	-0.00038	
852.958	0.0035	
853.342	0.00672	
853.726	0.00555	
854.11	0.00289	
854.495	0.0044	
854.879	-0.00171	
855.263	0.0033	
855.646	0.00238	
856.03	0.00178	
856.414	-0.00026	
856.798	0.00279	
857.181	0.003	
857.565	0.00538	
857.949	0.0016	
858.332	0.01045	
858.716	0.00085	
859.099	0.00626	
859.482	0.00524	
859.866	0.01511	
860.249	-0.00096	
860.632	0.00946	
861.015	-0.00216	
861.398	-0.00246	
861.781	-0.00838	
862.164	-0.00235	
862.547	0.01046	
862.929	0.00286	
863.312	-0.00859	
863.695	-0.00917	
864.077	0.00524	
864.46	0.0009	
864.842	0.00668	
865.225	0.00115	
865.607	0.00366	
865.99	0.00676	
866.372	0.00735	
866.754	0.00943	
867.136	-0.00604	
867.518	0.01443	
867.9	0.01182	
868.282	0.00548	
868.664	0.00757	
869.046	0.0127	
869.428	0.00292	
869.809	-0.0012	
870.191	0.00152	
870.573	0.00273	
870.954	-0.00108	
871.336	0.00647	
871.717	0.00704	
872.099	0.00802	
872.48	0.01054	
872.861	0.00346	
873.242	0.01081	
873.623	-0.00317	
874.004	0.00206	
874.385	0.00431	
874.766	0.00477	
875.147	0.00497	
875.528	-0.00009	
875.909	0.00256	
876.29	0.00181	
876.67	0.00307	
877.051	0.00225	
877.431	-0.00954	
877.812	-0.0028	
878.192	0.00067	
878.573	0.01229	
878.953	0.00775	
879.333	0.01422	
879.713	-0.00264	
880.093	0.00662	
880.473	-0.01098	
880.853	0.01429	
881.233	0.00671	
881.613	-0.00254	
881.993	0.00115	
882.373	-0.01052	
882.753	0.0129	
883.132	0.00809	
883.512	0.0034	
883.891	-0.00385	
884.271	-0.00457	
884.65	0.0057	
885.029	0.00685	
885.409	-0.00588	
885.788	0.00992	
886.167	0.00639	
886.546	0.00095	
886.925	-0.0021	
887.304	-0.00799	
887.683	0.0091	
888.062	-0.00274	
888.441	0.00183	
888.82	0.00304	
889.198	0.0037	
889.577	0.00701	
889.955	0.00252	
890.334	0.0021	
890.712	-0.00058	
891.091	0.00717	
891.469	0.0131	
891.847	0.00523	
892.226	0.00225	
892.604	0.00812	
892.982	0.0021	
893.36	-0.00301	
893.738	-0.00372	
894.116	-0.00736	
894.493	-0.00418	
894.871	-0.00956	
895.249	-0.00407	
895.627	-0.00343	
896.004	0.00342	
896.382	0.00053	
896.759	0.00183	
897.137	0.00675	
897.514	-0.0026	
897.891	0.00921	
898.269	-0.00182	
898.646	0.00398	
899.023	0.00557	
899.4	-0.00173	
899.777	0.01031	
900.154	0.00112	
900.531	-0.00345	
900.908	-0.00195	
901.284	0.00182	
901.661	-0.00338	
902.038	-0.0018	
902.414	0.01083	
902.791	0.00141	
903.167	-0.00189	
903.544	0.00068	
903.92	0.00794	
904.296	-0.00914	
904.672	-0.00936	
905.049	0.00799	
905.425	0.01459	
905.801	-0.00111	
906.177	-0.00949	
906.553	-0.00018	
906.929	0.02194	
907.304	0.00015	
907.68	-0.00139	
908.056	-0.00879	
908.431	0.00086	
908.807	0.00518	
909.182	0.01796	
909.558	0.0194	
909.933	0.00708	
910.309	-0.00002	
910.684	0.01165	
911.059	-0.00002	
911.434	-0.00835	
911.809	-0.00568	
912.184	-0.00554	
912.559	-0.00869	
912.934	-0.01298	
913.309	0.00174	
913.684	0.01743	
914.058	0.0033	
914.433	-0.02611	
914.808	0.01948	
915.182	-0.01356	
915.557	-0.00077	
915.931	-0.0155	
916.305	0.00266	
916.68	-0.00764	
917.054	0.00327	
917.428	-0.00444	
917.802	0.00049	
918.176	0.00514	
918.55	0.01416	
918.924	0.00792	
919.298	0.01113	
919.672	-0.0034	
920.045	0.00394	
920.419	0.00665	
920.793	0.01004	
921.166	0.00087	
921.54	0.01143	
921.913	-0.00373	
922.287	-0.00322	
922.66	0.01067	
923.033	-0.02642	
923.406	0.00319	
923.78	0.00095	
924.153	0.00464	
924.526	-0.01975	
924.899	-0.02039	
925.271	-0.01778	
925.644	0.00864	
926.017	0.01727	
926.39	-0.00005	
926.762	0.01391	
927.135	0.01324	
927.508	-0.01895	
927.88	0.00538	
928.252	-0.00044	
928.625	-0.00376	
928.997	-0.01084	
929.369	0.01388	
929.741	-0.01732	
930.114	0.01045	
930.486	0.00295	
930.858	-0.00588	
931.229	-0.00979	
931.601	0.00452	
931.973	0.00408	
932.345	0.00567	
932.717	0.00279	
933.088	-0.0195	
933.46	-0.01196	
933.831	-0.00204	
934.203	0.00144	
934.574	0.03508	
934.945	0.0026	
935.317	0.00485	
935.688	0.01425	
936.059	0.00482	
936.43	0.00101	
936.801	0.01403	
937.172	-0.02201	
937.543	-0.00007	
937.914	-0.02056	
938.284	0.01033	
938.655	-0.00364	
939.026	0.0354	
939.396	0.00439	
939.767	-0.00602	
940.137	-0.01683	
940.508	0.00515	
940.878	-0.01529	
941.248	-0.01146	
941.618	0.01464	
941.989	0.04288	
942.359	0.00061	
942.729	0.01708	
943.099	-0.02347	
943.469	-0.01502	
943.838	0.0068	
944.208	0.00304	
944.578	-0.00829	
944.948	0.0541	
945.317	-0.03422	
945.687	-0.00676	
946.056	0.01944	
946.426	-0.00876	
946.795	-0.01403	
947.164	0.0462	
947.533	-0.01977	
947.903	-0.00647	
948.272	-0.03013	
948.641	0.0008	
949.01	0.01793	
949.379	0.03957	
949.748	0.06818	
950.116	-0.0419	
950.485	0.00818	
950.854	0.08959	
951.222	-0.00341	
951.591	-0.03192	
951.959	0.03827	
952.328	-0.0563	
952.696	0.01589	
953.065	-0.02867	
953.433	-0.02702	
953.801	0.03759	
954.169	0.05023	
954.537	-0.00133	
954.905	-0.00622	
955.273	0.04205	
955.641	-0.04451	
956.009	0.02498	
956.377	0.05638	
956.744	0.02182	
957.112	0.03153	
957.479	-0.01477	
957.847	-0.00671	
958.214	0.03774	
958.582	0.01668	
958.949	0.04719	
959.316	0.0011	
959.684	0.02474	
960.051	0.05157	
960.418	0.0405	
960.785	-0.01762	
961.152	0.01996	
961.519	-0.02744	
961.885	0.02558	
962.252	0.01913	
962.619	0.05983	
962.986	0.0167	
963.352	0.0013	
963.719	-0.00806	
964.085	-0.01605	
964.452	-0.0762	
964.818	-0.07489	
965.184	0.02012	
965.55	-0.02189	
965.916	-0.00913	
966.283	0.02981	
966.649	-0.02131	
967.015	0.00991	
967.38	0.03842	
967.746	0.08347	
968.112	0.04289	
968.478	-0.07	
968.843	-0.11869	
969.209	-0.03318	
969.575	-0.00999	
969.94	-0.00366	
970.305	-0.04172	
970.671	0.05556	
971.036	-0.00667	
971.401	0.10407	
971.766	-0.03653	
972.132	-0.07321	
972.497	0.0067	
972.862	0.02575	
973.227	-0.05438	
973.591	0.08444	
973.956	0.02757	
974.321	0.06221	
974.686	-0.0003	
975.05	-0.08417	
975.415	-0.05391	
975.779	0.01806	
976.144	0.02565	
976.508	0.02984	
976.872	0.13943	
977.236	-0.10918	
977.601	-0.08591	
977.965	-0.06753	
978.329	0.07063	
978.693	-0.01849	
979.057	0.07557	
979.421	-0.0323	
979.784	-0.01904	
980.148	0.05139	
980.512	0.06337	
980.875	0.14083	
981.239	-0.0195	
981.602	-0.06568	
981.966	0.09809	
982.329	0.07894	
982.692	-0.02197	
983.056	-0.13371	
983.419	-0.01827	
983.782	-0.04672	
984.145	0.07182	
984.508	0.04285	
984.871	0.07281	
985.234	-0.09278	
985.597	0.04019	
985.959	-0.13982	
986.322	0.14116	
986.685	0.01987	
987.047	0.06938	
987.41	0.0711	
987.772	0.01355	
988.134	-0.06776	
988.497	-0.11269	
988.859	0.07725	
989.221	-0.08733	
989.583	-0.07517	
989.945	0.03081	
990.307	0.02618	
990.669	0.04892	
991.031	-0.10353	
991.393	0.12282	
991.755	0.08211	
992.116	0.13644	
992.478	0.03183	
992.839	0.09585	
993.201	-0.06323	
993.562	0.11475	
993.924	-0.01539	
994.285	0.0255	
994.646	-0.09762	
995.007	0.28397	
995.369	0.09313	
995.73	0.01577	
996.091	-0.01788	
996.451	0.07899	
996.812	-0.04194	
997.173	0.10191	
997.534	0.04504	
997.895	0.13707	
998.255	0.06434	
998.616	-0.13917	
998.976	0.08952	
999.337	-0.02847	
999.697	-0.00635	
1000.057	-0.10269	
1000.418	-0.02594	
1000.778	0.06781	
1001.138	-0.19286	
1001.498	-0.0841	
1001.858	0.23366	
1002.218	-0.00665	
1002.578	-0.01501	
1002.937	0.02133	
1003.297	0.0694	
1003.657	-0.05578	
1004.016	-0.04421	
1004.376	-0.14111	
1004.735	0.02466	
1005.095	0.0367	
1005.454	0.09532	
1005.813	0.05043	
1006.173	-0.02973	
1006.532	-0.03439	
1006.891	-0.04966	
1007.25	0.04104	
1007.609	-0.02262	
1007.968	0.07442	
1008.327	0.04582	
1008.686	0.16157	
1009.044	-0.089	
1009.403	0.15517	
1009.762	-0.0135	
1010.12	-0.03943	
1010.479	0.09757	
1010.837	0.08414	
1011.195	-0.04558	
1011.554	-0.03847	
1011.912	-0.14222	
1012.27	-0.06015	
1012.628	-0.26562	
1012.986	-0.09527	
1013.344	-0.02139	
1013.702	0.109	
1014.06	-0.14081	
1014.418	-0.04405	
1014.775	-0.0801	
1015.133	-0.03341	
1015.491	0.08563	
1015.848	0.03648	
1016.206	0.02242	
1016.563	0.03272	
1016.92	0.13608	
1017.278	0.01188	
1017.635	-0.20186	
1017.992	-0.09182	
1018.349	-0.02555	
1018.706	0.01735	
1019.063	-0.0514	
1019.42	0.01522	
1019.777	0.02301	
1020.134	-0.01055	
1020.49	-0.22282	
1020.847	0.05831	
1021.203	-0.15487	
1021.56	-0.00052	
1021.916	0.10398	
1022.273	-0.16689	
1022.629	-0.03107	
1022.985	0.06396	
1023.342	0.26815	
1023.698	0.0217	
1024.054	0.1439	
1024.41	-0.01149	
1024.766	-0.13452	
1025.122	0.15675	
1025.477	-0.00034	
1025.833	0.14023	
1026.189	-0.11679	
1026.545	-0.0133	
1026.9	0.03648	
1027.256	0.10315	
1027.611	-0.09045	
1027.966	0.173	
1028.322	-0.16238	
1028.677	-0.09792	
1029.032	-0.03991	
1029.387	0.00333	
1029.742	0.03658	
1030.097	0.10698	
1030.452	-0.05091	
1030.807	0.07145	
1031.162	-0.02199	
1031.517	0.07971	
1031.871	0.08115	
1032.226	-0.03341	
1032.581	-0.03341	
1032.935	-0.03341	
