Absorbance:264		
187.856	-1.17316	
188.32	-1.17316	
188.785	-1.17316	
189.249	1.11399	
189.713	0.60313	
190.178	1.34532	
190.642	-0	
191.106	0.44316	
191.57	0.62206	
192.034	-0.11288	
192.498	-0	
192.963	-0.3222	
193.427	0.71899	
193.89	-0.14041	
194.354	0.63319	
194.818	-0.93236	
195.282	0.48741	
195.746	0.35277	
196.21	0.2073	
196.673	0.43925	
197.137	-0	
197.601	0.04491	
198.064	-0.91379	
198.528	0.19361	
198.991	0.12687	
199.454	0.15894	
199.918	0.14878	
200.381	0.08846	
200.844	0.09124	
201.308	0.11248	
201.771	0.15488	
202.234	0.09213	
202.697	0.11065	
203.16	0.09239	
203.623	0.14356	
204.086	0.06031	
204.549	0.08183	
205.012	0.08826	
205.475	0.12538	
205.938	0.18036	
206.4	0.16139	
206.863	0.16701	
207.326	0.08227	
207.788	0.136	
208.251	0.1419	
208.714	0.16197	
209.176	0.17575	
209.639	0.09914	
210.101	0.20329	
210.563	0.18403	
211.026	0.15706	
211.488	0.23491	
211.95	0.27095	
212.412	0.29249	
212.874	0.27397	
213.337	0.28598	
213.799	0.30814	
214.261	0.29562	
214.723	0.39689	
215.184	0.39314	
215.646	0.47754	
216.108	0.46444	
216.57	0.51718	
217.032	0.45018	
217.493	0.46177	
217.955	0.45393	
218.417	0.44368	
218.878	0.39386	
219.34	0.38713	
219.801	0.37073	
220.263	0.31809	
220.724	0.32199	
221.185	0.29214	
221.647	0.26318	
222.108	0.24799	
222.569	0.23679	
223.03	0.21751	
223.491	0.20288	
223.952	0.19799	
224.413	0.17877	
224.874	0.16382	
225.335	0.15155	
225.796	0.15048	
226.257	0.14276	
226.718	0.13587	
227.179	0.12541	
227.639	0.12052	
228.1	0.11568	
228.561	0.11043	
229.021	0.10332	
229.482	0.10486	
229.942	0.09957	
230.403	0.1007	
230.863	0.09127	
231.323	0.08853	
231.784	0.0832	
232.244	0.08267	
232.704	0.08144	
233.164	0.07802	
233.625	0.07635	
234.085	0.07879	
234.545	0.07566	
235.005	0.06903	
235.465	0.06988	
235.925	0.06713	
236.384	0.07048	
236.844	0.06314	
237.304	0.06312	
237.764	0.06357	
238.223	0.0642	
238.683	0.07288	
239.143	0.05969	
239.602	0.06127	
240.062	0.05615	
240.521	0.06223	
240.98	0.06178	
241.44	0.05235	
241.899	0.05889	
242.358	0.0565	
242.818	0.0515	
243.277	0.04936	
243.736	0.0525	
244.195	0.04885	
244.654	0.04713	
245.113	0.04269	
245.572	0.04749	
246.031	0.04101	
246.49	0.03297	
246.949	0.03305	
247.408	0.04134	
247.866	0.04221	
248.325	0.03256	
248.784	0.03241	
249.242	0.03446	
249.701	0.03169	
250.159	0.02305	
250.618	0.02794	
251.076	0.02146	
251.534	0.01977	
251.993	0.02593	
252.451	0.02516	
252.909	0.02196	
253.368	0.02782	
253.826	0.01836	
254.284	0.02779	
254.742	0.02095	
255.2	0.02063	
255.658	0.01813	
256.116	0.02121	
256.574	0.02397	
257.031	0.0199	
257.489	0.01774	
257.947	0.0168	
258.405	0.02194	
258.862	0.01577	
259.32	0.01632	
259.777	0.02358	
260.235	0.01565	
260.692	0.02046	
261.15	0.01909	
261.607	0.01776	
262.065	0.01494	
262.522	0.01897	
262.979	0.01332	
263.436	0.01126	
263.893	0.01727	
264.351	0.01589	
264.808	0.01363	
265.265	0.01437	
265.722	0.01106	
266.178	0.01358	
266.635	0.0156	
267.092	0.01265	
267.549	0.018	
268.006	0.01184	
268.462	0.00793	
268.919	0.01333	
269.376	0.01381	
269.832	0.01271	
270.289	0.01386	
270.745	0.01359	
271.202	0.00861	
271.658	0.00662	
272.114	0.00726	
272.571	0.00962	
273.027	0.01116	
273.483	0.01518	
273.939	0.01271	
274.395	0.01083	
274.851	0.0098	
275.307	0.00736	
275.763	0.00867	
276.219	0.0146	
276.675	0.00985	
277.131	0.01083	
277.587	0.01206	
278.042	0.00813	
278.498	0.01558	
278.954	0.01497	
279.409	0.00731	
279.865	0.00718	
280.32	0.00998	
280.776	0.0122	
281.231	0.01224	
281.687	0.00711	
282.142	0.00937	
282.597	0.01042	
283.052	0.00768	
283.508	0.00953	
283.963	0.00722	
284.418	0.0131	
284.873	0.0117	
285.328	0.0095	
285.783	0.00946	
286.238	0.00778	
286.693	0.00655	
287.147	0.00747	
287.602	0.00796	
288.057	0.00633	
288.512	0.00997	
288.966	0.00512	
289.421	0.00455	
289.875	0.00047	
290.33	0.00716	
290.784	0.00783	
291.239	0.00645	
291.693	0.00376	
292.147	0.00469	
292.602	0.00438	
293.056	0.00297	
293.51	0.00733	
293.964	0.00528	
294.418	0.00962	
294.872	0.0074	
295.326	0.00368	
295.78	0.00188	
296.234	0.00342	
296.688	0.00088	
297.142	-0.00012	
297.595	0.00189	
298.049	0.00278	
298.503	0.00569	
298.956	0.00404	
299.41	0.00799	
299.863	0.00473	
300.317	0.00476	
300.77	0.00444	
301.224	0.00533	
301.677	0.0054	
302.13	0.00208	
302.584	0.00343	
303.037	0.0012	
303.49	0.00173	
303.943	0.00602	
304.396	0.0028	
304.849	0.00466	
305.302	0.00275	
305.755	0.00523	
306.208	0.0029	
306.661	0.00694	
307.114	0.0063	
307.566	0.00418	
308.019	0.00688	
308.472	0.00921	
308.924	0.00402	
309.377	0.00401	
309.829	0.00734	
310.282	0.00686	
310.734	0.0008	
311.187	0.00519	
311.639	0.00538	
312.091	0.00779	
312.543	0.00398	
312.995	0.00684	
313.448	0.00328	
313.9	0.00052	
314.352	0.00901	
314.804	0.00017	
315.256	0.00072	
315.708	0.00085	
316.159	0.00726	
316.611	0.00744	
317.063	0.00299	
317.515	-0.00047	
317.966	0.00614	
318.418	0.00341	
318.87	0.00768	
319.321	0.00798	
319.773	0.00746	
320.224	0.00483	
320.675	-0.00003	
321.127	0.00477	
321.578	0.0054	
322.029	0.00392	
322.48	0.00653	
322.932	0.00237	
323.383	0.00163	
323.834	0.00708	
324.285	0.01113	
324.736	0.00448	
325.187	0.00618	
325.638	0.01209	
326.088	0.00342	
326.539	-0.00101	
326.99	-0.00102	
327.441	0.00314	
327.891	0.00937	
328.342	0.00287	
328.792	0.00216	
329.243	0.003	
329.693	-0.00194	
330.144	0.00224	
330.594	-0.001	
331.044	0.003	
331.495	-0.00019	
331.945	-0.00366	
332.395	0.00267	
332.845	0.00429	
333.295	0.017	
333.745	0.02085	
334.195	0.01676	
334.645	0.01076	
335.095	0.00939	
335.545	0.00285	
335.995	-0.00018	
336.444	0.00647	
336.894	0.0053	
337.344	0.00672	
337.793	0.009	
338.243	0.00265	
338.692	0.00015	
339.142	0.01152	
339.591	0.00724	
340.041	-0.0002	
340.49	0.00488	
340.939	0.00497	
341.388	0.00826	
341.838	0.00551	
342.287	0.00806	
342.736	0.00505	
343.185	0.00903	
343.634	0.00959	
344.083	0.00522	
344.532	0.00799	
344.981	0.01581	
345.429	0.01016	
345.878	0.00786	
346.327	0.01317	
346.776	0.01013	
347.224	0.00459	
347.673	0.00091	
348.121	0.00459	
348.57	0.01757	
349.018	0.01053	
349.467	0.00928	
349.915	0.01122	
350.363	0.00848	
350.811	0.0041	
351.26	0.00692	
351.708	0.01178	
352.156	0.01606	
352.604	0.01409	
353.052	0.01052	
353.5	0.00764	
353.948	0.0153	
354.396	0.00464	
354.843	0.01541	
355.291	0.01194	
355.739	0.01312	
356.186	0.00883	
356.634	0.00899	
357.082	0.01529	
357.529	0.00941	
357.977	0.01722	
358.424	0.01108	
358.871	0.01633	
359.319	0.00983	
359.766	0.01226	
360.213	0.00926	
360.661	0.01291	
361.108	0.01197	
361.555	0.00418	
362.002	0.01484	
362.449	0.01314	
362.896	0.01736	
363.343	0.01215	
363.79	0.02289	
364.236	0.01503	
364.683	0.01258	
365.13	0.02586	
365.577	0.01373	
366.023	0.0132	
366.47	0.01706	
366.916	0.01573	
367.363	0.01674	
367.809	0.01173	
368.256	0.02774	
368.702	0.00724	
369.148	0.02847	
369.594	0.02366	
370.041	0.02936	
370.487	0.02744	
370.933	0.02725	
371.379	0.02725	
371.825	0.01966	
372.271	0.03479	
372.717	0.03021	
373.163	0.02658	
373.608	0.02534	
374.054	0.02337	
374.5	0.03517	
374.946	0.02736	
375.391	0.04177	
375.837	0.03523	
376.282	0.03543	
376.728	0.03712	
377.173	0.02822	
377.618	0.04679	
378.064	0.03291	
378.509	0.03511	
378.954	0.0406	
379.4	0.04737	
379.845	0.04109	
380.29	0.04498	
380.735	0.05198	
381.18	0.04846	
381.625	0.04466	
382.07	0.04607	
382.514	0.05748	
382.959	0.05013	
383.404	0.05111	
383.849	0.05526	
384.293	0.05378	
384.738	0.06617	
385.183	0.05773	
385.627	0.06013	
386.072	0.06276	
386.516	0.06828	
386.96	0.06347	
387.405	0.06187	
387.849	0.06818	
388.293	0.07024	
388.737	0.08036	
389.181	0.07587	
389.626	0.07507	
390.07	0.07376	
390.514	0.07512	
390.957	0.0764	
391.401	0.07309	
391.845	0.07852	
392.289	0.07542	
392.733	0.07922	
393.176	0.07984	
393.62	0.08679	
394.064	0.09675	
394.507	0.09152	
394.951	0.08321	
395.394	0.09471	
395.838	0.08921	
396.281	0.09125	
396.724	0.09225	
397.168	0.0946	
397.611	0.09873	
398.054	0.09946	
398.497	0.10738	
398.94	0.10943	
399.383	0.10234	
399.826	0.09457	
400.269	0.10185	
400.712	0.10135	
401.155	0.11484	
401.597	0.11105	
402.04	0.1099	
402.483	0.11349	
402.925	0.11062	
403.368	0.11992	
403.811	0.11685	
404.253	0.12396	
404.696	0.11519	
405.138	0.1123	
405.58	0.12107	
406.023	0.12279	
406.465	0.12532	
406.907	0.12273	
407.349	0.12684	
407.791	0.12499	
408.233	0.13412	
408.675	0.12812	
409.117	0.13931	
409.559	0.1411	
410.001	0.12875	
410.443	0.13992	
410.885	0.13728	
411.326	0.14495	
411.768	0.14762	
412.21	0.15912	
412.651	0.16273	
413.093	0.14678	
413.534	0.15654	
413.975	0.1516	
414.417	0.15536	
414.858	0.16435	
415.299	0.17298	
415.741	0.16839	
416.182	0.16756	
416.623	0.17161	
417.064	0.1721	
417.505	0.18175	
417.946	0.17236	
418.387	0.17764	
418.828	0.18748	
419.269	0.18707	
419.709	0.19322	
420.15	0.1922	
420.591	0.19741	
421.031	0.19825	
421.472	0.21006	
421.913	0.20327	
422.353	0.22254	
422.794	0.22668	
423.234	0.22176	
423.674	0.22583	
424.115	0.2386	
424.555	0.23789	
424.995	0.25508	
425.435	0.25501	
425.875	0.25303	
426.315	0.2535	
426.755	0.25473	
427.195	0.27323	
427.635	0.26413	
428.075	0.2793	
428.515	0.28882	
428.955	0.28494	
429.394	0.29467	
429.834	0.3037	
430.274	0.30936	
430.713	0.29522	
431.153	0.33037	
431.592	0.32538	
432.031	0.32797	
432.471	0.34732	
432.91	0.34276	
433.349	0.35392	
433.789	0.37932	
434.228	0.36926	
434.667	0.37849	
435.106	0.39305	
435.545	0.38979	
435.984	0.39541	
436.423	0.39486	
436.862	0.41756	
437.301	0.42091	
437.739	0.43339	
438.178	0.4444	
438.617	0.44164	
439.055	0.45697	
439.494	0.45708	
439.932	0.47323	
440.371	0.47308	
440.809	0.47418	
441.248	0.50369	
441.686	0.49384	
442.124	0.51856	
442.563	0.50949	
443.001	0.51395	
443.439	0.54479	
443.877	0.54702	
444.315	0.54446	
444.753	0.56692	
445.191	0.58114	
445.629	0.58778	
446.067	0.6039	
446.504	0.58347	
446.942	0.61542	
447.38	0.60833	
447.817	0.62306	
448.255	0.63598	
448.693	0.65626	
449.13	0.67162	
449.568	0.67342	
450.005	0.68308	
450.442	0.71341	
450.88	0.69608	
451.317	0.72293	
451.754	0.71787	
452.191	0.72072	
452.628	0.74308	
453.065	0.75819	
453.502	0.78037	
453.939	0.79801	
454.376	0.7954	
454.813	0.8045	
455.25	0.80851	
455.686	0.81533	
456.123	0.83185	
456.56	0.86096	
456.996	0.85071	
457.433	0.83094	
457.869	0.85351	
458.306	0.8536	
458.742	0.87364	
459.179	0.91063	
459.615	0.88233	
460.051	0.89986	
460.487	0.90728	
460.924	0.93587	
461.36	0.93171	
461.796	0.95515	
462.232	0.94817	
462.668	0.94925	
463.104	0.96261	
463.539	0.94473	
463.975	0.96375	
464.411	0.99448	
464.847	0.98522	
465.282	0.99321	
465.718	1.01179	
466.153	0.9957	
466.589	1.02986	
467.024	1.00157	
467.46	0.99169	
467.895	1.03879	
468.33	1.04617	
468.766	1.00829	
469.201	1.04819	
469.636	1.04494	
470.071	1.03112	
470.506	1.04292	
470.941	1.03765	
471.376	1.06743	
471.811	1.0704	
472.246	1.08339	
472.681	1.09116	
473.115	1.07265	
473.55	1.0867	
473.985	1.09302	
474.419	1.12168	
474.854	1.15645	
475.288	1.13527	
475.723	1.07678	
476.157	1.11908	
476.592	1.16839	
477.026	1.14597	
477.46	1.18489	
477.894	1.18513	
478.329	1.14202	
478.763	1.16423	
479.197	1.16357	
479.631	1.1539	
480.065	1.19314	
480.499	1.168	
480.932	1.18483	
481.366	1.17611	
481.8	1.16064	
482.234	1.16245	
482.667	1.18987	
483.101	1.24339	
483.535	1.20846	
483.968	1.19548	
484.401	1.20223	
484.835	1.23562	
485.268	1.21324	
485.702	1.23182	
486.135	1.2175	
486.568	1.28044	
487.001	1.21924	
487.434	1.26992	
487.867	1.2775	
488.3	1.27866	
488.733	1.27625	
489.166	1.27191	
489.599	1.28311	
490.032	1.31853	
490.464	1.31635	
490.897	1.25774	
491.33	1.3005	
491.762	1.30181	
492.195	1.28961	
492.627	1.30954	
493.06	1.32916	
493.492	1.32721	
493.925	1.3271	
494.357	1.36381	
494.789	1.35963	
495.221	1.36679	
495.653	1.34923	
496.086	1.40949	
496.518	1.39726	
496.95	1.39385	
497.382	1.34882	
497.813	1.43503	
498.245	1.40126	
498.677	1.34728	
499.109	1.3921	
499.54	1.40432	
499.972	1.43688	
500.404	1.44413	
500.835	1.3847	
501.267	1.45849	
501.698	1.40711	
502.129	1.45938	
502.561	1.50426	
502.992	1.46504	
503.423	1.49124	
503.855	1.48016	
504.286	1.53387	
504.717	1.42827	
505.148	1.4796	
505.579	1.51212	
506.01	1.46066	
506.441	1.46089	
506.871	1.43874	
507.302	1.47693	
507.733	1.53096	
508.163	1.54425	
508.594	1.51572	
509.025	1.49809	
509.455	1.55263	
509.886	1.45851	
510.316	1.51477	
510.746	1.46834	
511.177	1.46304	
511.607	1.4656	
512.037	1.48878	
512.467	1.50267	
512.898	1.53652	
513.328	1.53942	
513.758	1.49824	
514.188	1.47979	
514.617	1.48811	
515.047	1.48579	
515.477	1.51946	
515.907	1.50584	
516.337	1.51028	
516.766	1.5407	
517.196	1.50905	
517.625	1.50201	
518.055	1.50251	
518.484	1.49695	
518.914	1.52274	
519.343	1.44904	
519.772	1.47664	
520.202	1.4619	
520.631	1.44923	
521.06	1.48256	
521.489	1.43574	
521.918	1.44527	
522.347	1.42679	
522.776	1.43398	
523.205	1.4763	
523.634	1.42445	
524.063	1.45469	
524.491	1.41857	
524.92	1.38701	
525.349	1.40595	
525.777	1.36895	
526.206	1.36919	
526.634	1.36291	
527.063	1.36865	
527.491	1.34651	
527.919	1.3614	
528.348	1.36207	
528.776	1.32327	
529.204	1.29665	
529.632	1.32274	
530.06	1.32529	
530.488	1.29454	
530.916	1.29211	
531.344	1.29734	
531.772	1.28781	
532.2	1.25929	
532.627	1.26469	
533.055	1.23383	
533.483	1.28616	
533.91	1.26746	
534.338	1.19999	
534.765	1.18139	
535.193	1.19885	
535.62	1.1652	
536.048	1.15926	
536.475	1.1332	
536.902	1.15439	
537.329	1.10322	
537.757	1.08867	
538.184	1.08511	
538.611	1.08239	
539.038	1.07774	
539.465	1.04452	
539.892	1.05537	
540.318	1.05036	
540.745	1.01976	
541.172	1.00503	
541.599	0.9885	
542.025	0.97102	
542.452	0.97539	
542.878	0.95177	
543.305	0.93175	
543.731	0.9272	
544.158	0.92146	
544.584	0.89988	
545.01	0.89119	
545.436	0.87771	
545.862	0.85815	
546.289	0.83385	
546.715	0.83692	
547.141	0.83119	
547.567	0.8172	
547.993	0.8163	
548.418	0.78296	
548.844	0.76568	
549.27	0.75373	
549.696	0.7449	
550.121	0.73615	
550.547	0.71751	
550.972	0.71717	
551.398	0.70519	
551.823	0.69884	
552.249	0.66702	
552.674	0.66717	
553.099	0.65304	
553.525	0.64126	
553.95	0.62878	
554.375	0.61903	
554.8	0.62067	
555.225	0.60334	
555.65	0.59642	
556.075	0.58026	
556.5	0.57292	
556.925	0.56613	
557.349	0.55326	
557.774	0.54109	
558.199	0.53345	
558.623	0.51636	
559.048	0.52242	
559.472	0.50615	
559.897	0.49336	
560.321	0.48898	
560.746	0.47408	
561.17	0.46583	
561.594	0.45502	
562.018	0.44448	
562.443	0.44189	
562.867	0.42802	
563.291	0.42597	
563.715	0.416	
564.139	0.40168	
564.562	0.39979	
564.986	0.3898	
565.41	0.38386	
565.834	0.36976	
566.257	0.36873	
566.681	0.36323	
567.105	0.34933	
567.528	0.34612	
567.952	0.33886	
568.375	0.34023	
568.798	0.32823	
569.222	0.32853	
569.645	0.31021	
570.068	0.30926	
570.491	0.29969	
570.914	0.29525	
571.337	0.28619	
571.76	0.27853	
572.183	0.27734	
572.606	0.27026	
573.029	0.26278	
573.452	0.26209	
573.875	0.2554	
574.297	0.24814	
574.72	0.24719	
575.143	0.24078	
575.565	0.24558	
575.988	0.23509	
576.41	0.2327	
576.832	0.23019	
577.255	0.22076	
577.677	0.2109	
578.099	0.21036	
578.521	0.21668	
578.943	0.20396	
579.365	0.21142	
579.787	0.20048	
580.209	0.19967	
580.631	0.19578	
581.053	0.19122	
581.475	0.18283	
581.897	0.18346	
582.318	0.18695	
582.74	0.18718	
583.162	0.1868	
583.583	0.18266	
584.005	0.18313	
584.426	0.17406	
584.847	0.17144	
585.269	0.17236	
585.69	0.16958	
586.111	0.16871	
586.532	0.17206	
586.954	0.1675	
587.375	0.15994	
587.796	0.15861	
588.217	0.15874	
588.637	0.16011	
589.058	0.15999	
589.479	0.1642	
589.9	0.15873	
590.32	0.14986	
590.741	0.15443	
591.162	0.15036	
591.582	0.15403	
592.003	0.14918	
592.423	0.14948	
592.844	0.14496	
593.264	0.13614	
593.684	0.13981	
594.104	0.14077	
594.524	0.14613	
594.945	0.14549	
595.365	0.13941	
595.785	0.14292	
596.205	0.13541	
596.625	0.1354	
597.044	0.13669	
597.464	0.14057	
597.884	0.13425	
598.304	0.12938	
598.723	0.13427	
599.143	0.12406	
599.562	0.13057	
599.982	0.12591	
600.401	0.1255	
600.821	0.1254	
601.24	0.13304	
601.659	0.13345	
602.078	0.1302	
602.498	0.1284	
602.917	0.13153	
603.336	0.13308	
603.755	0.12507	
604.174	0.12236	
604.593	0.12716	
605.011	0.12429	
605.43	0.12424	
605.849	0.12875	
606.268	0.12229	
606.686	0.12178	
607.105	0.12136	
607.523	0.12315	
607.942	0.12213	
608.36	0.12281	
608.779	0.12237	
609.197	0.12599	
609.615	0.12256	
610.033	0.12436	
610.451	0.12406	
610.87	0.12621	
611.288	0.12526	
611.706	0.127	
612.124	0.12519	
612.541	0.11821	
612.959	0.12628	
613.377	0.12195	
613.795	0.12042	
614.212	0.12173	
614.63	0.11959	
615.048	0.12244	
615.465	0.12463	
615.883	0.11576	
616.3	0.12311	
616.717	0.12405	
617.135	0.12276	
617.552	0.12538	
617.969	0.12027	
618.386	0.11659	
618.803	0.12275	
619.22	0.12443	
619.637	0.1224	
620.054	0.11952	
620.471	0.12078	
620.888	0.1257	
621.305	0.12089	
621.721	0.11192	
622.138	0.121	
622.555	0.12001	
622.971	0.11615	
623.388	0.12855	
623.804	0.11714	
624.221	0.12294	
624.637	0.12218	
625.053	0.1189	
625.47	0.11924	
625.886	0.12114	
626.302	0.11612	
626.718	0.11575	
627.134	0.11851	
627.55	0.11806	
627.966	0.11862	
628.382	0.12309	
628.797	0.11962	
629.213	0.11537	
629.629	0.11449	
630.045	0.11649	
630.46	0.11957	
630.876	0.12551	
631.291	0.1171	
631.707	0.11997	
632.122	0.11987	
632.537	0.11826	
632.953	0.11557	
633.368	0.1167	
633.783	0.11549	
634.198	0.11749	
634.613	0.11747	
635.028	0.11544	
635.443	0.1173	
635.858	0.11625	
636.273	0.11514	
636.688	0.11048	
637.102	0.11417	
637.517	0.11018	
637.932	0.11893	
638.346	0.11825	
638.761	0.1125	
639.175	0.11336	
639.59	0.11091	
640.004	0.11828	
640.418	0.11782	
640.832	0.11075	
641.247	0.11515	
641.661	0.11224	
642.075	0.11286	
642.489	0.11379	
642.903	0.10719	
643.317	0.11008	
643.731	0.11353	
644.145	0.11434	
644.558	0.11033	
644.972	0.10279	
645.386	0.10892	
645.799	0.1123	
646.213	0.10437	
646.626	0.10907	
647.04	0.10261	
647.453	0.10625	
647.866	0.1111	
648.28	0.10654	
648.693	0.10646	
649.106	0.10038	
649.519	0.10328	
649.932	0.10586	
650.345	0.10501	
650.758	0.10485	
651.171	0.10158	
651.584	0.10505	
651.997	0.10256	
652.41	0.10651	
652.822	0.10542	
653.235	0.10353	
653.647	0.10043	
654.06	0.10181	
654.472	0.10158	
654.885	0.09934	
655.297	0.0948	
655.71	0.08981	
656.122	0.08559	
656.534	0.09167	
656.946	0.0964	
657.358	0.10014	
657.77	0.08852	
658.182	0.09091	
658.594	0.09697	
659.006	0.09765	
659.418	0.09721	
659.83	0.09217	
660.241	0.0987	
660.653	0.09053	
661.065	0.09095	
661.476	0.09227	
661.888	0.08804	
662.299	0.09041	
662.71	0.09127	
663.122	0.0894	
663.533	0.09052	
663.944	0.09088	
664.355	0.08681	
664.767	0.088	
665.178	0.09298	
665.589	0.09118	
666	0.09106	
666.41	0.09123	
666.821	0.08361	
667.232	0.09094	
667.643	0.08044	
668.053	0.08368	
668.464	0.08384	
668.875	0.07952	
669.285	0.08089	
669.696	0.08196	
670.106	0.08212	
670.516	0.08247	
670.927	0.08718	
671.337	0.07995	
671.747	0.07722	
672.157	0.08059	
672.567	0.07954	
672.977	0.07737	
673.387	0.08357	
673.797	0.07964	
674.207	0.08439	
674.617	0.07879	
675.027	0.07441	
675.436	0.07454	
675.846	0.08078	
676.256	0.07634	
676.665	0.07568	
677.075	0.07179	
677.484	0.07638	
677.893	0.07717	
678.303	0.07698	
678.712	0.07363	
679.121	0.0766	
679.53	0.07022	
679.939	0.07772	
680.348	0.06651	
680.757	0.07922	
681.166	0.06557	
681.575	0.06787	
681.984	0.06724	
682.393	0.07383	
682.802	0.07143	
683.21	0.06781	
683.619	0.07014	
684.027	0.06597	
684.436	0.06954	
684.844	0.06278	
685.253	0.06117	
685.661	0.06671	
686.069	0.06605	
686.477	0.06422	
686.886	0.06606	
687.294	0.06609	
687.702	0.06262	
688.11	0.06311	
688.518	0.06255	
688.926	0.06388	
689.333	0.05905	
689.741	0.05816	
690.149	0.06128	
690.557	0.06286	
690.964	0.06314	
691.372	0.06014	
691.779	0.06201	
692.187	0.05753	
692.594	0.06379	
693.001	0.05995	
693.409	0.05951	
693.816	0.05904	
694.223	0.05448	
694.63	0.06198	
695.037	0.05487	
695.444	0.0567	
695.851	0.05198	
696.258	0.05121	
696.665	0.0565	
697.072	0.05216	
697.479	0.04832	
697.885	0.05669	
698.292	0.05306	
698.698	0.05114	
699.105	0.05354	
699.511	0.0569	
699.918	0.04894	
700.324	0.04865	
700.73	0.05222	
701.137	0.05141	
701.543	0.05172	
701.949	0.04976	
702.355	0.0466	
702.761	0.05198	
703.167	0.04586	
703.573	0.04868	
703.979	0.04468	
704.385	0.05166	
704.79	0.05083	
705.196	0.04575	
705.602	0.0525	
706.007	0.04995	
706.413	0.04813	
706.818	0.04752	
707.224	0.04371	
707.629	0.03863	
708.034	0.03984	
708.439	0.0462	
708.845	0.03972	
709.25	0.04489	
709.655	0.04747	
710.06	0.04396	
710.465	0.04528	
710.87	0.04055	
711.275	0.04195	
711.679	0.04199	
712.084	0.0429	
712.489	0.04271	
712.893	0.04061	
713.298	0.04248	
713.702	0.03416	
714.107	0.04215	
714.511	0.03952	
714.916	0.043	
715.32	0.03821	
715.724	0.03646	
716.128	0.04042	
716.533	0.03609	
716.937	0.0349	
717.341	0.04189	
717.745	0.04191	
718.149	0.038	
718.552	0.03109	
718.956	0.03771	
719.36	0.03356	
719.764	0.03513	
720.167	0.0403	
720.571	0.03812	
720.974	0.04054	
721.378	0.03733	
721.781	0.03847	
722.185	0.03587	
722.588	0.03026	
722.991	0.03593	
723.394	0.03659	
723.797	0.03353	
724.2	0.03433	
724.603	0.03887	
725.006	0.03159	
725.409	0.03416	
725.812	0.03034	
726.215	0.03105	
726.618	0.03355	
727.02	0.03444	
727.423	0.02944	
727.826	0.03695	
728.228	0.03298	
728.631	0.02537	
729.033	0.03342	
729.435	0.03214	
729.838	0.02674	
730.24	0.03506	
730.642	0.0287	
731.044	0.02671	
731.446	0.03182	
731.848	0.03049	
732.25	0.02494	
732.652	0.02672	
733.054	0.02906	
733.456	0.02885	
733.857	0.03192	
734.259	0.03183	
734.661	0.02566	
735.062	0.02558	
735.464	0.02848	
735.865	0.03188	
736.267	0.02618	
736.668	0.02856	
737.069	0.027	
737.47	0.02823	
737.872	0.02696	
738.273	0.02454	
738.674	0.02713	
739.075	0.03011	
739.476	0.03074	
739.877	0.02787	
740.278	0.02558	
740.678	0.02217	
741.079	0.02236	
741.48	0.03345	
741.88	0.0257	
742.281	0.03001	
742.681	0.02588	
743.082	0.02491	
743.482	0.02178	
743.882	0.02474	
744.283	0.02782	
744.683	0.02448	
745.083	0.02452	
745.483	0.02695	
745.883	0.0272	
746.283	0.02914	
746.683	0.02984	
747.083	0.02172	
747.483	0.01883	
747.883	0.01841	
748.282	0.01877	
748.682	0.02449	
749.082	0.02469	
749.481	0.03265	
749.881	0.02494	
750.28	0.02433	
750.679	0.0228	
751.079	0.0265	
751.478	0.02142	
751.877	0.02951	
752.276	0.02338	
752.675	0.02448	
753.074	0.03002	
753.473	0.01809	
753.872	0.02423	
754.271	0.02124	
754.67	0.03093	
755.069	0.03376	
755.467	0.02557	
755.866	0.02314	
756.265	0.02427	
756.663	0.01984	
757.062	0.01971	
757.46	0.0246	
757.858	0.0227	
758.257	0.02528	
758.655	0.02354	
759.053	0.01814	
759.451	0.0213	
759.849	0.01827	
760.247	0.01909	
760.645	0.01942	
761.043	0.02232	
761.441	0.02705	
761.839	0.02038	
762.237	0.02902	
762.634	0.018	
763.032	0.02511	
763.429	0.02798	
763.827	0.02133	
764.224	0.02151	
764.622	0.02084	
765.019	0.02823	
765.416	0.0251	
765.814	0.02796	
766.211	0.02765	
766.608	0.02327	
767.005	0.01657	
767.402	0.03008	
767.799	0.02226	
768.196	0.02153	
768.593	0.02508	
768.989	0.0241	
769.386	0.03179	
769.783	0.01696	
770.179	0.02452	
770.576	0.01915	
770.972	0.02893	
771.369	0.02247	
771.765	0.03103	
772.161	0.02214	
772.558	0.03016	
772.954	0.01616	
773.35	0.02308	
773.746	0.01892	
774.142	0.02801	
774.538	0.02945	
774.934	0.02344	
775.33	0.02488	
775.726	0.02266	
776.121	0.02395	
776.517	0.02286	
776.913	0.02658	
777.308	0.01732	
777.704	0.02347	
778.099	0.02424	
778.495	0.02558	
778.89	0.03026	
779.285	0.01973	
779.68	0.02526	
780.076	0.01833	
780.471	0.02782	
780.866	0.02566	
781.261	0.01781	
781.656	0.02278	
782.051	0.02227	
782.445	0.02034	
782.84	0.02284	
783.235	0.02984	
783.63	0.02101	
784.024	0.02515	
784.419	0.0258	
784.813	0.02418	
785.208	0.02261	
785.602	0.02916	
785.996	0.02787	
786.391	0.02766	
786.785	0.02511	
787.179	0.02564	
787.573	0.02567	
787.967	0.0172	
788.361	0.02938	
788.755	0.02635	
789.149	0.02308	
789.543	0.02556	
789.936	0.02835	
790.33	0.02579	
790.724	0.02605	
791.117	0.0203	
791.511	0.02895	
791.904	0.01897	
792.298	0.02715	
792.691	0.02983	
793.084	0.0248	
793.477	0.02018	
793.871	0.01379	
794.264	0.02254	
794.657	0.0301	
795.05	0.02915	
795.443	0.02708	
795.836	0.02839	
796.228	0.02858	
796.621	0.02686	
797.014	0.02965	
797.406	0.02613	
797.799	0.0229	
798.192	0.02677	
798.584	0.02226	
798.976	0.02879	
799.369	0.02844	
799.761	0.02029	
800.153	0.0254	
800.546	0.02438	
800.938	0.02837	
801.33	0.0233	
801.722	0.02503	
802.114	0.02966	
802.506	0.02569	
802.897	0.02763	
803.289	0.02552	
803.681	0.02824	
804.073	0.02517	
804.464	0.03528	
804.856	0.02994	
805.247	0.02696	
805.639	0.02239	
806.03	0.02287	
806.421	0.02407	
806.813	0.02587	
807.204	0.02757	
807.595	0.04036	
807.986	0.0261	
808.377	0.0253	
808.768	0.03298	
809.159	0.03469	
809.55	0.02417	
809.941	0.02108	
810.331	0.02647	
810.722	0.02978	
811.113	0.02658	
811.503	0.02681	
811.894	0.0377	
812.284	0.03104	
812.675	0.02827	
813.065	0.03023	
813.455	0.03043	
813.846	0.02775	
814.236	0.02486	
814.626	0.03009	
815.016	0.02436	
815.406	0.02648	
815.796	0.03143	
816.186	0.02989	
816.575	0.02713	
816.965	0.02958	
817.355	0.03346	
817.745	0.02989	
818.134	0.03254	
818.524	0.03469	
818.913	0.03397	
819.303	0.0368	
819.692	0.03606	
820.081	0.03757	
820.47	0.02865	
820.86	0.0358	
821.249	0.03316	
821.638	0.02873	
822.027	0.02303	
822.416	0.03356	
822.805	0.03089	
823.193	0.03058	
823.582	0.03073	
823.971	0.02839	
824.36	0.0384	
824.748	0.03346	
825.137	0.03827	
825.525	0.02235	
825.914	0.0357	
826.302	0.02746	
826.69	0.03386	
827.079	0.03623	
827.467	0.03142	
827.855	0.02851	
828.243	0.02637	
828.631	0.03384	
829.019	0.02666	
829.407	0.03023	
829.795	0.03007	
830.182	0.03484	
830.57	0.02864	
830.958	0.03918	
831.345	0.03573	
831.733	0.03528	
832.12	0.03778	
832.508	0.04475	
832.895	0.03461	
833.283	0.03887	
833.67	0.03521	
834.057	0.03338	
834.444	0.03696	
834.831	0.02519	
835.218	0.03651	
835.605	0.03356	
835.992	0.03361	
836.379	0.03564	
836.766	0.03957	
837.152	0.02898	
837.539	0.02602	
837.926	0.03503	
838.312	0.031	
838.699	0.0327	
839.085	0.03447	
839.472	0.02944	
839.858	0.03354	
840.244	0.03229	
840.63	0.04034	
841.017	0.03175	
841.403	0.03054	
841.789	0.03868	
842.175	0.03373	
842.561	0.0379	
842.946	0.03843	
843.332	0.03653	
843.718	0.04047	
844.104	0.03774	
844.489	0.03423	
844.875	0.03528	
845.26	0.03486	
845.646	0.04016	
846.031	0.02763	
846.416	0.02932	
846.802	0.04017	
847.187	0.02975	
847.572	0.03803	
847.957	0.03739	
848.342	0.04012	
848.727	0.04121	
849.112	0.03509	
849.497	0.04144	
849.882	0.04833	
850.266	0.04535	
850.651	0.03312	
851.036	0.03719	
851.42	0.04249	
851.805	0.03274	
852.189	0.03593	
852.574	0.0289	
852.958	0.03434	
853.342	0.04386	
853.726	0.03297	
854.11	0.03928	
854.495	0.03922	
854.879	0.03583	
855.263	0.03511	
855.646	0.04433	
856.03	0.03985	
856.414	0.03909	
856.798	0.04136	
857.181	0.04492	
857.565	0.04654	
857.949	0.03906	
858.332	0.05059	
858.716	0.04486	
859.099	0.03433	
859.482	0.03775	
859.866	0.04646	
860.249	0.03524	
860.632	0.03992	
861.015	0.03898	
861.398	0.03414	
861.781	0.0366	
862.164	0.03982	
862.547	0.04146	
862.929	0.04221	
863.312	0.04405	
863.695	0.03591	
864.077	0.03785	
864.46	0.05241	
864.842	0.03845	
865.225	0.03544	
865.607	0.05128	
865.99	0.04709	
866.372	0.05003	
866.754	0.04343	
867.136	0.03142	
867.518	0.04559	
867.9	0.04498	
868.282	0.03863	
868.664	0.04242	
869.046	0.04632	
869.428	0.04202	
869.809	0.04502	
870.191	0.02904	
870.573	0.04018	
870.954	0.0491	
871.336	0.04221	
871.717	0.04503	
872.099	0.04276	
872.48	0.04652	
872.861	0.03762	
873.242	0.05446	
873.623	0.03859	
874.004	0.04203	
874.385	0.04034	
874.766	0.0407	
875.147	0.0396	
875.528	0.03112	
875.909	0.04589	
876.29	0.04118	
876.67	0.04486	
877.051	0.04047	
877.431	0.02772	
877.812	0.03591	
878.192	0.04016	
878.573	0.04583	
878.953	0.03187	
879.333	0.03795	
879.713	0.02355	
880.093	0.0418	
880.473	0.02544	
880.853	0.03638	
881.233	0.02898	
881.613	0.03438	
881.993	0.02604	
882.373	0.02059	
882.753	0.04237	
883.132	0.03011	
883.512	0.03039	
883.891	0.02523	
884.271	0.01979	
884.65	0.0398	
885.029	0.02323	
885.409	0.02097	
885.788	0.02915	
886.167	0.01914	
886.546	0.02823	
886.925	0.01782	
887.304	0.01387	
887.683	0.03179	
888.062	0.01434	
888.441	0.02386	
888.82	0.01672	
889.198	0.01965	
889.577	0.03177	
889.955	0.02212	
890.334	0.0188	
890.712	0.00774	
891.091	0.02106	
891.469	0.02588	
891.847	0.01706	
892.226	0.01074	
892.604	0.02029	
892.982	0.01426	
893.36	0.01336	
893.738	0.01258	
894.116	0.00959	
894.493	0.01354	
894.871	0.01298	
895.249	0.01426	
895.627	0.01807	
896.004	0.00964	
896.382	0.01676	
896.759	0.00608	
897.137	0.02576	
897.514	0.01439	
897.891	0.02068	
898.269	0.00699	
898.646	0.01585	
899.023	0.01316	
899.4	0.0017	
899.777	0.00353	
900.154	0.01113	
900.531	-0.00086	
900.908	0.00313	
901.284	0.00687	
901.661	-0.01551	
902.038	0.00074	
902.414	0.02023	
902.791	0.01328	
903.167	-0.00747	
903.544	-0.00707	
903.92	0.00635	
904.296	-0.00469	
904.672	-0.00561	
905.049	0.00529	
905.425	0.00071	
905.801	-0.0047	
906.177	-0.0154	
906.553	-0.00373	
906.929	-0.00036	
907.304	-0.02043	
907.68	-0.00666	
908.056	-0.01689	
908.431	-0.00927	
908.807	-0.02277	
909.182	-0.00398	
909.558	0.0037	
909.933	-0.00392	
910.309	-0.01956	
910.684	-0.00671	
911.059	-0.0094	
911.434	0.00196	
911.809	-0.01563	
912.184	-0.00414	
912.559	-0.02169	
912.934	-0.01965	
913.309	-0.02256	
913.684	0.00146	
914.058	-0.01481	
914.433	-0.01777	
914.808	0.00673	
915.182	-0.02624	
915.557	-0.02174	
915.931	-0.01902	
916.305	-0.02029	
916.68	-0.02176	
917.054	-0.00107	
917.428	-0.00704	
917.802	-0.01442	
918.176	-0.02272	
918.55	-0.02152	
918.924	0.01094	
919.298	-0.00281	
919.672	-0.02149	
920.045	-0.01316	
920.419	-0.00036	
920.793	-0.03202	
921.166	-0.04636	
921.54	-0.02298	
921.913	-0.01732	
922.287	-0.01235	
922.66	0.00777	
923.033	-0.0255	
923.406	-0.00264	
923.78	-0.01301	
924.153	-0.02149	
924.526	-0.01746	
924.899	-0.01841	
925.271	-0.04174	
925.644	0.00135	
926.017	-0.0206	
926.39	-0.01675	
926.762	-0.00927	
927.135	-0.00603	
927.508	-0.03346	
927.88	-0.00622	
928.252	-0.01044	
928.625	-0.02776	
928.997	-0.0353	
929.369	-0.03517	
929.741	-0.02535	
930.114	-0.01197	
930.486	-0.03224	
930.858	-0.02548	
931.229	-0.00984	
931.601	-0.021	
931.973	-0.01405	
932.345	-0.02455	
932.717	-0.0053	
933.088	-0.01813	
933.46	0.00493	
933.831	-0.00457	
934.203	-0.02253	
934.574	0.0009	
934.945	0.02221	
935.317	-0.03102	
935.688	-0.00574	
936.059	0.00585	
936.43	-0.00282	
936.801	0.0004	
937.172	-0.01685	
937.543	0.00401	
937.914	-0.03302	
938.284	-0.00185	
938.655	0.00829	
939.026	0.00708	
939.396	-0.00833	
939.767	-0.01645	
940.137	-0.0238	
940.508	-0.0034	
940.878	-0.03267	
941.248	-0.00823	
941.618	0.00982	
941.989	-0.02015	
942.359	0.00759	
942.729	-0.02204	
943.099	-0.01988	
943.469	-0.02889	
943.838	0.00593	
944.208	-0.00639	
944.578	-0.01058	
944.948	0.05399	
945.317	-0.02245	
945.687	0.02041	
946.056	0.04318	
946.426	0.01849	
946.795	-0.02844	
947.164	0.04702	
947.533	-0.00888	
947.903	-0.00114	
948.272	-0.00605	
948.641	0.01276	
949.01	-0.00486	
949.379	-0.01591	
949.748	0.04797	
950.116	-0.034	
950.485	-0.01142	
950.854	0.0412	
951.222	0.00635	
951.591	-0.04556	
951.959	-0.0042	
952.328	-0.02773	
952.696	-0.02963	
953.065	-0.00592	
953.433	-0.02389	
953.801	0.01633	
954.169	0.03458	
954.537	0.04473	
954.905	0.07933	
955.273	0.05553	
955.641	-0.08822	
956.009	0.04371	
956.377	0.03656	
956.744	-0.03133	
957.112	0.03646	
957.479	-0.00524	
957.847	0.02408	
958.214	0.0405	
958.582	-0.02377	
958.949	-0.02963	
959.316	0.12417	
959.684	0.0399	
960.051	-0.05443	
960.418	0.06389	
960.785	0.02559	
961.152	-0.00788	
961.519	-0.02138	
961.885	-0.01119	
962.252	0.00916	
962.619	0.01976	
962.986	0.00886	
963.352	0.02394	
963.719	0.00439	
964.085	0.01971	
964.452	-0.05684	
964.818	-0.05107	
965.184	-0.01115	
965.55	-0.03535	
965.916	-0.06386	
966.283	0.0152	
966.649	0.03209	
967.015	0.02641	
967.38	0.09502	
967.746	0.06289	
968.112	0.07752	
968.478	-0.07644	
968.843	-0.06079	
969.209	-0.02544	
969.575	-0.02538	
969.94	0.0281	
970.305	-0.00983	
970.671	0.04272	
971.036	0.0743	
971.401	0.13372	
971.766	0.01103	
972.132	-0.0431	
972.497	-0.00288	
972.862	-0.06049	
973.227	0.02912	
973.591	-0.00246	
973.956	-0.03591	
974.321	0.04915	
974.686	0.02366	
975.05	0.00713	
975.415	0.0216	
975.779	-0.03281	
976.144	0.01008	
976.508	0.05885	
976.872	0.17011	
977.236	-0.06208	
977.601	-0.04562	
977.965	-0.0777	
978.329	0.21537	
978.693	0.20156	
979.057	0.09569	
979.421	0.01633	
979.784	-0.09198	
980.148	0.07815	
980.512	0.10375	
980.875	0.11274	
981.239	0.0325	
981.602	-0.05058	
981.966	0.00207	
982.329	0.05891	
982.692	0.07169	
983.056	-0.06859	
983.419	0.04047	
983.782	-0.03658	
984.145	0.05954	
984.508	0.05898	
984.871	0.14445	
985.234	0.02305	
985.597	0.01133	
985.959	-0.03062	
986.322	0.26815	
986.685	-0.0227	
987.047	0.20047	
987.41	0.14137	
987.772	0.04844	
988.134	-0.11948	
988.497	-0.06928	
988.859	0.18861	
989.221	0.02152	
989.583	-0.0429	
989.945	0.13565	
990.307	0.00896	
990.669	-0.07214	
991.031	-0.01929	
991.393	0.13052	
991.755	0.03167	
992.116	0.09484	
992.478	0.04267	
992.839	0.06803	
993.201	0.06157	
993.562	0.19284	
993.924	0.0339	
994.285	0.02886	
994.646	-0.01624	
995.007	0.14607	
995.369	0.10174	
995.73	0.03498	
996.091	-0.00666	
996.451	0.01459	
996.812	0.0741	
997.173	0.17415	
997.534	0.05668	
997.895	0.08974	
998.255	0.06796	
998.616	-0.041	
998.976	-0.00648	
999.337	0.20054	
999.697	-0.02885	
1000.057	-0.00714	
1000.418	0.17352	
1000.778	0.04462	
1001.138	-0.0366	
1001.498	-0.03717	
1001.858	0.19071	
1002.218	0.00237	
1002.578	0.11842	
1002.937	-0.0148	
1003.297	0.13521	
1003.657	0.0037	
1004.016	-0.09552	
1004.376	-0.04841	
1004.735	0.16807	
1005.095	0.0721	
1005.454	0.16195	
1005.813	0.09881	
1006.173	-0.07054	
1006.532	-0.07899	
1006.891	-0.01194	
1007.25	0.24897	
1007.609	-0.01946	
1007.968	0.01065	
1008.327	-0.01737	
1008.686	-0.05713	
1009.044	-0.0895	
1009.403	0.07487	
1009.762	0.0025	
1010.12	0.00719	
1010.479	0.11789	
1010.837	0.08805	
1011.195	-0.18974	
1011.554	0.05519	
1011.912	-0.28722	
1012.27	-0.03182	
1012.628	-0.19302	
1012.986	0.04011	
1013.344	-0.07179	
1013.702	0.17562	
1014.06	0.01926	
1014.418	-0.02327	
1014.775	-0.10793	
1015.133	0.03854	
1015.491	0.1003	
1015.848	0.16	
1016.206	0.08682	
1016.563	0.05429	
1016.92	0.18306	
1017.278	0.20961	
1017.635	-0.08125	
1017.992	-0.08405	
1018.349	-0.04304	
1018.706	-0.0409	
1019.063	-0.07522	
1019.42	-0.05856	
1019.777	-0.01469	
1020.134	0.34953	
1020.49	0.65523	
1020.847	0.24943	
1021.203	0.05555	
1021.56	0.02929	
1021.916	0.06856	
1022.273	-0.0013	
1022.629	0.10116	
1022.985	-0.00678	
1023.342	-0.10839	
1023.698	0.09983	
1024.054	0.1601	
1024.41	0.0674	
1024.766	-0.12254	
1025.122	0.0413	
1025.477	0.08406	
1025.833	0.14315	
1026.189	-0.04916	
1026.545	0.12863	
1026.9	0.19191	
1027.256	0.06782	
1027.611	0.08163	
1027.966	0.29464	
1028.322	-0.13912	
1028.677	-0.05692	
1029.032	0.03829	
1029.387	0.1626	
1029.742	-0.01036	
1030.097	0.07045	
1030.452	-0.05133	
1030.807	0.07849	
1031.162	-0.11567	
1031.517	0.26262	
1031.871	0.18925	
1032.226	0.1791	
1032.581	0.1791	
1032.935	0.1791	
