Absorbance:264		
187.856	-0	
188.32	-0	
188.785	-0	
189.249	-0	
189.713	0.47335	
190.178	0.4422	
190.642	0.17333	
191.106	0.1969	
191.57	0.25136	
192.034	-0.06175	
192.498	-0	
192.963	-0.66608	
193.427	-0.02278	
193.89	0.71278	
194.354	-0.18595	
194.818	-0.86976	
195.282	1.02201	
195.746	-0	
196.21	-0.07302	
196.673	-0	
197.137	-0	
197.601	-0.00168	
198.064	-0	
198.528	0.14202	
198.991	0.11446	
199.454	0.17599	
199.918	0.15989	
200.381	0.11427	
200.844	0.03762	
201.308	0.15468	
201.771	0.14574	
202.234	0.08557	
202.697	0.13474	
203.16	0.0415	
203.623	0.04533	
204.086	0.03537	
204.549	0.10517	
205.012	0.06113	
205.475	0.07449	
205.938	0.09198	
206.4	0.12423	
206.863	0.10475	
207.326	0.0779	
207.788	0.03634	
208.251	0.02728	
208.714	0.08939	
209.176	0.13668	
209.639	0.06646	
210.101	0.21423	
210.563	0.15947	
211.026	0.08536	
211.488	0.13171	
211.95	0.13589	
212.412	0.21308	
212.874	0.24013	
213.337	0.23002	
213.799	0.2624	
214.261	0.22371	
214.723	0.21311	
215.184	0.29264	
215.646	0.25893	
216.108	0.27565	
216.57	0.31017	
217.032	0.25128	
217.493	0.25608	
217.955	0.23695	
218.417	0.2233	
218.878	0.21111	
219.34	0.19897	
219.801	0.18051	
220.263	0.16265	
220.724	0.14904	
221.185	0.13975	
221.647	0.13617	
222.108	0.11967	
222.569	0.11077	
223.03	0.10568	
223.491	0.09544	
223.952	0.08955	
224.413	0.08827	
224.874	0.08344	
225.335	0.07563	
225.796	0.06976	
226.257	0.06617	
226.718	0.06805	
227.179	0.05878	
227.639	0.05418	
228.1	0.05332	
228.561	0.04894	
229.021	0.04948	
229.482	0.04877	
229.942	0.04584	
230.403	0.05068	
230.863	0.04447	
231.323	0.03778	
231.784	0.04425	
232.244	0.04128	
232.704	0.03958	
233.164	0.04086	
233.625	0.04032	
234.085	0.03414	
234.545	0.03639	
235.005	0.03133	
235.465	0.03253	
235.925	0.03641	
236.384	0.03642	
236.844	0.03432	
237.304	0.03115	
237.764	0.0311	
238.223	0.04074	
238.683	0.03188	
239.143	0.03517	
239.602	0.03123	
240.062	0.02722	
240.521	0.02605	
240.98	0.03908	
241.44	0.02285	
241.899	0.03565	
242.358	0.02994	
242.818	0.02376	
243.277	0.02626	
243.736	0.0274	
244.195	0.02252	
244.654	0.02441	
245.113	0.02477	
245.572	0.02388	
246.031	0.02433	
246.49	0.0152	
246.949	0.01685	
247.408	0.02448	
247.866	0.02076	
248.325	0.01486	
248.784	0.01384	
249.242	0.01319	
249.701	0.01608	
250.159	0.01035	
250.618	0.01742	
251.076	0.00516	
251.534	0.01316	
251.993	0.01414	
252.451	0.00902	
252.909	0.01014	
253.368	0.01109	
253.826	0.01225	
254.284	0.01241	
254.742	0.00898	
255.2	0.00669	
255.658	0.00644	
256.116	0.01162	
256.574	0.01163	
257.031	0.01063	
257.489	0.00989	
257.947	0.00513	
258.405	0.00687	
258.862	0.00615	
259.32	0.00443	
259.777	0.01135	
260.235	0.00204	
260.692	0.00902	
261.15	0.00333	
261.607	0.00874	
262.065	0.00697	
262.522	0.00523	
262.979	0.00178	
263.436	0.00759	
263.893	0.00848	
264.351	0.00069	
264.808	0.00808	
265.265	0.00646	
265.722	0.00136	
266.178	0.00514	
266.635	0.00389	
267.092	-0.00082	
267.549	0.0069	
268.006	0.00262	
268.462	0.00183	
268.919	0.00412	
269.376	0.00243	
269.832	0.00104	
270.289	0.00617	
270.745	-0.00023	
271.202	-0.00218	
271.658	0.00075	
272.114	-0.00115	
272.571	0.00484	
273.027	0.00511	
273.483	0.00217	
273.939	0.00255	
274.395	0.00191	
274.851	0.0005	
275.307	-0.00036	
275.763	-0.00243	
276.219	0.00089	
276.675	-0.00149	
277.131	0.00311	
277.587	-0.00183	
278.042	-0.00194	
278.498	0.00184	
278.954	0.00147	
279.409	-0.00206	
279.865	0.00315	
280.32	0.00007	
280.776	0.00091	
281.231	0.00034	
281.687	-0.00003	
282.142	0.00316	
282.597	-0.0008	
283.052	0.00012	
283.508	-0.00084	
283.963	-0.00103	
284.418	0.00329	
284.873	0.00292	
285.328	-0.0014	
285.783	0.00073	
286.238	0.00007	
286.693	-0.00058	
287.147	-0.0018	
287.602	-0.0015	
288.057	-0.00368	
288.512	-0.00097	
288.966	-0.00228	
289.421	-0.00068	
289.875	-0.00257	
290.33	-0.00027	
290.784	0.00097	
291.239	-0.0024	
291.693	-0.00613	
292.147	0.00011	
292.602	-0.00502	
293.056	-0.0037	
293.51	-0.00174	
293.964	-0.00186	
294.418	-0.00275	
294.872	-0.00422	
295.326	-0.00281	
295.78	-0.00308	
296.234	-0.00138	
296.688	-0.00042	
297.142	-0.004	
297.595	-0.00742	
298.049	-0.00671	
298.503	-0.00171	
298.956	-0.00099	
299.41	-0.00606	
299.863	-0.0011	
300.317	-0.0056	
300.77	-0.0015	
301.224	-0.00286	
301.677	0.00049	
302.13	-0.00185	
302.584	-0.00608	
303.037	-0.00632	
303.49	-0.00245	
303.943	-0.00229	
304.396	-0.00589	
304.849	-0.00352	
305.302	-0.00798	
305.755	-0.00458	
306.208	-0.00347	
306.661	0.00154	
307.114	-0.00664	
307.566	-0.00029	
308.019	-0.00898	
308.472	-0.01	
308.924	-0.00773	
309.377	-0.00708	
309.829	-0.00514	
310.282	-0.00656	
310.734	-0.01037	
311.187	-0.0046	
311.639	-0.00213	
312.091	-0.00975	
312.543	-0.00614	
312.995	-0.0024	
313.448	-0.01015	
313.9	-0.00735	
314.352	-0.00448	
314.804	-0.00386	
315.256	-0.00106	
315.708	-0.01177	
316.159	-0.00431	
316.611	-0.00253	
317.063	-0.00233	
317.515	-0.00406	
317.966	-0.00273	
318.418	-0.01067	
318.87	-0.00337	
319.321	-0.00444	
319.773	-0.00284	
320.224	-0.00365	
320.675	-0.00222	
321.127	-0.00696	
321.578	-0.00231	
322.029	-0.00434	
322.48	0.00119	
322.932	-0.00614	
323.383	-0.00478	
323.834	-0.00367	
324.285	0.00535	
324.736	-0.00343	
325.187	-0.00061	
325.638	0.00205	
326.088	-0.00298	
326.539	-0.00677	
326.99	-0.00477	
327.441	-0.00135	
327.891	-0.00091	
328.342	-0.00168	
328.792	-0.00509	
329.243	-0.00291	
329.693	-0.00231	
330.144	-0.01154	
330.594	-0.00793	
331.044	-0.01079	
331.495	-0.01485	
331.945	-0.01733	
332.395	-0.00791	
332.845	0.00077	
333.295	0.00848	
333.745	0.01224	
334.195	0.01443	
334.645	0.00368	
335.095	-0.00126	
335.545	-0.00999	
335.995	-0.01208	
336.444	-0.00413	
336.894	-0.00904	
337.344	0.00268	
337.793	-0.00496	
338.243	-0.01267	
338.692	-0.01014	
339.142	-0.00881	
339.591	-0.00532	
340.041	-0.00475	
340.49	-0.00017	
340.939	-0.00149	
341.388	-0.00682	
341.838	0.00106	
342.287	-0.00414	
342.736	-0.00441	
343.185	-0.00464	
343.634	-0.00423	
344.083	-0.00291	
344.532	-0.00392	
344.981	0.00297	
345.429	0.00098	
345.878	0.00345	
346.327	-0.00199	
346.776	-0.00221	
347.224	-0.00051	
347.673	-0.00807	
348.121	-0.00431	
348.57	-0.00292	
349.018	0.00201	
349.467	-0.00357	
349.915	0.00155	
350.363	-0.00752	
350.811	-0.00882	
351.26	0.0022	
351.708	0.00243	
352.156	0.00133	
352.604	0.00007	
353.052	0.00174	
353.5	-0.00121	
353.948	0.00019	
354.396	-0.0073	
354.843	0.00503	
355.291	-0.00646	
355.739	-0.00228	
356.186	-0.00526	
356.634	0.00125	
357.082	0.00416	
357.529	-0.00481	
357.977	0.00588	
358.424	-0.0037	
358.871	0.00237	
359.319	-0.00202	
359.766	-0.00645	
360.213	0.00221	
360.661	0.00431	
361.108	0.00408	
361.555	-0.00399	
362.002	0.00268	
362.449	-0.00245	
362.896	0.00325	
363.343	-0.00659	
363.79	0.00538	
364.236	0.00043	
364.683	-0.0046	
365.13	0.00992	
365.577	0.0022	
366.023	0.00557	
366.47	0.00135	
366.916	0.00478	
367.363	0.00512	
367.809	0.00131	
368.256	0.00819	
368.702	0.00284	
369.148	0.00802	
369.594	0.00395	
370.041	0.00903	
370.487	0.00681	
370.933	0.01127	
371.379	0.01355	
371.825	0.01023	
372.271	0.01476	
372.717	0.01277	
373.163	0.00866	
373.608	0.0046	
374.054	0.00913	
374.5	0.01363	
374.946	0.01183	
375.391	0.01263	
375.837	0.01306	
376.282	0.0148	
376.728	0.02084	
377.173	0.00855	
377.618	0.01881	
378.064	0.01544	
378.509	0.01698	
378.954	0.00936	
379.4	0.02313	
379.845	0.01107	
380.29	0.02048	
380.735	0.03173	
381.18	0.01916	
381.625	0.02126	
382.07	0.02653	
382.514	0.01932	
382.959	0.02058	
383.404	0.01832	
383.849	0.03346	
384.293	0.02327	
384.738	0.03435	
385.183	0.02536	
385.627	0.02757	
386.072	0.02646	
386.516	0.03004	
386.96	0.01907	
387.405	0.03601	
387.849	0.02677	
388.293	0.03284	
388.737	0.04267	
389.181	0.04054	
389.626	0.03365	
390.07	0.04198	
390.514	0.03097	
390.957	0.04516	
391.401	0.04061	
391.845	0.03826	
392.289	0.0298	
392.733	0.03469	
393.176	0.03441	
393.62	0.04471	
394.064	0.04448	
394.507	0.04352	
394.951	0.0492	
395.394	0.05236	
395.838	0.05413	
396.281	0.05523	
396.724	0.04664	
397.168	0.04781	
397.611	0.0505	
398.054	0.04084	
398.497	0.05085	
398.94	0.04737	
399.383	0.04661	
399.826	0.05187	
400.269	0.0501	
400.712	0.05407	
401.155	0.06308	
401.597	0.05877	
402.04	0.05864	
402.483	0.06319	
402.925	0.05755	
403.368	0.05943	
403.811	0.056	
404.253	0.06031	
404.696	0.06083	
405.138	0.05451	
405.58	0.06596	
406.023	0.06469	
406.465	0.06568	
406.907	0.05865	
407.349	0.06959	
407.791	0.06663	
408.233	0.06418	
408.675	0.06352	
409.117	0.07188	
409.559	0.07245	
410.001	0.06487	
410.443	0.06925	
410.885	0.07127	
411.326	0.07792	
411.768	0.07969	
412.21	0.08194	
412.651	0.07526	
413.093	0.08384	
413.534	0.08945	
413.975	0.0758	
414.417	0.0931	
414.858	0.07474	
415.299	0.09897	
415.741	0.09084	
416.182	0.08661	
416.623	0.08808	
417.064	0.0959	
417.505	0.09279	
417.946	0.08873	
418.387	0.09692	
418.828	0.09899	
419.269	0.08944	
419.709	0.10658	
420.15	0.10435	
420.591	0.10138	
421.031	0.10512	
421.472	0.11297	
421.913	0.10071	
422.353	0.1149	
422.794	0.12772	
423.234	0.11604	
423.674	0.11156	
424.115	0.12667	
424.555	0.12065	
424.995	0.13071	
425.435	0.13441	
425.875	0.12953	
426.315	0.1244	
426.755	0.13968	
427.195	0.13739	
427.635	0.14215	
428.075	0.15233	
428.515	0.15493	
428.955	0.14582	
429.394	0.15658	
429.834	0.14853	
430.274	0.1598	
430.713	0.16492	
431.153	0.17452	
431.592	0.17929	
432.031	0.17577	
432.471	0.18107	
432.91	0.18304	
433.349	0.18379	
433.789	0.19711	
434.228	0.19584	
434.667	0.20525	
435.106	0.20124	
435.545	0.19972	
435.984	0.20193	
436.423	0.209	
436.862	0.21011	
437.301	0.21981	
437.739	0.22461	
438.178	0.24327	
438.617	0.22856	
439.055	0.2369	
439.494	0.25044	
439.932	0.24439	
440.371	0.23672	
440.809	0.24899	
441.248	0.27273	
441.686	0.26822	
442.124	0.27071	
442.563	0.28376	
443.001	0.26784	
443.439	0.28554	
443.877	0.28466	
444.315	0.29076	
444.753	0.28954	
445.191	0.30692	
445.629	0.30929	
446.067	0.31542	
446.504	0.30739	
446.942	0.3129	
447.38	0.3269	
447.817	0.33733	
448.255	0.35188	
448.693	0.34422	
449.13	0.35653	
449.568	0.35902	
450.005	0.35384	
450.442	0.38746	
450.88	0.38122	
451.317	0.38944	
451.754	0.39244	
452.191	0.3944	
452.628	0.40643	
453.065	0.39121	
453.502	0.41569	
453.939	0.42144	
454.376	0.41274	
454.813	0.42415	
455.25	0.43693	
455.686	0.43314	
456.123	0.43856	
456.56	0.45189	
456.996	0.45625	
457.433	0.45494	
457.869	0.46351	
458.306	0.47711	
458.742	0.48207	
459.179	0.48345	
459.615	0.47924	
460.051	0.49389	
460.487	0.50814	
460.924	0.51147	
461.36	0.50515	
461.796	0.52197	
462.232	0.50515	
462.668	0.51062	
463.104	0.52036	
463.539	0.51529	
463.975	0.52115	
464.411	0.52145	
464.847	0.53495	
465.282	0.52165	
465.718	0.5339	
466.153	0.54354	
466.589	0.54441	
467.024	0.55537	
467.46	0.55269	
467.895	0.54955	
468.33	0.55203	
468.766	0.56211	
469.201	0.56819	
469.636	0.57327	
470.071	0.57603	
470.506	0.57834	
470.941	0.58432	
471.376	0.5801	
471.811	0.57646	
472.246	0.58111	
472.681	0.60795	
473.115	0.61696	
473.55	0.59703	
473.985	0.6076	
474.419	0.61832	
474.854	0.60537	
475.288	0.61823	
475.723	0.60525	
476.157	0.62732	
476.592	0.62632	
477.026	0.62593	
477.46	0.64712	
477.894	0.62447	
478.329	0.63456	
478.763	0.62993	
479.197	0.62223	
479.631	0.63238	
480.065	0.65587	
480.499	0.63803	
480.932	0.63208	
481.366	0.64805	
481.8	0.65231	
482.234	0.63555	
482.667	0.64901	
483.101	0.66521	
483.535	0.65983	
483.968	0.66136	
484.401	0.66325	
484.835	0.66602	
485.268	0.66857	
485.702	0.66955	
486.135	0.66719	
486.568	0.68312	
487.001	0.67627	
487.434	0.68934	
487.867	0.69285	
488.3	0.6975	
488.733	0.69274	
489.166	0.68959	
489.599	0.7162	
490.032	0.71559	
490.464	0.70911	
490.897	0.71303	
491.33	0.72275	
491.762	0.71033	
492.195	0.71802	
492.627	0.71232	
493.06	0.73965	
493.492	0.72608	
493.925	0.73399	
494.357	0.74284	
494.789	0.7487	
495.221	0.74856	
495.653	0.7513	
496.086	0.76693	
496.518	0.7731	
496.95	0.76426	
497.382	0.77269	
497.813	0.77205	
498.245	0.77437	
498.677	0.76771	
499.109	0.78183	
499.54	0.79352	
499.972	0.79414	
500.404	0.79845	
500.835	0.79297	
501.267	0.80169	
501.698	0.79842	
502.129	0.80614	
502.561	0.81392	
502.992	0.8114	
503.423	0.80956	
503.855	0.82797	
504.286	0.8377	
504.717	0.83513	
505.148	0.83091	
505.579	0.82094	
506.01	0.82603	
506.441	0.85108	
506.871	0.81547	
507.302	0.83121	
507.733	0.83455	
508.163	0.8472	
508.594	0.83341	
509.025	0.84014	
509.455	0.84556	
509.886	0.83956	
510.316	0.84271	
510.746	0.85374	
511.177	0.83511	
511.607	0.83089	
512.037	0.86195	
512.467	0.83682	
512.898	0.85784	
513.328	0.84359	
513.758	0.85605	
514.188	0.84514	
514.617	0.84537	
515.047	0.84031	
515.477	0.83915	
515.907	0.84918	
516.337	0.83511	
516.766	0.83664	
517.196	0.83121	
517.625	0.81664	
518.055	0.80825	
518.484	0.82896	
518.914	0.83168	
519.343	0.82378	
519.772	0.82728	
520.202	0.81113	
520.631	0.81392	
521.06	0.81571	
521.489	0.80858	
521.918	0.8108	
522.347	0.81519	
522.776	0.79645	
523.205	0.79734	
523.634	0.80594	
524.063	0.78176	
524.491	0.78312	
524.92	0.78088	
525.349	0.77482	
525.777	0.76509	
526.206	0.75727	
526.634	0.73799	
527.063	0.74879	
527.491	0.76073	
527.919	0.75231	
528.348	0.74653	
528.776	0.72759	
529.204	0.72383	
529.632	0.73436	
530.06	0.69884	
530.488	0.70679	
530.916	0.70591	
531.344	0.69223	
531.772	0.69438	
532.2	0.68266	
532.627	0.68356	
533.055	0.6843	
533.483	0.67272	
533.91	0.66419	
534.338	0.65697	
534.765	0.65466	
535.193	0.64672	
535.62	0.62392	
536.048	0.63324	
536.475	0.61771	
536.902	0.62845	
537.329	0.5959	
537.757	0.59528	
538.184	0.59367	
538.611	0.58464	
539.038	0.58021	
539.465	0.56864	
539.892	0.56353	
540.318	0.5654	
540.745	0.5484	
541.172	0.5357	
541.599	0.53633	
542.025	0.5314	
542.452	0.51672	
542.878	0.51425	
543.305	0.50833	
543.731	0.49214	
544.158	0.49433	
544.584	0.48539	
545.01	0.47012	
545.436	0.46047	
545.862	0.46741	
546.289	0.45533	
546.715	0.4482	
547.141	0.43334	
547.567	0.43054	
547.993	0.42873	
548.418	0.42397	
548.844	0.41982	
549.27	0.40185	
549.696	0.40253	
550.121	0.39754	
550.547	0.39404	
550.972	0.37331	
551.398	0.38006	
551.823	0.37479	
552.249	0.36861	
552.674	0.3505	
553.099	0.35705	
553.525	0.33861	
553.95	0.33711	
554.375	0.34086	
554.8	0.33283	
555.225	0.3245	
555.65	0.31257	
556.075	0.31023	
556.5	0.3075	
556.925	0.30571	
557.349	0.29988	
557.774	0.28135	
558.199	0.28969	
558.623	0.27909	
559.048	0.27584	
559.472	0.26766	
559.897	0.2703	
560.321	0.27001	
560.746	0.25777	
561.17	0.25703	
561.594	0.2416	
562.018	0.23929	
562.443	0.23879	
562.867	0.23586	
563.291	0.22425	
563.715	0.22471	
564.139	0.22161	
564.562	0.21589	
564.986	0.21392	
565.41	0.20212	
565.834	0.19703	
566.257	0.20733	
566.681	0.20157	
567.105	0.1911	
567.528	0.19248	
567.952	0.18184	
568.375	0.18905	
568.798	0.17159	
569.222	0.17167	
569.645	0.17469	
570.068	0.16565	
570.491	0.1557	
570.914	0.1579	
571.337	0.16112	
571.76	0.14929	
572.183	0.14993	
572.606	0.14813	
573.029	0.14063	
573.452	0.14943	
573.875	0.14149	
574.297	0.1301	
574.72	0.13362	
575.143	0.12744	
575.565	0.13318	
575.988	0.12992	
576.41	0.12564	
576.832	0.1261	
577.255	0.1218	
577.677	0.11479	
578.099	0.11029	
578.521	0.11463	
578.943	0.11446	
579.365	0.11547	
579.787	0.11523	
580.209	0.11112	
580.631	0.10816	
581.053	0.09787	
581.475	0.09673	
581.897	0.09447	
582.318	0.0986	
582.74	0.10432	
583.162	0.10441	
583.583	0.09965	
584.005	0.10431	
584.426	0.09481	
584.847	0.09448	
585.269	0.09249	
585.69	0.0934	
586.111	0.09475	
586.532	0.09458	
586.954	0.09386	
587.375	0.09506	
587.796	0.097	
588.217	0.08951	
588.637	0.09264	
589.058	0.08783	
589.479	0.08671	
589.9	0.08681	
590.32	0.08794	
590.741	0.08676	
591.162	0.08261	
591.582	0.09114	
592.003	0.08933	
592.423	0.08538	
592.844	0.08014	
593.264	0.06937	
593.684	0.0764	
594.104	0.0752	
594.524	0.08016	
594.945	0.08107	
595.365	0.08003	
595.785	0.07876	
596.205	0.08182	
596.625	0.0768	
597.044	0.07773	
597.464	0.07258	
597.884	0.0759	
598.304	0.07372	
598.723	0.07679	
599.143	0.06764	
599.562	0.07269	
599.982	0.07108	
600.401	0.0682	
600.821	0.07134	
601.24	0.07548	
601.659	0.08079	
602.078	0.07134	
602.498	0.07862	
602.917	0.07736	
603.336	0.07921	
603.755	0.07338	
604.174	0.06578	
604.593	0.07371	
605.011	0.07213	
605.43	0.0695	
605.849	0.06971	
606.268	0.07121	
606.686	0.07255	
607.105	0.07208	
607.523	0.0747	
607.942	0.07178	
608.36	0.07432	
608.779	0.0743	
609.197	0.07431	
609.615	0.07099	
610.033	0.0718	
610.451	0.06758	
610.87	0.07447	
611.288	0.07574	
611.706	0.0757	
612.124	0.07013	
612.541	0.07449	
612.959	0.07256	
613.377	0.07134	
613.795	0.07213	
614.212	0.06632	
614.63	0.07415	
615.048	0.07006	
615.465	0.07285	
615.883	0.06697	
616.3	0.07023	
616.717	0.07208	
617.135	0.07283	
617.552	0.07329	
617.969	0.06909	
618.386	0.06516	
618.803	0.06885	
619.22	0.07527	
619.637	0.07284	
620.054	0.07189	
620.471	0.06753	
620.888	0.07643	
621.305	0.074	
621.721	0.07205	
622.138	0.07328	
622.555	0.07745	
622.971	0.06418	
623.388	0.07137	
623.804	0.06806	
624.221	0.06774	
624.637	0.07239	
625.053	0.07263	
625.47	0.07078	
625.886	0.07232	
626.302	0.06838	
626.718	0.0649	
627.134	0.0652	
627.55	0.06896	
627.966	0.07071	
628.382	0.07373	
628.797	0.06771	
629.213	0.07253	
629.629	0.07064	
630.045	0.06956	
630.46	0.06953	
630.876	0.07569	
631.291	0.06952	
631.707	0.06988	
632.122	0.06965	
632.537	0.07256	
632.953	0.06797	
633.368	0.07531	
633.783	0.06729	
634.198	0.06675	
634.613	0.07022	
635.028	0.06654	
635.443	0.06913	
635.858	0.06549	
636.273	0.07274	
636.688	0.0642	
637.102	0.06418	
637.517	0.06567	
637.932	0.07075	
638.346	0.06999	
638.761	0.06415	
639.175	0.06697	
639.59	0.06622	
640.004	0.06307	
640.418	0.06891	
640.832	0.06906	
641.247	0.06915	
641.661	0.0689	
642.075	0.06361	
642.489	0.06545	
642.903	0.06814	
643.317	0.06506	
643.731	0.06963	
644.145	0.06958	
644.558	0.06528	
644.972	0.06084	
645.386	0.0658	
645.799	0.07398	
646.213	0.06212	
646.626	0.06495	
647.04	0.06058	
647.453	0.06138	
647.866	0.06521	
648.28	0.06327	
648.693	0.06095	
649.106	0.06192	
649.519	0.06364	
649.932	0.06716	
650.345	0.06394	
650.758	0.0605	
651.171	0.06006	
651.584	0.06231	
651.997	0.05828	
652.41	0.0647	
652.822	0.06118	
653.235	0.06382	
653.647	0.06426	
654.06	0.06321	
654.472	0.06151	
654.885	0.05761	
655.297	0.05485	
655.71	0.05676	
656.122	0.04672	
656.534	0.05327	
656.946	0.05858	
657.358	0.06509	
657.77	0.05007	
658.182	0.05739	
658.594	0.05859	
659.006	0.06263	
659.418	0.05977	
659.83	0.0534	
660.241	0.06154	
660.653	0.05551	
661.065	0.0522	
661.476	0.05574	
661.888	0.05277	
662.299	0.05431	
662.71	0.0584	
663.122	0.05339	
663.533	0.05826	
663.944	0.05254	
664.355	0.0542	
664.767	0.05016	
665.178	0.05931	
665.589	0.05103	
666	0.05707	
666.41	0.05833	
666.821	0.05283	
667.232	0.05436	
667.643	0.05201	
668.053	0.05144	
668.464	0.05097	
668.875	0.05062	
669.285	0.04918	
669.696	0.05044	
670.106	0.05418	
670.516	0.05492	
670.927	0.0512	
671.337	0.05349	
671.747	0.04613	
672.157	0.05034	
672.567	0.05058	
672.977	0.05128	
673.387	0.04914	
673.797	0.04498	
674.207	0.04965	
674.617	0.05644	
675.027	0.0457	
675.436	0.04178	
675.846	0.04666	
676.256	0.04401	
676.665	0.04746	
677.075	0.04861	
677.484	0.05378	
677.893	0.05023	
678.303	0.0528	
678.712	0.04658	
679.121	0.04198	
679.53	0.0488	
679.939	0.04681	
680.348	0.046	
680.757	0.04896	
681.166	0.04508	
681.575	0.04008	
681.984	0.04403	
682.393	0.04492	
682.802	0.04528	
683.21	0.04537	
683.619	0.04544	
684.027	0.04187	
684.436	0.04127	
684.844	0.04025	
685.253	0.03953	
685.661	0.0479	
686.069	0.04258	
686.477	0.03786	
686.886	0.04489	
687.294	0.04661	
687.702	0.0418	
688.11	0.03886	
688.518	0.04686	
688.926	0.04226	
689.333	0.03956	
689.741	0.03864	
690.149	0.0389	
690.557	0.0459	
690.964	0.04017	
691.372	0.03846	
691.779	0.0428	
692.187	0.04112	
692.594	0.03467	
693.001	0.04283	
693.409	0.03476	
693.816	0.04133	
694.223	0.03619	
694.63	0.04123	
695.037	0.03077	
695.444	0.0382	
695.851	0.02839	
696.258	0.03429	
696.665	0.03555	
697.072	0.03641	
697.479	0.03437	
697.885	0.03801	
698.292	0.03515	
698.698	0.03567	
699.105	0.038	
699.511	0.03779	
699.918	0.03684	
700.324	0.03356	
700.73	0.04065	
701.137	0.03454	
701.543	0.03158	
701.949	0.03039	
702.355	0.02812	
702.761	0.03508	
703.167	0.02664	
703.573	0.02728	
703.979	0.02932	
704.385	0.03257	
704.79	0.03197	
705.196	0.03308	
705.602	0.03353	
706.007	0.02982	
706.413	0.02779	
706.818	0.02908	
707.224	0.0269	
707.629	0.0291	
708.034	0.02466	
708.439	0.0296	
708.845	0.02428	
709.25	0.03004	
709.655	0.03405	
710.06	0.02787	
710.465	0.0294	
710.87	0.0268	
711.275	0.02933	
711.679	0.03001	
712.084	0.02884	
712.489	0.03273	
712.893	0.0246	
713.298	0.02511	
713.702	0.02609	
714.107	0.03439	
714.511	0.03255	
714.916	0.03113	
715.32	0.02593	
715.724	0.02488	
716.128	0.02754	
716.533	0.02812	
716.937	0.02585	
717.341	0.02926	
717.745	0.02548	
718.149	0.02616	
718.552	0.02321	
718.956	0.03228	
719.36	0.02597	
719.764	0.02572	
720.167	0.02507	
720.571	0.0238	
720.974	0.03366	
721.378	0.02412	
721.781	0.02414	
722.185	0.02533	
722.588	0.0223	
722.991	0.0324	
723.394	0.02522	
723.797	0.02706	
724.2	0.02455	
724.603	0.03007	
725.006	0.02357	
725.409	0.02616	
725.812	0.02329	
726.215	0.02383	
726.618	0.02183	
727.02	0.02344	
727.423	0.02025	
727.826	0.02441	
728.228	0.0242	
728.631	0.01639	
729.033	0.02542	
729.435	0.02529	
729.838	0.01942	
730.24	0.02417	
730.642	0.01595	
731.044	0.02392	
731.446	0.02431	
731.848	0.01631	
732.25	0.01897	
732.652	0.0199	
733.054	0.01414	
733.456	0.02121	
733.857	0.02544	
734.259	0.01949	
734.661	0.01497	
735.062	0.02561	
735.464	0.01597	
735.865	0.01875	
736.267	0.01917	
736.668	0.02357	
737.069	0.02142	
737.47	0.02024	
737.872	0.01517	
738.273	0.01411	
738.674	0.01684	
739.075	0.02286	
739.476	0.0186	
739.877	0.01662	
740.278	0.01826	
740.678	0.02321	
741.079	0.01718	
741.48	0.02057	
741.88	0.01917	
742.281	0.01234	
742.681	0.02014	
743.082	0.01711	
743.482	0.02236	
743.882	0.01567	
744.283	0.02026	
744.683	0.02002	
745.083	0.018	
745.483	0.01577	
745.883	0.01595	
746.283	0.02663	
746.683	0.01649	
747.083	0.01853	
747.483	0.01505	
747.883	0.01899	
748.282	0.02011	
748.682	0.01364	
749.082	0.02276	
749.481	0.02351	
749.881	0.01268	
750.28	0.01362	
750.679	0.02346	
751.079	0.02054	
751.478	0.01889	
751.877	0.02176	
752.276	0.02413	
752.675	0.01726	
753.074	0.02074	
753.473	0.01871	
753.872	0.01908	
754.271	0.01974	
754.67	0.01992	
755.069	0.02193	
755.467	0.01182	
755.866	0.01749	
756.265	0.01813	
756.663	0.01595	
757.062	0.01459	
757.46	0.01697	
757.858	0.01919	
758.257	0.01424	
758.655	0.02255	
759.053	0.01676	
759.451	0.01456	
759.849	0.0192	
760.247	0.01683	
760.645	0.01247	
761.043	0.01747	
761.441	0.02325	
761.839	0.0152	
762.237	0.01377	
762.634	0.0126	
763.032	0.01789	
763.429	0.01788	
763.827	0.01637	
764.224	0.01668	
764.622	0.01187	
765.019	0.01924	
765.416	0.01378	
765.814	0.02086	
766.211	0.01607	
766.608	0.0167	
767.005	0.01617	
767.402	0.01724	
767.799	0.0161	
768.196	0.02139	
768.593	0.01526	
768.989	0.01455	
769.386	0.02529	
769.783	0.01471	
770.179	0.01567	
770.576	0.01509	
770.972	0.02024	
771.369	0.01315	
771.765	0.02162	
772.161	0.01149	
772.558	0.01475	
772.954	0.00952	
773.35	0.01742	
773.746	0.0164	
774.142	0.01286	
774.538	0.0191	
774.934	0.01763	
775.33	0.02	
775.726	0.01739	
776.121	0.01404	
776.517	0.01929	
776.913	0.01565	
777.308	0.01301	
777.704	0.01535	
778.099	0.01818	
778.495	0.01379	
778.89	0.01411	
779.285	0.01549	
779.68	0.01655	
780.076	0.0169	
780.471	0.01338	
780.866	0.01863	
781.261	0.00814	
781.656	0.01071	
782.051	0.01058	
782.445	0.0108	
782.84	0.01008	
783.235	0.01169	
783.63	0.01474	
784.024	0.0138	
784.419	0.014	
784.813	0.01412	
785.208	0.01049	
785.602	0.01396	
785.996	0.01872	
786.391	0.01582	
786.785	0.01428	
787.179	0.01398	
787.573	0.01509	
787.967	0.00945	
788.361	0.00869	
788.755	0.01577	
789.149	0.0119	
789.543	0.01793	
789.936	0.01379	
790.33	0.01286	
790.724	0.01652	
791.117	0.01789	
791.511	0.01365	
791.904	0.00755	
792.298	0.01418	
792.691	0.0168	
793.084	0.01579	
793.477	0.01952	
793.871	0.01001	
794.264	0.01391	
794.657	0.01566	
795.05	0.02033	
795.443	0.00757	
795.836	0.01891	
796.228	0.01426	
796.621	0.01224	
797.014	0.01354	
797.406	0.01289	
797.799	0.00978	
798.192	0.01247	
798.584	0.01226	
798.976	0.01572	
799.369	0.0112	
799.761	0.01268	
800.153	0.01231	
800.546	0.00785	
800.938	0.01406	
801.33	0.01574	
801.722	0.01286	
802.114	0.01507	
802.506	0.01072	
802.897	0.01013	
803.289	0.01122	
803.681	0.01867	
804.073	0.01303	
804.464	0.01383	
804.856	0.01723	
805.247	0.00925	
805.639	0.01204	
806.03	0.01176	
806.421	0.01187	
806.813	0.01741	
807.204	0.01593	
807.595	0.01634	
807.986	0.01974	
808.377	0.0175	
808.768	0.01763	
809.159	0.01727	
809.55	0.01512	
809.941	0.00996	
810.331	0.00939	
810.722	0.01066	
811.113	0.01658	
811.503	0.00343	
811.894	0.02142	
812.284	0.01873	
812.675	0.0107	
813.065	0.01654	
813.455	0.01451	
813.846	0.00554	
814.236	0.01398	
814.626	0.01389	
815.016	0.01704	
815.406	0.01608	
815.796	0.01595	
816.186	0.01754	
816.575	0.00913	
816.965	0.01126	
817.355	0.0175	
817.745	0.01914	
818.134	0.01527	
818.524	0.01088	
818.913	0.01592	
819.303	0.02202	
819.692	0.02795	
820.081	0.01413	
820.47	0.00609	
820.86	0.01586	
821.249	0.02277	
821.638	0.01208	
822.027	0.01042	
822.416	0.01829	
822.805	0.01642	
823.193	0.0144	
823.582	0.0186	
823.971	0.0155	
824.36	0.02361	
824.748	0.01168	
825.137	0.01708	
825.525	0.01529	
825.914	0.02317	
826.302	0.01491	
826.69	0.00998	
827.079	0.02283	
827.467	0.01046	
827.855	0.02143	
828.243	0.00975	
828.631	0.01107	
829.019	0.00617	
829.407	0.01854	
829.795	0.0147	
830.182	0.01957	
830.57	0.00982	
830.958	0.02229	
831.345	0.01307	
831.733	0.02086	
832.12	0.01969	
832.508	0.0155	
832.895	0.01296	
833.283	0.0221	
833.67	0.0162	
834.057	0.01557	
834.444	0.01461	
834.831	0.00914	
835.218	0.00909	
835.605	0.01017	
835.992	0.02049	
836.379	0.01642	
836.766	0.01371	
837.152	0.00562	
837.539	0.01229	
837.926	0.01827	
838.312	0.00685	
838.699	0.01896	
839.085	0.01668	
839.472	0.00956	
839.858	0.01696	
840.244	0.01199	
840.63	0.02212	
841.017	0.01364	
841.403	0.01666	
841.789	0.02166	
842.175	0.01954	
842.561	0.01621	
842.946	0.02162	
843.332	0.01418	
843.718	0.02491	
844.104	0.01429	
844.489	0.01635	
844.875	0.02107	
845.26	0.01889	
845.646	0.02614	
846.031	0.0195	
846.416	0.0146	
846.802	0.02298	
847.187	0.01083	
847.572	0.01215	
847.957	0.02529	
848.342	0.01256	
848.727	0.0253	
849.112	0.02248	
849.497	0.01665	
849.882	0.01689	
850.266	0.0254	
850.651	0.01585	
851.036	0.01792	
851.42	0.02332	
851.805	0.01919	
852.189	0.02689	
852.574	0.01529	
852.958	0.01834	
853.342	0.02373	
853.726	0.019	
854.11	0.03318	
854.495	0.01649	
854.879	0.01512	
855.263	0.00823	
855.646	0.01925	
856.03	0.00978	
856.414	0.0231	
856.798	0.02202	
857.181	0.02447	
857.565	0.02446	
857.949	0.02889	
858.332	0.02813	
858.716	0.01877	
859.099	0.02558	
859.482	0.01802	
859.866	0.02712	
860.249	0.01094	
860.632	0.01999	
861.015	0.02619	
861.398	0.02509	
861.781	0.01979	
862.164	0.01606	
862.547	0.03512	
862.929	0.01621	
863.312	0.01706	
863.695	0.01933	
864.077	0.02088	
864.46	0.02098	
864.842	0.01928	
865.225	0.03316	
865.607	0.02327	
865.99	0.02707	
866.372	0.0233	
866.754	0.02333	
867.136	0.01666	
867.518	0.02593	
867.9	0.02567	
868.282	0.02902	
868.664	0.01783	
869.046	0.03086	
869.428	0.01424	
869.809	0.01678	
870.191	0.01347	
870.573	0.01887	
870.954	0.01982	
871.336	0.01782	
871.717	0.03078	
872.099	0.02227	
872.48	0.02463	
872.861	0.02274	
873.242	0.02349	
873.623	0.0159	
874.004	0.02682	
874.385	0.01929	
874.766	0.01861	
875.147	0.02072	
875.528	0.00402	
875.909	0.02748	
876.29	0.00522	
876.67	0.0162	
877.051	0.01089	
877.431	0.00862	
877.812	0.01222	
878.192	0.01509	
878.573	0.01255	
878.953	0.02123	
879.333	0.01431	
879.713	0.0029	
880.093	0.0159	
880.473	-0.00523	
880.853	0.01667	
881.233	0.00418	
881.613	0.00887	
881.993	0.00919	
882.373	0.00164	
882.753	0.01124	
883.132	0.00561	
883.512	0.0034	
883.891	0.00331	
884.271	0.00115	
884.65	0.01121	
885.029	0.01023	
885.409	-0.00405	
885.788	0.00231	
886.167	0.0084	
886.546	0.00068	
886.925	-0.00839	
887.304	-0.01379	
887.683	0.00546	
888.062	-0.01421	
888.441	-0.01347	
888.82	-0.00296	
889.198	-0.00677	
889.577	-0.00532	
889.955	-0.01235	
890.334	-0.0112	
890.712	-0.02028	
891.091	-0.00597	
891.469	-0.00385	
891.847	-0.0081	
892.226	-0.01603	
892.604	-0.00128	
892.982	-0.01271	
893.36	-0.00822	
893.738	-0.01903	
894.116	-0.02231	
894.493	-0.02332	
894.871	-0.02138	
895.249	-0.01331	
895.627	-0.01036	
896.004	-0.01404	
896.382	-0.01751	
896.759	-0.01524	
897.137	-0.0108	
897.514	-0.01967	
897.891	-0.00205	
898.269	-0.01884	
898.646	-0.01638	
899.023	-0.01973	
899.4	-0.02589	
899.777	-0.03646	
900.154	-0.03594	
900.531	-0.03671	
900.908	-0.03077	
901.284	-0.02282	
901.661	-0.03389	
902.038	-0.02373	
902.414	-0.01957	
902.791	-0.02651	
903.167	-0.02924	
903.544	-0.03096	
903.92	-0.02395	
904.296	-0.04687	
904.672	-0.04304	
905.049	-0.02923	
905.425	-0.04085	
905.801	-0.04457	
906.177	-0.04749	
906.553	-0.04213	
906.929	-0.04888	
907.304	-0.04458	
907.68	-0.03884	
908.056	-0.05357	
908.431	-0.04741	
908.807	-0.04494	
909.182	-0.04573	
909.558	-0.03862	
909.933	-0.04299	
910.309	-0.05334	
910.684	-0.04645	
911.059	-0.04429	
911.434	-0.03496	
911.809	-0.05039	
912.184	-0.05161	
912.559	-0.06257	
912.934	-0.07397	
913.309	-0.06326	
913.684	-0.04725	
914.058	-0.05558	
914.433	-0.06521	
914.808	-0.04406	
915.182	-0.0668	
915.557	-0.05792	
915.931	-0.06712	
916.305	-0.06162	
916.68	-0.06904	
917.054	-0.04665	
917.428	-0.06442	
917.802	-0.06198	
918.176	-0.05121	
918.55	-0.0728	
918.924	-0.05854	
919.298	-0.0631	
919.672	-0.07162	
920.045	-0.07117	
920.419	-0.06657	
920.793	-0.07377	
921.166	-0.08728	
921.54	-0.05979	
921.913	-0.07198	
922.287	-0.05423	
922.66	-0.0556	
923.033	-0.08345	
923.406	-0.06103	
923.78	-0.05766	
924.153	-0.06356	
924.526	-0.05813	
924.899	-0.06327	
925.271	-0.06694	
925.644	-0.04745	
926.017	-0.04148	
926.39	-0.07221	
926.762	-0.07219	
927.135	-0.06376	
927.508	-0.08967	
927.88	-0.05833	
928.252	-0.06269	
928.625	-0.07015	
928.997	-0.08276	
929.369	-0.05238	
929.741	-0.07275	
930.114	-0.05012	
930.486	-0.06831	
930.858	-0.05576	
931.229	-0.05617	
931.601	-0.05071	
931.973	-0.05248	
932.345	-0.03905	
932.717	-0.05178	
933.088	-0.06541	
933.46	-0.06476	
933.831	-0.04701	
934.203	-0.07841	
934.574	-0.07573	
934.945	-0.05247	
935.317	-0.03601	
935.688	-0.09057	
936.059	-0.05715	
936.43	-0.05315	
936.801	-0.02294	
937.172	-0.07468	
937.543	-0.05489	
937.914	-0.04341	
938.284	-0.03724	
938.655	-0.05388	
939.026	-0.03671	
939.396	-0.07816	
939.767	-0.07093	
940.137	-0.05375	
940.508	-0.04627	
940.878	-0.07303	
941.248	-0.06127	
941.618	-0.04504	
941.989	-0.0425	
942.359	-0.06193	
942.729	-0.03253	
943.099	-0.06608	
943.469	-0.04594	
943.838	-0.04346	
944.208	-0.06317	
944.578	-0.05838	
944.948	-0.00454	
945.317	-0.05111	
945.687	-0.05148	
946.056	-0.03461	
946.426	-0.03451	
946.795	-0.05016	
947.164	-0.01099	
947.533	-0.03862	
947.903	-0.05581	
948.272	-0.05231	
948.641	-0.01367	
949.01	-0.04095	
949.379	-0.04866	
949.748	0.01049	
950.116	-0.11074	
950.485	-0.05149	
950.854	0.02257	
951.222	-0.04985	
951.591	-0.09383	
951.959	-0.02618	
952.328	-0.04374	
952.696	-0.01866	
953.065	-0.03191	
953.433	-0.08583	
953.801	-0.04551	
954.169	-0.01506	
954.537	0.00216	
954.905	0.03166	
955.273	-0.02507	
955.641	-0.06633	
956.009	0.01396	
956.377	-0.00227	
956.744	-0.04595	
957.112	-0.00256	
957.479	0.0149	
957.847	-0.03323	
958.214	0.00516	
958.582	-0.0605	
958.949	-0.03078	
959.316	0.0504	
959.684	0.03844	
960.051	-0.08209	
960.418	-0.00177	
960.785	-0.06485	
961.152	-0.06871	
961.519	-0.06893	
961.885	-0.0065	
962.252	-0.01271	
962.619	-0.04208	
962.986	-0.0747	
963.352	-0.00905	
963.719	-0.03532	
964.085	-0.07721	
964.452	-0.05855	
964.818	-0.11227	
965.184	-0.01976	
965.55	-0.03709	
965.916	-0.00213	
966.283	-0.04714	
966.649	-0.09193	
967.015	-0.06201	
967.38	0.02209	
967.746	-0.03329	
968.112	0.0369	
968.478	-0.08842	
968.843	-0.12748	
969.209	-0.0837	
969.575	0.00161	
969.94	0.01729	
970.305	-0.01888	
970.671	0.09318	
971.036	-0.0068	
971.401	0.12211	
971.766	-0.03838	
972.132	-0.05186	
972.497	0.04071	
972.862	-0.02062	
973.227	-0.01843	
973.591	-0.00818	
973.956	-0.03577	
974.321	-0.0201	
974.686	0.06571	
975.05	-0.02786	
975.415	0.03044	
975.779	-0.0421	
976.144	-0.07346	
976.508	0.03827	
976.872	0.06759	
977.236	-0.05713	
977.601	-0.10627	
977.965	-0.05128	
978.329	0.02097	
978.693	0.02402	
979.057	-0.03278	
979.421	-0.05392	
979.784	-0.01618	
980.148	-0.01291	
980.512	0.18665	
980.875	0.0943	
981.239	-0.00534	
981.602	-0.02343	
981.966	-0.01405	
982.329	-0.03529	
982.692	-0.01262	
983.056	-0.0658	
983.419	-0.07481	
983.782	-0.0119	
984.145	-0.03484	
984.508	-0.01782	
984.871	0.08268	
985.234	-0.05367	
985.597	-0.02091	
985.959	-0.09559	
986.322	0.17942	
986.685	0.08672	
987.047	0.05676	
987.41	0.02387	
987.772	-0.07326	
988.134	-0.06409	
988.497	0.06477	
988.859	0.07029	
989.221	-0.08749	
989.583	0.00621	
989.945	0.06813	
990.307	0.00589	
990.669	0.10434	
991.031	-0.01907	
991.393	0.15641	
991.755	-0.05351	
992.116	-0.08351	
992.478	-0.08221	
992.839	-0.02973	
993.201	-0.19343	
993.562	0.0182	
993.924	0.14018	
994.285	0.02526	
994.646	-0.05884	
995.007	0.02033	
995.369	0.06643	
995.73	0.01017	
996.091	0.04991	
996.451	0.15365	
996.812	-0.08894	
997.173	0.06599	
997.534	-0.0941	
997.895	0.01605	
998.255	0.06822	
998.616	-0.05207	
998.976	-0.03129	
999.337	0.07679	
999.697	-0.05932	
1000.057	0.01057	
1000.418	-0.05788	
1000.778	-0.04776	
1001.138	-0.18969	
1001.498	-0.02915	
1001.858	0.02987	
1002.218	0.08253	
1002.578	-0.06922	
1002.937	-0.05385	
1003.297	-0.09137	
1003.657	-0.00579	
1004.016	-0.06472	
1004.376	-0.14928	
1004.735	0.03095	
1005.095	0.01539	
1005.454	0.21807	
1005.813	0.07803	
1006.173	0.05233	
1006.532	-0.07027	
1006.891	0.00304	
1007.25	0.19017	
1007.609	-0.0607	
1007.968	0.01483	
1008.327	0.08484	
1008.686	0.01848	
1009.044	-0.05605	
1009.403	0.0451	
1009.762	-0.00721	
1010.12	-0.00883	
1010.479	0.16789	
1010.837	0.0257	
1011.195	-0.14106	
1011.554	0.06054	
1011.912	-0.16947	
1012.27	0.06841	
1012.628	-0.28142	
1012.986	-0.11093	
1013.344	0.0122	
1013.702	0.10105	
1014.06	0.01437	
1014.418	0.02282	
1014.775	-0.03356	
1015.133	-0.00744	
1015.491	-0.07944	
1015.848	0.01372	
1016.206	0.08707	
1016.563	0.10253	
1016.92	0.21836	
1017.278	0.04198	
1017.635	-0.3855	
1017.992	-0.07958	
1018.349	0.046	
1018.706	-0.03514	
1019.063	0.12918	
1019.42	0.06131	
1019.777	-0.01883	
1020.134	-0.02531	
1020.49	0.07018	
1020.847	0.10938	
1021.203	0.0389	
1021.56	-0.02124	
1021.916	0.16192	
1022.273	-0.23567	
1022.629	-0.03862	
1022.985	-0.13185	
1023.342	0.12467	
1023.698	0.04479	
1024.054	0.26376	
1024.41	-0.01172	
1024.766	-0.1006	
1025.122	0.12807	
1025.477	0.14913	
1025.833	0.17818	
1026.189	0.13124	
1026.545	0.03049	
1026.9	0.12581	
1027.256	0.18722	
1027.611	-0.06173	
1027.966	0.14913	
1028.322	-0.02287	
1028.677	-0.10601	
1029.032	0.02242	
1029.387	0.16294	
1029.742	-0.007	
1030.097	0.1834	
1030.452	0.09268	
1030.807	0.17121	
1031.162	-0.09394	
1031.517	-0.07138	
1031.871	-0.00629	
1032.226	0.25281	
1032.581	0.25281	
1032.935	0.25281	
