Absorbance:264		
187.856	-1.07905	
188.32	-1.07905	
188.785	-1.07905	
189.249	-0.75385	
189.713	-0.0271	
190.178	-0.66001	
190.642	0.19036	
191.106	0.13543	
191.57	0.42975	
192.034	-0.04155	
192.498	-0	
192.963	-0.50599	
193.427	-0	
193.89	0.24039	
194.354	1.30986	
194.818	-0	
195.282	0.19606	
195.746	0.87773	
196.21	0.20269	
196.673	0.33561	
197.137	-0	
197.601	0.01426	
198.064	-0	
198.528	0.07904	
198.991	0.06262	
199.454	0.08618	
199.918	0.09734	
200.381	0.03865	
200.844	-0.033	
201.308	0.03509	
201.771	0.10331	
202.234	0.12526	
202.697	0.03009	
203.16	0.05698	
203.623	0.05611	
204.086	0.06826	
204.549	0.10182	
205.012	0.06744	
205.475	0.01568	
205.938	0.09882	
206.4	0.11464	
206.863	0.10165	
207.326	0.05037	
207.788	0.05155	
208.251	0.04811	
208.714	0.05751	
209.176	0.05905	
209.639	-0.00185	
210.101	0.13245	
210.563	0.07389	
211.026	0.03272	
211.488	0.08959	
211.95	0.12316	
212.412	0.1919	
212.874	0.08842	
213.337	0.1314	
213.799	0.15295	
214.261	0.10489	
214.723	0.12639	
215.184	0.13474	
215.646	0.14806	
216.108	0.11915	
216.57	0.16381	
217.032	0.11797	
217.493	0.11708	
217.955	0.11669	
218.417	0.10266	
218.878	0.10136	
219.34	0.08764	
219.801	0.07226	
220.263	0.07526	
220.724	0.07291	
221.185	0.059	
221.647	0.06179	
222.108	0.05192	
222.569	0.05304	
223.03	0.04946	
223.491	0.03958	
223.952	0.03802	
224.413	0.03818	
224.874	0.03275	
225.335	0.03365	
225.796	0.03888	
226.257	0.02786	
226.718	0.03039	
227.179	0.02863	
227.639	0.02265	
228.1	0.0244	
228.561	0.02585	
229.021	0.02581	
229.482	0.02142	
229.942	0.02207	
230.403	0.01971	
230.863	0.02151	
231.323	0.01971	
231.784	0.02643	
232.244	0.02053	
232.704	0.02027	
233.164	0.01963	
233.625	0.02066	
234.085	0.02594	
234.545	0.02422	
235.005	0.01676	
235.465	0.01828	
235.925	0.01972	
236.384	0.02331	
236.844	0.02002	
237.304	0.01253	
237.764	0.0177	
238.223	0.01352	
238.683	0.02323	
239.143	0.01778	
239.602	0.01924	
240.062	0.01618	
240.521	0.02008	
240.98	0.02308	
241.44	0.01099	
241.899	0.0186	
242.358	0.0188	
242.818	0.00908	
243.277	0.01737	
243.736	0.02223	
244.195	0.01248	
244.654	0.0137	
245.113	0.01324	
245.572	0.00867	
246.031	0.01241	
246.49	0.00706	
246.949	0.00264	
247.408	0.01321	
247.866	0.01289	
248.325	0.00872	
248.784	0.00704	
249.242	0.00824	
249.701	0.00516	
250.159	0.00037	
250.618	0.00191	
251.076	0.00065	
251.534	0.00083	
251.993	0.00403	
252.451	0.00421	
252.909	0.002	
253.368	0.00222	
253.826	-0.00214	
254.284	0.00446	
254.742	0.00201	
255.2	-0.00065	
255.658	-0.00393	
256.116	-0.00126	
256.574	0.0045	
257.031	0.0013	
257.489	-0.00162	
257.947	-0.00219	
258.405	0.00122	
258.862	0.00061	
259.32	-0.00268	
259.777	0.0024	
260.235	-0.0035	
260.692	-0.00126	
261.15	-0.00011	
261.607	-0.00034	
262.065	-0.00103	
262.522	-0.00119	
262.979	-0.00311	
263.436	-0.00361	
263.893	-0.00505	
264.351	-0.00251	
264.808	-0.00173	
265.265	0.0011	
265.722	-0.00291	
266.178	-0.00261	
266.635	0.00074	
267.092	-0.00558	
267.549	0.00131	
268.006	-0.00199	
268.462	-0.00368	
268.919	-0.00006	
269.376	-0.00125	
269.832	-0.00442	
270.289	0.00181	
270.745	-0.00375	
271.202	-0.00784	
271.658	-0.00678	
272.114	-0.002	
272.571	-0.00512	
273.027	-0.00332	
273.483	-0.00444	
273.939	-0.00057	
274.395	-0.00533	
274.851	-0.0066	
275.307	-0.00652	
275.763	-0.00646	
276.219	-0.00202	
276.675	-0.00525	
277.131	-0.00079	
277.587	-0.00334	
278.042	-0.01155	
278.498	-0.00082	
278.954	-0.00363	
279.409	-0.00745	
279.865	-0.00551	
280.32	-0.00803	
280.776	-0.00422	
281.231	-0.00742	
281.687	-0.00437	
282.142	-0.0025	
282.597	-0.00311	
283.052	-0.00527	
283.508	-0.00432	
283.963	-0.0051	
284.418	-0.00259	
284.873	-0.00346	
285.328	-0.00645	
285.783	-0.00754	
286.238	-0.00713	
286.693	-0.00144	
287.147	-0.00098	
287.602	-0.00662	
288.057	-0.0042	
288.512	-0.00339	
288.966	-0.00714	
289.421	-0.00665	
289.875	-0.00616	
290.33	-0.00742	
290.784	-0.00392	
291.239	-0.00546	
291.693	-0.0101	
292.147	-0.00201	
292.602	-0.00645	
293.056	-0.00654	
293.51	-0.00224	
293.964	-0.00673	
294.418	-0.0058	
294.872	-0.00622	
295.326	-0.00822	
295.78	-0.00762	
296.234	-0.01048	
296.688	-0.0049	
297.142	-0.00942	
297.595	-0.0071	
298.049	-0.00559	
298.503	-0.00125	
298.956	-0.00988	
299.41	-0.00875	
299.863	-0.00821	
300.317	-0.00324	
300.77	-0.00363	
301.224	-0.00446	
301.677	-0.0061	
302.13	-0.0081	
302.584	-0.00903	
303.037	-0.00912	
303.49	-0.00599	
303.943	-0.00748	
304.396	-0.01011	
304.849	-0.00555	
305.302	-0.00766	
305.755	-0.01017	
306.208	-0.00894	
306.661	-0.00587	
307.114	-0.00834	
307.566	-0.00479	
308.019	-0.01036	
308.472	-0.00948	
308.924	-0.01019	
309.377	-0.00911	
309.829	-0.00644	
310.282	-0.00901	
310.734	-0.00975	
311.187	-0.00437	
311.639	-0.0068	
312.091	-0.00596	
312.543	-0.00663	
312.995	-0.00466	
313.448	-0.00962	
313.9	-0.01325	
314.352	-0.00633	
314.804	-0.01393	
315.256	-0.00725	
315.708	-0.00632	
316.159	-0.00539	
316.611	-0.00717	
317.063	-0.00414	
317.515	-0.00657	
317.966	-0.00548	
318.418	-0.00847	
318.87	-0.00325	
319.321	-0.00691	
319.773	-0.00381	
320.224	-0.00678	
320.675	-0.00986	
321.127	-0.00796	
321.578	-0.002	
322.029	-0.00446	
322.48	-0.00041	
322.932	-0.00439	
323.383	-0.00832	
323.834	-0.00603	
324.285	-0.00152	
324.736	-0.00646	
325.187	0.00032	
325.638	-0.00026	
326.088	-0.00676	
326.539	-0.00944	
326.99	-0.00836	
327.441	-0.00918	
327.891	-0.00562	
328.342	-0.00542	
328.792	0.00011	
329.243	-0.00449	
329.693	-0.01103	
330.144	-0.01036	
330.594	-0.00513	
331.044	-0.01073	
331.495	-0.01075	
331.945	-0.01372	
332.395	-0.0037	
332.845	-0.00669	
333.295	0.00541	
333.745	0.00858	
334.195	0.00746	
334.645	0.00404	
335.095	-0.00312	
335.545	-0.0064	
335.995	-0.01475	
336.444	-0.00736	
336.894	-0.00683	
337.344	-0.00504	
337.793	0.00039	
338.243	-0.01025	
338.692	-0.00809	
339.142	-0.00417	
339.591	-0.00813	
340.041	-0.00792	
340.49	-0.00864	
340.939	-0.00412	
341.388	-0.00193	
341.838	-0.00164	
342.287	-0.01012	
342.736	-0.00188	
343.185	-0.00306	
343.634	-0.00721	
344.083	-0.00556	
344.532	-0.00992	
344.981	0.00061	
345.429	-0.00194	
345.878	-0.00646	
346.327	-0.00564	
346.776	-0.00402	
347.224	-0.00178	
347.673	-0.0093	
348.121	-0.00829	
348.57	0.00299	
349.018	0.0017	
349.467	-0.00868	
349.915	-0.00694	
350.363	-0.00597	
350.811	-0.00502	
351.26	-0.00706	
351.708	-0.00698	
352.156	-0.0021	
352.604	-0.00832	
353.052	-0.00776	
353.5	-0.00017	
353.948	-0.00262	
354.396	-0.00614	
354.843	0.0001	
355.291	-0.00109	
355.739	-0.00966	
356.186	-0.00579	
356.634	-0.00864	
357.082	-0.0003	
357.529	-0.00526	
357.977	0.00006	
358.424	-0.00544	
358.871	-0.00108	
359.319	-0.00018	
359.766	-0.00522	
360.213	-0.00479	
360.661	-0.00915	
361.108	-0.00278	
361.555	-0.00371	
362.002	-0.00791	
362.449	-0.00869	
362.896	-0.0033	
363.343	-0.00373	
363.79	-0.0032	
364.236	-0.00227	
364.683	-0.00591	
365.13	-0.00143	
365.577	-0.01077	
366.023	-0.007	
366.47	-0.00267	
366.916	-0.00283	
367.363	-0.00241	
367.809	-0.00334	
368.256	-0.00168	
368.702	-0.00422	
369.148	0.00841	
369.594	-0.00161	
370.041	0.00359	
370.487	0.0022	
370.933	0.00339	
371.379	0.00138	
371.825	-0.0058	
372.271	0.00994	
372.717	0.00383	
373.163	-0.00093	
373.608	0.00048	
374.054	-0.00685	
374.5	0.00536	
374.946	-0.00186	
375.391	0.00821	
375.837	0.0003	
376.282	0.00471	
376.728	0.00942	
377.173	0.00288	
377.618	0.00517	
378.064	0.00263	
378.509	0.00343	
378.954	-0.00269	
379.4	0.00795	
379.845	0.00026	
380.29	0.00739	
380.735	0.01303	
381.18	0.00812	
381.625	0.01133	
382.07	0.01971	
382.514	0.00557	
382.959	0.00764	
383.404	0.01525	
383.849	0.01047	
384.293	0.01047	
384.738	0.02035	
385.183	0.00827	
385.627	0.01173	
386.072	0.00814	
386.516	0.013	
386.96	0.01038	
387.405	0.01587	
387.849	0.01569	
388.293	0.01153	
388.737	0.02625	
389.181	0.01666	
389.626	0.02039	
390.07	0.01907	
390.514	0.01334	
390.957	0.01892	
391.401	0.01735	
391.845	0.01871	
392.289	0.01121	
392.733	0.00792	
393.176	0.01381	
393.62	0.02713	
394.064	0.02022	
394.507	0.02232	
394.951	0.0202	
395.394	0.02951	
395.838	0.02938	
396.281	0.02168	
396.724	0.02381	
397.168	0.02899	
397.611	0.02467	
398.054	0.02227	
398.497	0.02991	
398.94	0.03411	
399.383	0.02506	
399.826	0.01686	
400.269	0.02221	
400.712	0.02992	
401.155	0.04008	
401.597	0.02413	
402.04	0.02667	
402.483	0.03505	
402.925	0.02472	
403.368	0.03689	
403.811	0.02484	
404.253	0.03051	
404.696	0.0297	
405.138	0.02842	
405.58	0.0318	
406.023	0.03294	
406.465	0.03439	
406.907	0.026	
407.349	0.03291	
407.791	0.03957	
408.233	0.02883	
408.675	0.03236	
409.117	0.04228	
409.559	0.03103	
410.001	0.03558	
410.443	0.03862	
410.885	0.03429	
411.326	0.03951	
411.768	0.04307	
412.21	0.04112	
412.651	0.04553	
413.093	0.03314	
413.534	0.04442	
413.975	0.0351	
414.417	0.04383	
414.858	0.04566	
415.299	0.03659	
415.741	0.04947	
416.182	0.04601	
416.623	0.05103	
417.064	0.04623	
417.505	0.04	
417.946	0.04428	
418.387	0.04298	
418.828	0.05325	
419.269	0.04409	
419.709	0.06017	
420.15	0.04843	
420.591	0.05052	
421.031	0.05191	
421.472	0.06179	
421.913	0.04663	
422.353	0.05662	
422.794	0.06545	
423.234	0.05742	
423.674	0.06067	
424.115	0.07012	
424.555	0.06248	
424.995	0.07202	
425.435	0.06804	
425.875	0.06695	
426.315	0.06108	
426.755	0.06569	
427.195	0.07138	
427.635	0.07692	
428.075	0.06857	
428.515	0.09255	
428.955	0.07491	
429.394	0.0846	
429.834	0.08187	
430.274	0.08804	
430.713	0.07523	
431.153	0.09127	
431.592	0.09151	
432.031	0.0993	
432.471	0.1066	
432.91	0.09101	
433.349	0.09938	
433.789	0.11564	
434.228	0.10526	
434.667	0.10572	
435.106	0.10384	
435.545	0.10655	
435.984	0.1102	
436.423	0.11605	
436.862	0.11326	
437.301	0.11747	
437.739	0.11999	
438.178	0.12733	
438.617	0.11503	
439.055	0.12014	
439.494	0.12364	
439.932	0.1275	
440.371	0.12665	
440.809	0.13489	
441.248	0.14079	
441.686	0.13921	
442.124	0.14222	
442.563	0.14596	
443.001	0.1392	
443.439	0.14669	
443.877	0.15085	
444.315	0.15484	
444.753	0.15452	
445.191	0.16357	
445.629	0.16266	
446.067	0.16978	
446.504	0.15658	
446.942	0.17532	
447.38	0.17289	
447.817	0.18505	
448.255	0.17963	
448.693	0.18259	
449.13	0.17654	
449.568	0.1896	
450.005	0.18507	
450.442	0.19618	
450.88	0.19413	
451.317	0.20208	
451.754	0.2019	
452.191	0.20821	
452.628	0.20818	
453.065	0.21236	
453.502	0.20117	
453.939	0.2228	
454.376	0.20763	
454.813	0.22229	
455.25	0.22996	
455.686	0.22499	
456.123	0.23599	
456.56	0.24597	
456.996	0.23999	
457.433	0.23702	
457.869	0.25394	
458.306	0.24852	
458.742	0.24682	
459.179	0.24928	
459.615	0.24481	
460.051	0.25484	
460.487	0.25962	
460.924	0.2682	
461.36	0.25971	
461.796	0.27998	
462.232	0.26072	
462.668	0.2734	
463.104	0.27373	
463.539	0.26618	
463.975	0.26568	
464.411	0.27792	
464.847	0.2884	
465.282	0.2745	
465.718	0.28763	
466.153	0.28476	
466.589	0.29592	
467.024	0.28244	
467.46	0.29674	
467.895	0.29754	
468.33	0.29357	
468.766	0.2864	
469.201	0.29519	
469.636	0.3015	
470.071	0.29943	
470.506	0.30081	
470.941	0.31056	
471.376	0.3039	
471.811	0.30211	
472.246	0.31916	
472.681	0.31787	
473.115	0.31309	
473.55	0.31389	
473.985	0.3219	
474.419	0.31629	
474.854	0.32065	
475.288	0.32343	
475.723	0.31196	
476.157	0.32639	
476.592	0.32566	
477.026	0.32944	
477.46	0.32961	
477.894	0.32598	
478.329	0.33871	
478.763	0.33786	
479.197	0.3409	
479.631	0.3405	
480.065	0.34573	
480.499	0.34168	
480.932	0.34796	
481.366	0.34682	
481.8	0.34087	
482.234	0.34209	
482.667	0.34696	
483.101	0.34697	
483.535	0.34412	
483.968	0.34652	
484.401	0.35491	
484.835	0.35442	
485.268	0.35173	
485.702	0.36275	
486.135	0.35238	
486.568	0.36412	
487.001	0.3608	
487.434	0.36935	
487.867	0.37318	
488.3	0.37047	
488.733	0.35707	
489.166	0.36586	
489.599	0.37813	
490.032	0.37832	
490.464	0.38464	
490.897	0.37696	
491.33	0.37779	
491.762	0.37539	
492.195	0.38521	
492.627	0.37665	
493.06	0.38974	
493.492	0.3883	
493.925	0.39508	
494.357	0.3862	
494.789	0.39437	
495.221	0.40018	
495.653	0.39794	
496.086	0.40896	
496.518	0.40894	
496.95	0.40066	
497.382	0.40745	
497.813	0.40531	
498.245	0.41829	
498.677	0.41294	
499.109	0.4113	
499.54	0.41406	
499.972	0.42656	
500.404	0.41623	
500.835	0.4149	
501.267	0.42033	
501.698	0.42168	
502.129	0.42394	
502.561	0.42724	
502.992	0.4287	
503.423	0.43546	
503.855	0.43078	
504.286	0.43916	
504.717	0.43852	
505.148	0.44167	
505.579	0.44712	
506.01	0.43702	
506.441	0.44451	
506.871	0.4325	
507.302	0.44054	
507.733	0.45223	
508.163	0.45026	
508.594	0.45183	
509.025	0.43388	
509.455	0.44921	
509.886	0.44173	
510.316	0.44672	
510.746	0.44719	
511.177	0.44514	
511.607	0.45763	
512.037	0.45635	
512.467	0.44155	
512.898	0.45028	
513.328	0.46171	
513.758	0.44996	
514.188	0.43397	
514.617	0.44265	
515.047	0.4442	
515.477	0.44027	
515.907	0.44416	
516.337	0.43742	
516.766	0.44412	
517.196	0.44892	
517.625	0.43933	
518.055	0.4355	
518.484	0.43525	
518.914	0.43071	
519.343	0.43304	
519.772	0.43022	
520.202	0.43137	
520.631	0.42047	
521.06	0.42866	
521.489	0.42156	
521.918	0.42063	
522.347	0.42237	
522.776	0.41446	
523.205	0.41293	
523.634	0.42703	
524.063	0.41988	
524.491	0.41226	
524.92	0.40895	
525.349	0.41364	
525.777	0.41531	
526.206	0.39805	
526.634	0.39315	
527.063	0.38835	
527.491	0.3958	
527.919	0.39307	
528.348	0.38689	
528.776	0.37993	
529.204	0.37683	
529.632	0.38352	
530.06	0.38674	
530.488	0.36948	
530.916	0.37758	
531.344	0.36503	
531.772	0.36852	
532.2	0.36241	
532.627	0.36019	
533.055	0.36023	
533.483	0.35073	
533.91	0.34853	
534.338	0.34508	
534.765	0.33948	
535.193	0.33903	
535.62	0.32857	
536.048	0.33071	
536.475	0.3226	
536.902	0.32814	
537.329	0.31669	
537.757	0.31214	
538.184	0.32009	
538.611	0.30497	
539.038	0.30616	
539.465	0.29192	
539.892	0.3018	
540.318	0.29125	
540.745	0.29424	
541.172	0.28085	
541.599	0.27097	
542.025	0.27998	
542.452	0.27309	
542.878	0.27058	
543.305	0.27291	
543.731	0.26076	
544.158	0.25374	
544.584	0.25424	
545.01	0.25376	
545.436	0.24247	
545.862	0.2439	
546.289	0.24578	
546.715	0.23745	
547.141	0.23564	
547.567	0.23182	
547.993	0.22702	
548.418	0.22451	
548.844	0.22152	
549.27	0.22	
549.696	0.20696	
550.121	0.20079	
550.547	0.20771	
550.972	0.19709	
551.398	0.20309	
551.823	0.19855	
552.249	0.19632	
552.674	0.18035	
553.099	0.18263	
553.525	0.18224	
553.95	0.17611	
554.375	0.1765	
554.8	0.1775	
555.225	0.17452	
555.65	0.16533	
556.075	0.16171	
556.5	0.16673	
556.925	0.1548	
557.349	0.15635	
557.774	0.14894	
558.199	0.14966	
558.623	0.149	
559.048	0.14707	
559.472	0.1425	
559.897	0.14571	
560.321	0.14625	
560.746	0.13524	
561.17	0.13823	
561.594	0.12897	
562.018	0.12771	
562.443	0.12312	
562.867	0.11852	
563.291	0.12005	
563.715	0.11925	
564.139	0.11795	
564.562	0.11281	
564.986	0.10715	
565.41	0.10258	
565.834	0.1027	
566.257	0.10519	
566.681	0.10763	
567.105	0.10338	
567.528	0.1005	
567.952	0.09453	
568.375	0.10456	
568.798	0.09008	
569.222	0.08968	
569.645	0.0851	
570.068	0.08967	
570.491	0.0856	
570.914	0.08915	
571.337	0.08	
571.76	0.07886	
572.183	0.0739	
572.606	0.07882	
573.029	0.07767	
573.452	0.07469	
573.875	0.07485	
574.297	0.07176	
574.72	0.06966	
575.143	0.06379	
575.565	0.07193	
575.988	0.06576	
576.41	0.06732	
576.832	0.0632	
577.255	0.06144	
577.677	0.05551	
578.099	0.05745	
578.521	0.06518	
578.943	0.05947	
579.365	0.05579	
579.787	0.05728	
580.209	0.05878	
580.631	0.06062	
581.053	0.04985	
581.475	0.04925	
581.897	0.0495	
582.318	0.05401	
582.74	0.0588	
583.162	0.05573	
583.583	0.0478	
584.005	0.05557	
584.426	0.05226	
584.847	0.04794	
585.269	0.04818	
585.69	0.04547	
586.111	0.04786	
586.532	0.04616	
586.954	0.04656	
587.375	0.04527	
587.796	0.04795	
588.217	0.04203	
588.637	0.05082	
589.058	0.04302	
589.479	0.04873	
589.9	0.04778	
590.32	0.04103	
590.741	0.04486	
591.162	0.04124	
591.582	0.04743	
592.003	0.04542	
592.423	0.04847	
592.844	0.04207	
593.264	0.03819	
593.684	0.04079	
594.104	0.03609	
594.524	0.04226	
594.945	0.03917	
595.365	0.03581	
595.785	0.04198	
596.205	0.03922	
596.625	0.03765	
597.044	0.04002	
597.464	0.03634	
597.884	0.03918	
598.304	0.0336	
598.723	0.03881	
599.143	0.03222	
599.562	0.03759	
599.982	0.03845	
600.401	0.03349	
600.821	0.03542	
601.24	0.03834	
601.659	0.04049	
602.078	0.04226	
602.498	0.03495	
602.917	0.04391	
603.336	0.04096	
603.755	0.03734	
604.174	0.03367	
604.593	0.03606	
605.011	0.03861	
605.43	0.03789	
605.849	0.03712	
606.268	0.03549	
606.686	0.04028	
607.105	0.03489	
607.523	0.03762	
607.942	0.04164	
608.36	0.04192	
608.779	0.04016	
609.197	0.04057	
609.615	0.03914	
610.033	0.03936	
610.451	0.03521	
610.87	0.03496	
611.288	0.03958	
611.706	0.04086	
612.124	0.04031	
612.541	0.0338	
612.959	0.03823	
613.377	0.04095	
613.795	0.03585	
614.212	0.03391	
614.63	0.03763	
615.048	0.03312	
615.465	0.03669	
615.883	0.03441	
616.3	0.03898	
616.717	0.03602	
617.135	0.0443	
617.552	0.03571	
617.969	0.0326	
618.386	0.03246	
618.803	0.03692	
619.22	0.04293	
619.637	0.04093	
620.054	0.03443	
620.471	0.03561	
620.888	0.04047	
621.305	0.03577	
621.721	0.03812	
622.138	0.03595	
622.555	0.0399	
622.971	0.03597	
623.388	0.03495	
623.804	0.03232	
624.221	0.03744	
624.637	0.03895	
625.053	0.03077	
625.47	0.03753	
625.886	0.03698	
626.302	0.03505	
626.718	0.03571	
627.134	0.03176	
627.55	0.03402	
627.966	0.03552	
628.382	0.03711	
628.797	0.0427	
629.213	0.03672	
629.629	0.03673	
630.045	0.04012	
630.46	0.03381	
630.876	0.03967	
631.291	0.03329	
631.707	0.04181	
632.122	0.03302	
632.537	0.03978	
632.953	0.03977	
633.368	0.0327	
633.783	0.0313	
634.198	0.03524	
634.613	0.03337	
635.028	0.03153	
635.443	0.03665	
635.858	0.03647	
636.273	0.03877	
636.688	0.03285	
637.102	0.03207	
637.517	0.03474	
637.932	0.03449	
638.346	0.03768	
638.761	0.03352	
639.175	0.03055	
639.59	0.03559	
640.004	0.03464	
640.418	0.03809	
640.832	0.03854	
641.247	0.03542	
641.661	0.02862	
642.075	0.0351	
642.489	0.04073	
642.903	0.03239	
643.317	0.03679	
643.731	0.03645	
644.145	0.038	
644.558	0.0353	
644.972	0.03085	
645.386	0.03686	
645.799	0.03452	
646.213	0.02654	
646.626	0.03286	
647.04	0.02896	
647.453	0.03008	
647.866	0.03655	
648.28	0.03062	
648.693	0.03266	
649.106	0.03178	
649.519	0.03254	
649.932	0.03072	
650.345	0.03143	
650.758	0.03725	
651.171	0.03215	
651.584	0.03189	
651.997	0.03019	
652.41	0.03395	
652.822	0.03191	
653.235	0.03576	
653.647	0.03347	
654.06	0.03509	
654.472	0.02896	
654.885	0.02737	
655.297	0.0295	
655.71	0.02468	
656.122	0.02044	
656.534	0.02487	
656.946	0.03229	
657.358	0.03014	
657.77	0.02938	
658.182	0.03057	
658.594	0.03179	
659.006	0.02953	
659.418	0.02751	
659.83	0.02776	
660.241	0.03425	
660.653	0.02775	
661.065	0.02587	
661.476	0.03155	
661.888	0.02771	
662.299	0.02933	
662.71	0.02771	
663.122	0.03025	
663.533	0.02689	
663.944	0.02972	
664.355	0.0254	
664.767	0.02918	
665.178	0.0313	
665.589	0.02553	
666	0.02971	
666.41	0.02743	
666.821	0.03166	
667.232	0.03164	
667.643	0.02241	
668.053	0.02128	
668.464	0.02053	
668.875	0.02444	
669.285	0.02788	
669.696	0.02638	
670.106	0.02794	
670.516	0.02665	
670.927	0.02444	
671.337	0.02439	
671.747	0.01702	
672.157	0.02807	
672.567	0.02511	
672.977	0.02481	
673.387	0.02298	
673.797	0.02092	
674.207	0.02537	
674.617	0.0255	
675.027	0.02423	
675.436	0.01988	
675.846	0.0253	
676.256	0.02165	
676.665	0.02378	
677.075	0.02393	
677.484	0.02238	
677.893	0.02382	
678.303	0.02499	
678.712	0.02337	
679.121	0.02763	
679.53	0.02282	
679.939	0.02114	
680.348	0.01956	
680.757	0.02608	
681.166	0.01788	
681.575	0.01803	
681.984	0.02133	
682.393	0.02142	
682.802	0.02423	
683.21	0.02731	
683.619	0.02962	
684.027	0.02081	
684.436	0.02213	
684.844	0.02452	
685.253	0.01638	
685.661	0.02574	
686.069	0.02055	
686.477	0.01988	
686.886	0.02148	
687.294	0.02323	
687.702	0.02038	
688.11	0.01798	
688.518	0.02658	
688.926	0.01965	
689.333	0.01734	
689.741	0.02111	
690.149	0.02286	
690.557	0.02136	
690.964	0.02127	
691.372	0.01555	
691.779	0.02113	
692.187	0.02245	
692.594	0.01902	
693.001	0.02301	
693.409	0.018	
693.816	0.01808	
694.223	0.01343	
694.63	0.0218	
695.037	0.01207	
695.444	0.01822	
695.851	0.01803	
696.258	0.01447	
696.665	0.01831	
697.072	0.01779	
697.479	0.01399	
697.885	0.02207	
698.292	0.02009	
698.698	0.01862	
699.105	0.02183	
699.511	0.01963	
699.918	0.01523	
700.324	0.01804	
700.73	0.02411	
701.137	0.01884	
701.543	0.01649	
701.949	0.01458	
702.355	0.01051	
702.761	0.01442	
703.167	0.01637	
703.573	0.01941	
703.979	0.01417	
704.385	0.0198	
704.79	0.01745	
705.196	0.0107	
705.602	0.01866	
706.007	0.01532	
706.413	0.01243	
706.818	0.01314	
707.224	0.01054	
707.629	0.01297	
708.034	0.0085	
708.439	0.01447	
708.845	0.00999	
709.25	0.01508	
709.655	0.01944	
710.06	0.01112	
710.465	0.01961	
710.87	0.00731	
711.275	0.01299	
711.679	0.01431	
712.084	0.01758	
712.489	0.01596	
712.893	0.01393	
713.298	0.01401	
713.702	0.00892	
714.107	0.01546	
714.511	0.01574	
714.916	0.01819	
715.32	0.01466	
715.724	0.01183	
716.128	0.01334	
716.533	0.01822	
716.937	0.00689	
717.341	0.01395	
717.745	0.01197	
718.149	0.00979	
718.552	0.00798	
718.956	0.01513	
719.36	0.01342	
719.764	0.01237	
720.167	0.01244	
720.571	0.01225	
720.974	0.01677	
721.378	0.01415	
721.781	0.0094	
722.185	0.01313	
722.588	0.00688	
722.991	0.01665	
723.394	0.01382	
723.797	0.00988	
724.2	0.0121	
724.603	0.01103	
725.006	0.01007	
725.409	0.00681	
725.812	0.0114	
726.215	0.01235	
726.618	0.01032	
727.02	0.00898	
727.423	0.00743	
727.826	0.01051	
728.228	0.01168	
728.631	0.00647	
729.033	0.01353	
729.435	0.01065	
729.838	0.00749	
730.24	0.01553	
730.642	0.0081	
731.044	0.00847	
731.446	0.01229	
731.848	0.00736	
732.25	0.00747	
732.652	0.00833	
733.054	0.00381	
733.456	0.01183	
733.857	0.01397	
734.259	0.00754	
734.661	0.00276	
735.062	0.00786	
735.464	0.00879	
735.865	0.01111	
736.267	0.00657	
736.668	0.00888	
737.069	0.00929	
737.47	0.01081	
737.872	0.00693	
738.273	0.00388	
738.674	0.00329	
739.075	0.01363	
739.476	0.00598	
739.877	0.00549	
740.278	0.00642	
740.678	0.00841	
741.079	0.00167	
741.48	0.01142	
741.88	0.0081	
742.281	0.00392	
742.681	0.00739	
743.082	0.00851	
743.482	0.00512	
743.882	0.00576	
744.283	0.00748	
744.683	0.00803	
745.083	0.00688	
745.483	0.00993	
745.883	0.0026	
746.283	0.01298	
746.683	0.00578	
747.083	0.00411	
747.483	0.00628	
747.883	0.00419	
748.282	0.00448	
748.682	0.00333	
749.082	0.01216	
749.481	0.01325	
749.881	0.00684	
750.28	0.00359	
750.679	0.00484	
751.079	0.00712	
751.478	0.00985	
751.877	0.00775	
752.276	0.00799	
752.675	0.00925	
753.074	0.00896	
753.473	0.0054	
753.872	0.00895	
754.271	0.00642	
754.67	0.01308	
755.069	0.00885	
755.467	0.00278	
755.866	0.00535	
756.265	0.00784	
756.663	0.00348	
757.062	0.00416	
757.46	0.00138	
757.858	0.00465	
758.257	0.00935	
758.655	0.00828	
759.053	0.00387	
759.451	0.00324	
759.849	0.00419	
760.247	0.00441	
760.645	0.0018	
761.043	0.00143	
761.441	0.00775	
761.839	0.00009	
762.237	0.00331	
762.634	0.001	
763.032	0.00376	
763.429	0.00658	
763.827	0.00712	
764.224	0.00319	
764.622	0.00263	
765.019	0.00788	
765.416	0.00229	
765.814	0.00831	
766.211	0.00199	
766.608	0.00702	
767.005	0.00526	
767.402	0.01319	
767.799	0.00335	
768.196	0.00652	
768.593	0.01159	
768.989	0.00407	
769.386	0.00688	
769.783	0.00281	
770.179	0.00113	
770.576	0.00193	
770.972	0.00415	
771.369	0.00337	
771.765	0.00855	
772.161	0.00039	
772.558	0.00518	
772.954	0.00074	
773.35	0.00807	
773.746	0.00283	
774.142	0.00487	
774.538	0.00808	
774.934	0.00043	
775.33	0.00217	
775.726	0.00253	
776.121	0.00374	
776.517	0.00992	
776.913	0.00097	
777.308	0.0031	
777.704	0.00107	
778.099	0.0039	
778.495	0.0027	
778.89	0.00205	
779.285	0.00057	
779.68	0.00069	
780.076	-0.00075	
780.471	0.00048	
780.866	0.00656	
781.261	-0.00133	
781.656	0.00777	
782.051	-0.00346	
782.445	0.00509	
782.84	-0.00486	
783.235	0.0016	
783.63	-0.00008	
784.024	0.00386	
784.419	-0.00081	
784.813	-0.00005	
785.208	0.00203	
785.602	0.00475	
785.996	0.01055	
786.391	0.00354	
786.785	0.00228	
787.179	0.00468	
787.573	0.00482	
787.967	-0.00728	
788.361	0.00132	
788.755	0.00306	
789.149	0.00194	
789.543	0.00327	
789.936	0.00243	
790.33	0.00085	
790.724	0.00321	
791.117	-0.00251	
791.511	0.00192	
791.904	0.00342	
792.298	0.00207	
792.691	0.00424	
793.084	0.00133	
793.477	-0.00201	
793.871	0.00114	
794.264	0.00099	
794.657	-0.00418	
795.05	0.00608	
795.443	-0.00493	
795.836	0.00527	
796.228	0.00522	
796.621	0.00156	
797.014	-0.00371	
797.406	-0.00481	
797.799	-0.00066	
798.192	-0.00584	
798.584	-0.00267	
798.976	-0.01089	
799.369	0.00293	
799.761	-0.00396	
800.153	0.00127	
800.546	-0.00166	
800.938	-0.00163	
801.33	0.00284	
801.722	-0.00254	
802.114	0.00414	
802.506	0.00477	
802.897	0.00077	
803.289	-0.0031	
803.681	0.0067	
804.073	-0.00292	
804.464	-0.00164	
804.856	0.00013	
805.247	-0.00216	
805.639	-0.00304	
806.03	-0.00509	
806.421	-0.00403	
806.813	-0.00093	
807.204	-0.00454	
807.595	-0.00017	
807.986	0.00381	
808.377	-0.00339	
808.768	-0.00216	
809.159	0.00045	
809.55	0.00018	
809.941	-0.00416	
810.331	0.00038	
810.722	-0.00619	
811.113	0.00147	
811.503	-0.00658	
811.894	0.00322	
812.284	0.00438	
812.675	0.00035	
813.065	-0.00607	
813.455	0.00138	
813.846	-0.00591	
814.236	-0.00923	
814.626	-0.00365	
815.016	-0.00295	
815.406	-0.00052	
815.796	0.00442	
816.186	0.00448	
816.575	-0.003	
816.965	-0.01093	
817.355	0.00663	
817.745	0.00633	
818.134	0.00626	
818.524	0.0015	
818.913	0.00235	
819.303	0.0056	
819.692	0.00679	
820.081	0.00664	
820.47	-0.00397	
820.86	-0.0038	
821.249	0.00443	
821.638	-0.00139	
822.027	0.00052	
822.416	0.00644	
822.805	0.00453	
823.193	0.00515	
823.582	0.00523	
823.971	-0.00753	
824.36	0.00175	
824.748	-0.00688	
825.137	0.00441	
825.525	-0.00419	
825.914	0.00786	
826.302	0.0027	
826.69	-0.00048	
827.079	0.00273	
827.467	-0.00131	
827.855	0.00631	
828.243	-0.00196	
828.631	0.0113	
829.019	-0.01156	
829.407	-0.00646	
829.795	0.00046	
830.182	-0.00642	
830.57	-0.00403	
830.958	-0.00241	
831.345	0.00125	
831.733	0.0056	
832.12	0.00423	
832.508	-0.00115	
832.895	0.00013	
833.283	0.00077	
833.67	-0.00321	
834.057	-0.00038	
834.444	0.00381	
834.831	-0.00179	
835.218	0.00161	
835.605	0.00365	
835.992	-0.00166	
836.379	0.00211	
836.766	-0.00096	
837.152	-0.00437	
837.539	-0.00735	
837.926	0.00787	
838.312	-0.0111	
838.699	-0.00539	
839.085	0.00169	
839.472	-0.00785	
839.858	0.00511	
840.244	0.0011	
840.63	-0.00029	
841.017	-0.00272	
841.403	-0.00447	
841.789	0.00724	
842.175	0.00108	
842.561	0.00354	
842.946	0.00355	
843.332	-0.00058	
843.718	0.00754	
844.104	0.00266	
844.489	0.00623	
844.875	0.01053	
845.26	-0.00014	
845.646	0.00776	
846.031	-0.00627	
846.416	0.00147	
846.802	0.0021	
847.187	-0.00526	
847.572	-0.00555	
847.957	-0.00346	
848.342	0.00663	
848.727	-0.00003	
849.112	0.00849	
849.497	-0.00116	
849.882	0.00224	
850.266	0.00715	
850.651	-0.00456	
851.036	0.00034	
851.42	0.00836	
851.805	0.00358	
852.189	0.00831	
852.574	-0.00716	
852.958	0.0036	
853.342	0.00138	
853.726	0.00671	
854.11	0.00046	
854.495	-0.00078	
854.879	0.00487	
855.263	-0.00612	
855.646	0.0068	
856.03	-0.0054	
856.414	0.00419	
856.798	0.01052	
857.181	0.00762	
857.565	0.00291	
857.949	0.00042	
858.332	0.00899	
858.716	-0.00088	
859.099	0.00765	
859.482	0.00149	
859.866	0.00057	
860.249	-0.01069	
860.632	-0.00398	
861.015	0.00166	
861.398	-0.0001	
861.781	-0.00291	
862.164	0.00316	
862.547	0.00545	
862.929	-0.00156	
863.312	0.00131	
863.695	-0.00871	
864.077	0.00715	
864.46	0.00682	
864.842	0.00216	
865.225	0.00004	
865.607	0.00508	
865.99	0.00355	
866.372	0.0074	
866.754	0.00336	
867.136	-0.00339	
867.518	0.00628	
867.9	0.00424	
868.282	-0.00055	
868.664	0.00568	
869.046	0.01139	
869.428	0.00532	
869.809	-0.00383	
870.191	-0.00003	
870.573	0.00149	
870.954	0.00688	
871.336	0.00684	
871.717	0.00522	
872.099	0.00361	
872.48	0.00105	
872.861	-0.00246	
873.242	0.00215	
873.623	-0.00075	
874.004	-0.00469	
874.385	0.00204	
874.766	-0.00452	
875.147	-0.00399	
875.528	-0.00661	
875.909	0.00577	
876.29	-0.0128	
876.67	-0.00693	
877.051	0.00005	
877.431	-0.01163	
877.812	-0.0143	
878.192	-0.00453	
878.573	-0.00721	
878.953	-0.00507	
879.333	-0.00747	
879.713	-0.01829	
880.093	-0.0017	
880.473	-0.02408	
880.853	-0.00443	
881.233	-0.00004	
881.613	-0.01288	
881.993	-0.0163	
882.373	-0.01948	
882.753	-0.02158	
883.132	-0.01177	
883.512	-0.00618	
883.891	-0.01535	
884.271	-0.01927	
884.65	-0.01181	
885.029	-0.01241	
885.409	-0.02067	
885.788	-0.01349	
886.167	-0.01636	
886.546	-0.03148	
886.925	-0.02883	
887.304	-0.02729	
887.683	-0.0246	
888.062	-0.03073	
888.441	-0.02869	
888.82	-0.02539	
889.198	-0.02938	
889.577	-0.01992	
889.955	-0.02502	
890.334	-0.02963	
890.712	-0.0318	
891.091	-0.02528	
891.469	-0.02835	
891.847	-0.02779	
892.226	-0.04392	
892.604	-0.02779	
892.982	-0.03564	
893.36	-0.03511	
893.738	-0.03334	
894.116	-0.04023	
894.493	-0.03373	
894.871	-0.04139	
895.249	-0.02938	
895.627	-0.03214	
896.004	-0.04444	
896.382	-0.03971	
896.759	-0.04227	
897.137	-0.02703	
897.514	-0.03429	
897.891	-0.03184	
898.269	-0.04711	
898.646	-0.04114	
899.023	-0.02941	
899.4	-0.04177	
899.777	-0.05033	
900.154	-0.05116	
900.531	-0.04682	
900.908	-0.04338	
901.284	-0.04848	
901.661	-0.05328	
902.038	-0.04651	
902.414	-0.04407	
902.791	-0.02435	
903.167	-0.0472	
903.544	-0.05199	
903.92	-0.05271	
904.296	-0.05849	
904.672	-0.05821	
905.049	-0.04418	
905.425	-0.04866	
905.801	-0.05389	
906.177	-0.06288	
906.553	-0.06825	
906.929	-0.05221	
907.304	-0.06814	
907.68	-0.05922	
908.056	-0.0724	
908.431	-0.06753	
908.807	-0.07101	
909.182	-0.06632	
909.558	-0.04697	
909.933	-0.06006	
910.309	-0.0657	
910.684	-0.05548	
911.059	-0.05189	
911.434	-0.06603	
911.809	-0.06023	
912.184	-0.06523	
912.559	-0.08288	
912.934	-0.06544	
913.309	-0.0635	
913.684	-0.06507	
914.058	-0.07618	
914.433	-0.08332	
914.808	-0.0617	
915.182	-0.08653	
915.557	-0.06818	
915.931	-0.07393	
916.305	-0.06939	
916.68	-0.08922	
917.054	-0.07044	
917.428	-0.07441	
917.802	-0.07771	
918.176	-0.07138	
918.55	-0.07443	
918.924	-0.06446	
919.298	-0.06834	
919.672	-0.07334	
920.045	-0.06546	
920.419	-0.0681	
920.793	-0.05993	
921.166	-0.07937	
921.54	-0.07827	
921.913	-0.0749	
922.287	-0.08515	
922.66	-0.06536	
923.033	-0.07987	
923.406	-0.07235	
923.78	-0.07429	
924.153	-0.06761	
924.526	-0.07861	
924.899	-0.07799	
925.271	-0.08929	
925.644	-0.07178	
926.017	-0.07062	
926.39	-0.08213	
926.762	-0.06533	
927.135	-0.05737	
927.508	-0.09419	
927.88	-0.06902	
928.252	-0.07562	
928.625	-0.08064	
928.997	-0.08608	
929.369	-0.06477	
929.741	-0.05737	
930.114	-0.04762	
930.486	-0.09384	
930.858	-0.0664	
931.229	-0.04915	
931.601	-0.05121	
931.973	-0.06176	
932.345	-0.07839	
932.717	-0.07315	
933.088	-0.08954	
933.46	-0.06788	
933.831	-0.06664	
934.203	-0.08878	
934.574	-0.06763	
934.945	-0.08596	
935.317	-0.06877	
935.688	-0.08702	
936.059	-0.05347	
936.43	-0.0594	
936.801	-0.05518	
937.172	-0.08935	
937.543	-0.0807	
937.914	-0.07535	
938.284	-0.05878	
938.655	-0.04552	
939.026	-0.03903	
939.396	-0.0594	
939.767	-0.0903	
940.137	-0.07645	
940.508	-0.05735	
940.878	-0.0923	
941.248	-0.05729	
941.618	-0.03318	
941.989	-0.08836	
942.359	-0.0663	
942.729	-0.08173	
943.099	-0.09636	
943.469	-0.08574	
943.838	-0.06308	
944.208	-0.05792	
944.578	-0.04455	
944.948	-0.04904	
945.317	-0.09882	
945.687	-0.05757	
946.056	-0.04247	
946.426	-0.03542	
946.795	-0.09297	
947.164	-0.03905	
947.533	-0.05835	
947.903	-0.06317	
948.272	-0.0389	
948.641	-0.04954	
949.01	-0.03606	
949.379	-0.0249	
949.748	-0.003	
950.116	-0.09014	
950.485	-0.06252	
950.854	-0.02566	
951.222	-0.08387	
951.591	-0.08295	
951.959	0.01368	
952.328	-0.04693	
952.696	-0.02489	
953.065	-0.05572	
953.433	-0.08512	
953.801	-0.04682	
954.169	-0.04454	
954.537	0.00666	
954.905	-0.0214	
955.273	-0.05208	
955.641	-0.09398	
956.009	-0.01422	
956.377	-0.01972	
956.744	-0.05459	
957.112	-0.05448	
957.479	-0.05945	
957.847	-0.07647	
958.214	-0.06987	
958.582	-0.04891	
958.949	-0.06979	
959.316	0.03614	
959.684	-0.05406	
960.051	-0.09798	
960.418	-0.02104	
960.785	-0.04959	
961.152	-0.10609	
961.519	-0.06362	
961.885	-0.04936	
962.252	-0.04263	
962.619	-0.08548	
962.986	-0.11078	
963.352	-0.01658	
963.719	-0.06668	
964.085	-0.12165	
964.452	-0.06796	
964.818	-0.09958	
965.184	-0.03209	
965.55	-0.09628	
965.916	-0.0435	
966.283	-0.07276	
966.649	-0.09233	
967.015	-0.08612	
967.38	0.01463	
967.746	0.0669	
968.112	0.01371	
968.478	-0.09483	
968.843	-0.09211	
969.209	-0.10643	
969.575	-0.09271	
969.94	-0.01266	
970.305	0.01067	
970.671	0.01438	
971.036	-0.03792	
971.401	0.11463	
971.766	-0.05076	
972.132	-0.07177	
972.497	0.03504	
972.862	-0.01455	
973.227	-0.08837	
973.591	-0.09111	
973.956	-0.08131	
974.321	-0.04146	
974.686	-0.01494	
975.05	-0.09937	
975.415	-0.08473	
975.779	-0.09733	
976.144	-0.04466	
976.508	0.01776	
976.872	0.0305	
977.236	-0.09685	
977.601	-0.1623	
977.965	-0.08197	
978.329	-0.01906	
978.693	0.18422	
979.057	-0.04647	
979.421	-0.10382	
979.784	-0.05214	
980.148	0.01632	
980.512	0.03611	
980.875	-0.10272	
981.239	0.10065	
981.602	-0.00999	
981.966	0.00711	
982.329	-0.03077	
982.692	-0.01561	
983.056	-0.13216	
983.419	-0.04578	
983.782	-0.08223	
984.145	0.00921	
984.508	-0.0351	
984.871	0.08867	
985.234	-0.04552	
985.597	-0.03557	
985.959	-0.07948	
986.322	0.13021	
986.685	-0.07841	
987.047	0.01799	
987.41	0.01219	
987.772	-0.05978	
988.134	-0.05717	
988.497	-0.00815	
988.859	0.08997	
989.221	-0.04271	
989.583	-0.13469	
989.945	0.01556	
990.307	-0.14505	
990.669	-0.00751	
991.031	-0.01636	
991.393	0.1175	
991.755	-0.04301	
992.116	-0.0262	
992.478	-0.02498	
992.839	-0.01997	
993.201	-0.22465	
993.562	0.03366	
993.924	0.01183	
994.285	0.01303	
994.646	-0.02803	
995.007	0.19834	
995.369	0.16026	
995.73	-0.03646	
996.091	0.1674	
996.451	0.01385	
996.812	-0.13978	
997.173	0.06856	
997.534	-0.05231	
997.895	-0.06505	
998.255	-0.02891	
998.616	-0.04551	
998.976	-0.00127	
999.337	-0.02639	
999.697	-0.02985	
1000.057	-0.17878	
1000.418	-0.03535	
1000.778	0.14738	
1001.138	-0.19054	
1001.498	-0.14011	
1001.858	0.08353	
1002.218	-0.0433	
1002.578	-0.04373	
1002.937	0.04697	
1003.297	0.03168	
1003.657	-0.03956	
1004.016	0.01194	
1004.376	-0.11776	
1004.735	-0.02495	
1005.095	0.01436	
1005.454	0.04542	
1005.813	0.00888	
1006.173	-0.14194	
1006.532	-0.12722	
1006.891	-0.08874	
1007.25	-0.09704	
1007.609	0.05046	
1007.968	-0.08146	
1008.327	-0.06111	
1008.686	-0.00907	
1009.044	-0.12837	
1009.403	-0.04332	
1009.762	-0.00803	
1010.12	-0.05519	
1010.479	0.06497	
1010.837	-0.08438	
1011.195	-0.28274	
1011.554	-0.19095	
1011.912	-0.38267	
1012.27	-0.05775	
1012.628	-0.18445	
1012.986	0.08462	
1013.344	-0.03861	
1013.702	0.2126	
1014.06	0.05092	
1014.418	0.06404	
1014.775	-0.15514	
1015.133	-0.04995	
1015.491	-0.10034	
1015.848	0.12938	
1016.206	-0.029	
1016.563	-0.1316	
1016.92	0.04457	
1017.278	0.00642	
1017.635	-0.071	
1017.992	0.01322	
1018.349	-0.02315	
1018.706	-0.10663	
1019.063	-0.05265	
1019.42	0.13243	
1019.777	-0.06571	
1020.134	-0.11197	
1020.49	-0.21939	
1020.847	-0.01021	
1021.203	-0.10527	
1021.56	-0.00183	
1021.916	-0.019	
1022.273	-0.1853	
1022.629	-0.05725	
1022.985	0.04346	
1023.342	-0.08995	
1023.698	-0.02599	
1024.054	0.38737	
1024.41	-0.00899	
1024.766	-0.16359	
1025.122	0.12636	
1025.477	0.05127	
1025.833	0.13262	
1026.189	0.07052	
1026.545	0.03398	
1026.9	0.05898	
1027.256	0.14412	
1027.611	-0.04864	
1027.966	0.01847	
1028.322	-0.05983	
1028.677	0.09739	
1029.032	-0.14927	
1029.387	0.17841	
1029.742	0.05336	
1030.097	-0.01596	
1030.452	-0.07829	
1030.807	0.00496	
1031.162	-0.22975	
1031.517	-0.00523	
1031.871	-0.10565	
1032.226	0.09372	
1032.581	0.09372	
1032.935	0.09372	
