FLMS05510_1:101		
187.856	1.25761	
188.32	1.25761	
188.785	1.25761	
189.249	-119.59069	
189.713	-104.47155	
190.178	-64.17224	
190.642	-109.51084	
191.106	-66.69016	
191.57	-64.17224	
192.034	-122.11091	
192.498	-56.61908	
192.963	-33.96519	
193.427	-56.61908	
193.89	-6.28844	
194.354	-8.804	
194.818	-6.28844	
195.282	89.22736	
195.746	104.2955	
196.21	174.56619	
196.673	96.76188	
197.137	129.40109	
197.601	56.56733	
198.064	184.59855	
198.528	249.77082	
198.991	274.81965	
199.454	412.41803	
199.918	374.91949	
200.381	449.89562	
200.844	492.34511	
201.308	459.88612	
201.771	392.42142	
202.234	429.91016	
202.697	432.40867	
203.16	422.41409	
203.623	447.39776	
204.086	402.42047	
204.549	477.36597	
205.012	442.40176	
205.475	447.39776	
205.938	454.89105	
206.4	472.37219	
206.863	484.85595	
207.326	527.28367	
207.788	479.86272	
208.251	419.91521	
208.714	432.40867	
209.176	339.9018	
209.639	504.82522	
210.101	537.26284	
210.563	497.33743	
211.026	432.40867	
211.488	487.35243	
211.95	499.83345	
212.412	449.89562	
212.874	529.77859	
213.337	522.29354	
213.799	514.80766	
214.261	422.41409	
214.723	487.35243	
215.184	457.38864	
215.646	457.38864	
216.108	419.91521	
216.57	492.34511	
217.032	459.88612	
217.493	389.92143	
217.955	399.92085	
218.417	417.41624	
218.878	477.36597	
219.34	352.41024	
219.801	417.41624	
220.263	537.26284	
220.724	454.89105	
221.185	434.90708	
221.647	382.42088	
222.108	414.91718	
222.569	419.91521	
223.03	374.91949	
223.491	489.84882	
223.952	457.38864	
224.413	399.92085	
224.874	417.41624	
225.335	429.91016	
225.796	417.41624	
226.257	384.92116	
226.718	417.41624	
227.179	494.84132	
227.639	432.40867	
228.1	429.91016	
228.561	374.91949	
229.021	404.92	
229.482	439.90363	
229.942	482.35938	
230.403	422.41409	
230.863	444.89981	
231.323	459.88612	
231.784	427.41157	
232.244	452.39338	
232.704	407.41943	
233.164	444.89981	
233.625	487.35243	
234.085	444.89981	
234.545	497.33743	
235.005	504.82522	
235.465	464.88083	
235.925	434.90708	
236.384	409.91878	
236.844	454.89105	
237.304	459.88612	
237.764	434.90708	
238.223	444.89981	
238.683	462.38352	
239.143	494.84132	
239.602	502.32938	
240.062	404.92	
240.521	414.91718	
240.98	507.32097	
241.44	459.88612	
241.899	407.41943	
242.358	404.92	
242.818	414.91718	
243.277	419.91521	
243.736	407.41943	
244.195	479.86272	
244.654	449.89562	
245.113	479.86272	
245.572	462.38352	
246.031	389.92143	
246.49	417.41624	
246.949	442.40176	
247.408	457.38864	
247.866	447.39776	
248.325	482.35938	
248.784	499.83345	
249.242	472.37219	
249.701	424.91287	
250.159	444.89981	
250.618	432.40867	
251.076	527.28367	
251.534	467.37804	
251.993	449.89562	
252.451	469.87516	
252.909	447.39776	
253.368	514.80766	
253.826	499.83345	
254.284	447.39776	
254.742	492.34511	
255.2	484.85595	
255.658	459.88612	
256.116	522.29354	
256.574	414.91718	
257.031	392.42142	
257.489	394.92133	
257.947	442.40176	
258.405	362.41529	
258.862	464.88083	
259.32	407.41943	
259.777	534.76818	
260.235	447.39776	
260.692	362.41529	
261.15	469.87516	
261.607	479.86272	
262.065	509.81662	
262.522	474.86912	
262.979	392.42142	
263.436	507.32097	
263.893	412.41803	
264.351	442.40176	
264.808	424.91287	
265.265	447.39776	
265.722	474.86912	
266.178	472.37219	
266.635	452.39338	
267.092	499.83345	
267.549	434.90708	
268.006	474.86912	
268.462	402.42047	
268.919	522.29354	
269.376	407.41943	
269.832	544.74626	
270.289	409.91878	
270.745	447.39776	
271.202	537.26284	
271.658	514.80766	
272.114	449.89562	
272.571	497.33743	
273.027	459.88612	
273.483	494.84132	
273.939	444.89981	
274.395	452.39338	
274.851	509.81662	
275.307	497.33743	
275.763	414.91718	
276.219	474.86912	
276.675	517.30304	
277.131	457.38864	
277.587	444.89981	
278.042	454.89105	
278.498	509.81662	
278.954	404.92	
279.409	499.83345	
279.865	434.90708	
280.32	519.79834	
280.776	492.34511	
281.231	519.79834	
281.687	457.38864	
282.142	494.84132	
282.597	382.42088	
283.052	477.36597	
283.508	467.37804	
283.963	449.89562	
284.418	479.86272	
284.873	517.30304	
285.328	459.88612	
285.783	434.90708	
286.238	437.4054	
286.693	492.34511	
287.147	499.83345	
287.602	502.32938	
288.057	499.83345	
288.512	474.86912	
288.966	512.31219	
289.421	467.37804	
289.875	467.37804	
290.33	437.4054	
290.784	479.86272	
291.239	557.21683	
291.693	554.7229	
292.147	484.85595	
292.602	489.84882	
293.056	462.38352	
293.51	429.91016	
293.964	459.88612	
294.418	514.80766	
294.872	492.34511	
295.326	462.38352	
295.78	527.28367	
296.234	502.32938	
296.688	479.86272	
297.142	437.4054	
297.595	437.4054	
298.049	559.71067	
298.503	577.16505	
298.956	452.39338	
299.41	434.90708	
299.863	439.90363	
300.317	447.39776	
300.77	454.89105	
301.224	462.38352	
301.677	479.86272	
302.13	507.32097	
302.584	404.92	
303.037	524.78865	
303.49	527.28367	
303.943	462.38352	
304.396	524.78865	
304.849	519.79834	
305.302	629.50186	
305.755	529.77859	
306.208	641.95722	
306.661	589.62977	
307.114	612.06063	
307.566	636.97534	
308.019	612.06063	
308.472	671.84106	
308.924	587.13701	
309.377	646.93875	
309.829	684.28892	
310.282	706.68954	
310.734	801.19235	
311.187	818.58721	
311.639	813.61768	
312.091	937.75451	
312.543	982.39258	
312.995	1064.15989	
313.448	989.82966	
313.9	1022.04845	
314.352	1177.99162	
314.804	1220.01725	
315.256	1234.8444	
315.708	1212.60262	
316.159	1304.00061	
316.611	1415.01798	
317.063	1491.40736	
317.515	1577.56742	
317.966	1648.88909	
318.418	1690.67001	
318.87	1739.79747	
319.321	1842.87281	
319.773	1889.46152	
320.224	1965.42107	
320.675	2068.22937	
321.127	2087.7984	
321.578	2119.58895	
322.029	2236.87241	
322.48	2107.36315	
322.932	2197.79479	
323.383	2354.00538	
323.834	2385.70336	
324.285	2604.8582	
324.736	2738.5392	
325.187	2896.29029	
325.638	3080.42124	
326.088	3235.22014	
326.539	3421.156	
326.99	3551.35663	
327.441	3638.06872	
327.891	3613.98907	
328.342	3604.35569	
328.792	3707.86929	
329.243	3945.81702	
329.693	4137.72375	
330.144	4020.22017	
330.594	3828.10962	
331.044	3806.47615	
331.495	3748.76592	
331.945	3936.21297	
332.395	3943.41609	
332.845	4029.81694	
333.295	4192.836	
333.745	4312.55241	
334.195	4434.53332	
334.645	4398.67011	
335.095	4503.83707	
335.545	4307.76618	
335.995	4448.87546	
336.444	4099.36882	
336.894	4171.27355	
337.344	4094.57353	
337.793	4413.01675	
338.243	4666.17925	
338.692	5030.62561	
339.142	5550.34811	
339.591	5730.18743	
340.041	5673.42471	
340.49	5642.66722	
340.939	5502.97777	
341.388	5533.77059	
341.838	5538.50726	
342.287	5666.32752	
342.736	5552.71614	
343.185	5652.13189	
343.634	5246.85666	
344.083	5092.44595	
344.532	5313.31072	
344.981	5299.07366	
345.429	5566.92337	
345.878	5566.92337	
346.327	5619.00233	
346.776	5732.55197	
347.224	5886.14938	
347.673	5633.20181	
348.121	5879.06449	
348.57	5782.19679	
349.018	6117.36528	
349.467	6122.07947	
349.915	6312.85396	
350.363	6449.27863	
350.811	6733.41123	
351.26	6519.78473	
351.708	6639.55419	
352.156	6576.16107	
352.604	6714.64542	
353.052	6911.54733	
353.5	7306.77062	
353.948	7393.13538	
354.396	7563.35996	
354.843	7533.06253	
355.291	7640.23671	
355.739	7302.10059	
356.186	6974.77215	
356.634	6803.75814	
357.082	6529.18255	
357.529	6202.19332	
357.977	5994.73322	
358.424	6131.50731	
358.871	6552.67401	
359.319	7063.70182	
359.766	7381.46788	
360.213	7362.79766	
360.661	7453.78925	
361.108	7472.4462	
361.555	7358.12968	
362.002	7595.97996	
362.449	8023.93387	
362.896	8114.45986	
363.343	8346.29021	
363.79	8156.21981	
364.236	8334.70848	
364.683	8787.94761	
365.13	9071.58477	
365.577	9637.058	
366.023	9987.56682	
366.47	10072.19598	
366.916	10035.60596	
367.363	9932.64439	
367.809	10012.73227	
368.256	10124.77715	
368.702	10069.90939	
369.148	10375.9773	
369.594	10717.79964	
370.041	10729.17953	
370.487	10444.40808	
370.933	10544.71302	
371.379	10419.32067	
371.825	10152.20288	
372.271	9896.01723	
372.717	9799.8243	
373.163	9253.43972	
373.608	9119.95015	
374.054	9046.24351	
374.5	8963.27469	
374.946	9471.79956	
375.391	9781.49415	
375.837	10264.13502	
376.282	10433.00527	
376.728	11056.53396	
377.173	11414.86986	
377.618	11989.13919	
378.064	12270.97126	
378.509	12119.97185	
378.954	11494.13089	
379.4	11151.87311	
379.845	11204.05632	
380.29	11283.43003	
380.735	11378.62222	
381.18	10733.73124	
381.625	10323.49106	
382.07	9627.88227	
382.514	8718.67548	
382.959	8262.8788	
383.404	8202.60402	
383.849	8670.16333	
384.293	9347.72277	
384.738	9946.37706	
385.183	10296.0991	
385.627	10407.91582	
386.072	10524.2019	
386.516	10608.50635	
386.96	10820.18607	
387.405	10820.18607	
387.849	10608.50635	
388.293	11070.15766	
388.737	11480.54627	
389.181	12117.71704	
389.626	12738.84854	
390.07	13290.52933	
390.514	13449.43328	
390.957	13831.58468	
391.401	13847.21187	
391.845	13118.03709	
392.289	11941.74173	
392.733	10350.87764	
393.176	9476.39281	
393.62	9611.82324	
394.064	10127.06284	
394.507	11335.56666	
394.951	12372.30868	
395.394	12648.97547	
395.838	11919.16643	
396.281	10963.4045	
396.724	10576.61328	
397.168	11147.33456	
397.611	12534.31666	
398.054	14293.18121	
398.497	15760.71762	
398.94	17083.93727	
399.383	17597.41625	
399.826	18136.80544	
400.269	19216.68527	
400.712	19069.38668	
401.155	19761.83384	
401.597	19579.3939	
402.04	19865.14161	
402.483	19777.22015	
402.925	19636.54436	
403.368	20010.21202	
403.811	19671.71356	
404.253	19858.54751	
404.696	19511.25201	
405.138	19748.64557	
405.58	19610.16731	
406.023	19520.04458	
406.465	19315.61084	
406.907	19660.72321	
407.349	19590.38443	
407.791	20276.18091	
408.233	21032.47074	
408.675	20964.30305	
409.117	20838.97092	
409.559	20887.34349	
410.001	20460.8311	
410.443	20975.29761	
410.885	21265.58755	
411.326	21811.19048	
411.768	22266.85098	
412.21	22440.8217	
412.651	22178.78013	
413.093	22178.78013	
413.534	22130.3455	
413.975	22352.73007	
414.417	22229.41962	
414.858	22524.51885	
415.299	22722.78938	
415.741	22658.89589	
416.182	22713.97612	
416.623	22603.82015	
417.064	22421.00014	
417.505	22106.12932	
417.946	21945.44061	
418.387	22304.28423	
418.828	21778.18136	
419.269	21747.37397	
419.709	22180.98178	
420.15	22275.65863	
420.591	22870.42889	
421.031	22971.81275	
421.472	22916.71084	
421.913	22769.06089	
422.353	22625.84991	
422.794	21901.42182	
423.234	22018.07674	
423.674	22921.11882	
424.115	22559.76275	
424.555	23018.10204	
424.995	22967.40442	
425.435	22907.89498	
425.875	22901.28316	
426.315	22390.1677	
426.755	22421.00014	
427.195	22456.23885	
427.635	22040.08897	
428.075	22180.98178	
428.515	22123.74101	
428.955	21324.9737	
429.394	20722.44298	
429.834	19838.7652	
430.274	18845.1142	
430.713	19159.52607	
431.153	20711.45019	
431.592	21368.9655	
432.031	22956.38374	
432.471	23534.13216	
432.91	24421.71059	
433.349	24074.90417	
433.789	23856.32685	
434.228	24030.74036	
434.667	24421.71059	
435.106	25109.33286	
435.545	26303.02946	
435.984	26376.18997	
436.423	26196.62938	
436.862	26518.1009	
437.301	26099.112	
437.739	25837.66537	
438.178	25257.58072	
438.617	24974.39488	
439.055	25545.3362	
439.494	25757.92477	
439.932	25857.6022	
440.371	26604.59307	
440.809	26613.46471	
441.248	27756.60315	
441.686	28312.08587	
442.124	28676.63585	
442.563	29003.47954	
443.001	29092.42786	
443.439	28898.97107	
443.877	29216.96247	
444.315	29323.71225	
444.753	29199.17134	
445.191	29061.29545	
445.629	28594.38063	
446.067	28643.28853	
446.504	29772.99622	
446.942	29933.14905	
447.38	30162.26145	
447.817	30173.38347	
448.255	30442.53487	
448.693	31172.06237	
449.13	31238.7777	
449.568	31476.71012	
450.005	31950.24482	
450.442	32679.08591	
450.88	32363.61108	
451.317	33267.5456	
451.754	32974.47355	
452.191	32632.4374	
452.628	31934.68524	
453.065	31341.0702	
453.502	32825.68086	
453.939	32541.35541	
454.376	32316.94824	
454.813	32821.23892	
455.25	32923.39817	
455.686	34285.84933	
456.123	34281.41499	
456.56	35136.82012	
456.996	35276.35743	
457.433	35061.50608	
457.869	35236.4916	
458.306	35747.99398	
458.742	34815.58589	
459.179	35382.65887	
459.615	35021.63154	
460.051	36044.61684	
460.487	36285.86317	
460.924	36277.01054	
461.36	37277.31994	
461.796	37835.22466	
462.232	37726.71661	
462.668	38735.13079	
463.104	38349.23803	
463.539	38238.41659	
463.975	37945.96435	
464.411	38670.78724	
464.847	38639.72914	
465.282	38828.34025	
465.718	38413.52711	
466.153	38050.07739	
466.589	37839.6539	
467.024	38019.06309	
467.46	39023.72849	
467.895	39294.83977	
468.33	39370.44878	
468.766	39470.55841	
469.201	40170.53978	
469.636	39985.24252	
470.071	39822.43976	
470.506	40025.4095	
470.941	40396.32379	
471.376	41166.02354	
471.811	42970.24051	
472.246	42751.76315	
472.681	43032.47275	
473.115	43113.23862	
473.55	44169.29298	
473.985	44450.42813	
474.419	44507.33687	
474.854	45078.15835	
475.288	46215.50712	
475.723	46730.1905	
476.157	47013.47136	
476.592	47494.87104	
477.026	47902.93398	
477.46	49478.52624	
477.894	49304.28389	
478.329	50230.59013	
478.763	50345.24326	
479.197	51297.47111	
479.631	51872.34307	
480.065	52647.85564	
480.499	52765.34803	
480.932	53319.57307	
481.366	54449.52512	
481.8	55765.13293	
482.234	55451.43681	
482.667	55936.40142	
483.101	55819.65456	
483.535	56865.58823	
483.968	56446.75919	
484.401	56831.34664	
484.835	55954.69677	
485.268	54597.37993	
485.702	53008.5861	
486.135	51896.86036	
486.568	51734.9109	
487.001	53221.93463	
487.434	54868.05465	
487.867	55580.722	
488.3	56653.34332	
488.733	57102.85018	
489.166	58044.55638	
489.599	59322.82413	
490.032	60304.24415	
490.464	60845.58965	
490.897	60538.00199	
491.33	60212.21883	
491.762	59903.56245	
492.195	60427.46954	
492.627	60715.86117	
493.06	61048.20232	
493.492	61025.61073	
493.925	60980.487	
494.357	62350.36255	
494.789	62970.16533	
495.221	62493.24083	
495.653	62222.41935	
496.086	63179.93746	
496.518	63564.56515	
496.95	63718.91551	
497.382	62737.88365	
497.813	62298.16372	
498.245	62742.70271	
498.677	62757.16502	
499.109	62440.76396	
499.54	62603.29623	
499.972	62062.1727	
500.404	61329.99274	
500.835	61375.73121	
501.267	60577.91195	
501.698	60841.10528	
502.129	61389.46845	
502.561	61818.94497	
502.992	61721.3498	
503.423	62165.75163	
503.855	61485.8326	
504.286	61504.22812	
504.717	61610.25436	
505.148	62873.1409	
505.579	63758.88599	
506.01	64035.22567	
506.441	64421.54519	
506.871	63009.0716	
507.302	62632.08018	
507.733	62212.96637	
508.163	61916.90265	
508.594	62474.1465	
509.025	63450.59499	
509.455	63604.31619	
509.886	63823.95926	
510.316	63924.3658	
510.746	64182.02238	
511.177	64606.36549	
511.607	64984.78223	
512.037	64673.39679	
512.467	64171.87419	
512.898	64009.9922	
513.328	63278.05273	
513.758	62279.20751	
514.188	62062.1727	
514.617	62994.47528	
515.047	63228.95156	
515.477	62512.3487	
515.907	61940.27951	
516.337	59748.5071	
516.766	58391.30763	
517.196	58020.5513	
517.625	57869.07904	
518.055	58221.33577	
518.484	58640.33359	
518.914	58582.952	
519.343	59662.78175	
519.772	60948.94745	
520.202	61449.08042	
520.631	60989.50541	
521.06	61818.94497	
521.489	62198.79318	
521.918	63018.8068	
522.347	63091.93104	
522.776	62718.61595	
523.205	62742.70271	
523.634	63297.71763	
524.063	63683.98789	
524.491	63849.02747	
524.92	64426.66316	
525.349	64192.17418	
525.777	63111.46373	
526.206	61513.43074	
526.634	60120.52922	
527.063	59259.60175	
527.491	60225.34472	
527.919	60387.79575	
528.348	61912.22975	
528.776	61921.57637	
529.204	62090.38155	
529.632	61902.88644	
530.06	62646.48364	
530.488	63465.43428	
530.916	64436.90182	
531.344	64447.14413	
531.772	64426.66316	
532.2	62680.12152	
532.627	62488.46598	
533.055	61739.91148	
533.483	61284.33468	
533.91	61458.26361	
534.338	61884.20971	
534.765	62355.11294	
535.193	62526.68849	
535.62	63101.69565	
536.048	62815.09126	
536.475	62498.01653	
536.902	62024.60743	
537.329	61846.89582	
537.757	62378.87751	
538.184	61930.92629	
538.611	62170.46935	
539.038	61963.67703	
539.465	61211.4486	
539.892	60003.13329	
540.318	59671.34095	
540.745	58883.66368	
541.172	58784.38673	
541.599	59791.48112	
542.025	60818.69519	
542.452	60600.11128	
542.878	60471.62464	
543.305	59731.33831	
543.731	59607.21895	
544.158	60225.34472	
544.584	60604.55348	
545.01	61129.69642	
545.436	60747.11466	
545.862	60050.89481	
546.289	59916.52743	
546.715	60304.24415	
547.141	60220.96866	
547.567	59509.22049	
547.993	58850.52619	
548.418	59087.62228	
548.844	59492.21693	
549.27	60168.51534	
549.696	60164.14917	
550.121	59407.37471	
550.547	59171.3636	
550.972	59765.68779	
551.398	59727.04796	
551.823	59594.41447	
552.249	59322.82413	
552.674	59424.31978	
553.099	59104.34759	
553.525	58607.5274	
553.95	58525.70666	
554.375	59774.28259	
554.8	60295.46533	
555.225	59146.21105	
555.65	59398.90655	
556.075	59137.83262	
556.5	58213.27189	
556.925	57877.02724	
557.349	57845.2504	
557.774	57789.74314	
558.199	58136.80045	
558.623	56514.16616	
559.048	56253.12345	
559.472	55987.66508	
559.897	55888.9015	
560.321	55914.4662	
560.746	56487.92903	
561.17	57052.90165	
561.594	56915.13728	
562.018	57018.3843	
562.443	57377.54105	
562.867	57145.19777	
563.291	57346.42876	
563.715	56649.57078	
564.139	56349.73867	
564.562	56097.90157	
564.986	56120.01228	
565.41	55877.9539	
565.834	56020.68067	
566.257	55312.19669	
566.681	55519.57974	
567.105	56068.45356	
567.528	55736.10756	
567.952	55976.6704	
568.375	55670.93433	
568.798	55351.38384	
569.222	55276.63018	
569.645	55025.687	
570.068	54549.13572	
570.491	54336.70248	
570.914	54021.72229	
571.337	54374.24796	
571.76	54955.49371	
572.183	55322.87744	
572.606	56057.42025	
573.029	55573.52032	
573.452	55965.68096	
573.875	55921.77562	
574.297	55645.63909	
574.72	55166.7243	
575.143	54868.05465	
575.565	55127.85214	
575.988	55283.73906	
576.41	54994.0733	
576.832	54449.52512	
577.255	53667.945	
577.677	53486.52229	
578.099	53134.41513	
578.521	53260.93997	
578.943	52666.86772	
579.365	52283.33811	
579.787	52758.98171	
580.209	52499.46836	
580.631	52851.46651	
581.053	52264.63933	
581.475	52651.02323	
581.897	52966.79625	
582.318	53195.968	
582.74	53027.89946	
583.162	52934.70199	
583.583	52600.39404	
584.005	52380.19001	
584.426	52870.64791	
584.847	53238.17877	
585.269	52377.05941	
585.69	51622.51266	
586.111	51354.33072	
586.532	49609.29337	
586.954	49478.52624	
587.375	49503.5149	
587.796	49224.47104	
588.217	49000.10805	
588.637	48200.26378	
589.058	47202.05317	
589.479	46178.3357	
589.9	45762.23501	
590.32	46272.5816	
590.741	46715.08544	
591.162	48115.74576	
591.582	48420.68649	
592.003	48375.39625	
592.423	48761.43495	
592.844	49043.7355	
593.264	49334.62227	
593.684	49667.93933	
594.104	50105.08511	
594.524	50950.30428	
594.945	50144.9494	
595.365	50428.7034	
595.785	49977.38217	
596.205	50417.1747	
596.625	50689.55364	
597.044	50495.09933	
597.464	50193.44264	
597.884	50803.4674	
598.304	51381.31201	
598.723	50891.46167	
599.143	51249.69502	
599.562	50196.29815	
599.982	50443.12193	
600.401	50325.14027	
600.821	50325.14027	
601.24	50284.98365	
601.659	50250.61586	
602.078	50088.02004	
602.498	49142.16338	
602.917	49729.52405	
603.336	49041.00666	
603.755	49254.71594	
604.174	49626.03552	
604.593	49777.21539	
605.011	49603.71511	
605.43	49637.2031	
605.849	49043.7355	
606.268	48404.69318	
606.686	47785.38691	
607.105	47808.85799	
607.523	48420.68649	
607.942	47960.57722	
608.36	46929.74103	
608.779	46094.22807	
609.197	46339.70424	
609.615	45958.59823	
610.033	45730.4262	
610.451	45244.42736	
610.87	44895.80581	
611.288	45384.73237	
611.706	44339.18794	
612.124	44938.92187	
612.541	44719.0128	
612.959	44607.1019	
613.377	44054.01587	
613.795	42871.25803	
614.212	42559.18867	
614.63	42802.29173	
615.048	42082.30796	
615.465	41572.12045	
615.883	41073.75051	
616.3	40414.22274	
616.717	40748.02929	
617.135	40902.91292	
617.552	41197.54982	
617.969	41130.00507	
618.386	40840.03722	
618.803	40494.79669	
619.22	41076.00013	
619.637	40979.30809	
620.054	40550.77901	
620.471	39880.40692	
620.888	40418.69783	
621.305	40505.99128	
621.721	40441.07548	
622.138	40620.23012	
622.555	39722.15554	
622.971	39239.26037	
623.388	39170.35944	
623.804	39214.80947	
624.221	39072.5965	
624.637	38493.34804	
625.053	38025.70887	
625.47	37487.60541	
625.886	37571.7302	
626.302	38187.44743	
626.718	37618.22329	
627.134	37341.5088	
627.55	36965.2608	
627.966	36396.51874	
628.382	35805.55227	
628.797	35978.21357	
629.213	35457.94937	
629.629	35251.99516	
630.045	35181.11978	
630.46	34866.54774	
630.876	34828.88056	
631.291	34729.16569	
631.707	34115.11015	
632.122	34447.68662	
632.537	34480.937	
632.953	34724.73365	
633.368	34957.38569	
633.783	35435.80564	
634.198	35212.12837	
634.613	35387.08786	
635.028	34972.89371	
635.443	34961.81658	
635.858	34908.64449	
636.273	34857.68501	
636.688	35194.4093	
637.102	35433.59124	
637.517	35251.99516	
637.932	34640.52077	
638.346	34414.43493	
638.761	34658.25047	
639.175	34316.88904	
639.59	34828.88056	
640.004	34842.17504	
640.418	34254.80846	
640.832	34008.65748	
641.247	33411.82522	
641.661	33314.16167	
642.075	33343.01797	
642.489	32910.07368	
642.903	32725.73219	
643.317	33482.84623	
643.731	33345.23764	
644.145	33591.58554	
644.558	33338.5786	
644.972	33012.22308	
645.386	32416.93755	
645.799	31881.33665	
646.213	31890.22824	
646.626	31630.12553	
647.04	31701.26949	
647.453	31901.34263	
647.866	30807.31861	
648.28	30936.31909	
648.693	30591.56574	
649.106	30289.05237	
649.519	29944.27092	
649.932	29877.53998	
650.345	30231.21796	
650.758	29748.52882	
651.171	29908.68101	
651.584	29770.77191	
651.997	29568.36419	
652.41	29661.78186	
652.822	29357.07256	
653.235	29592.83048	
653.647	29479.3974	
654.06	29343.72838	
654.472	29421.57042	
654.885	30095.52938	
655.297	29781.89348	
655.71	28249.85683	
656.122	27279.16124	
656.534	27319.12232	
656.946	27228.10289	
657.358	27117.11836	
657.77	27283.60126	
658.182	27763.26704	
658.594	28427.66313	
659.006	28523.24512	
659.418	28738.88632	
659.83	28592.15758	
660.241	28827.82022	
660.653	28474.34178	
661.065	28581.04242	
661.476	28701.09107	
661.888	28489.90172	
662.299	28292.0833	
662.71	27992.08969	
663.122	28285.41585	
663.533	28527.69097	
663.944	28136.52025	
664.355	27945.43201	
664.767	27958.76255	
665.178	28140.96459	
665.589	27818.80132	
666	28032.08376	
666.41	28087.63374	
666.821	27872.11741	
667.232	27723.28448	
667.643	27956.54078	
668.053	27316.90221	
668.464	27634.44088	
668.875	27325.7827	
669.285	27274.72125	
669.696	26861.91795	
670.106	26600.1573	
670.516	26156.73404	
670.927	26028.20002	
671.337	26198.84586	
671.747	25527.624	
672.157	25219.96191	
672.567	25127.03205	
672.977	25718.05851	
673.387	25740.2061	
673.797	25591.83331	
674.207	25605.11888	
674.617	25372.66552	
675.027	25341.67886	
675.436	25432.43025	
675.846	25352.74533	
676.256	25257.58072	
676.665	25253.15485	
677.075	25003.14943	
677.484	24821.7993	
677.893	24653.77127	
678.303	24585.24807	
678.712	24468.115	
679.121	24735.56806	
679.53	24662.61359	
679.939	24724.51374	
680.348	24302.40265	
680.757	23990.99586	
681.166	24081.52904	
681.575	23399.56904	
681.984	23809.97272	
682.393	23450.30237	
682.802	23412.80341	
683.21	23600.32198	
683.619	23783.48633	
684.027	23326.78525	
684.436	22760.24702	
684.844	22810.92838	
685.253	22892.4675	
685.661	22815.33564	
686.069	22583.99397	
686.477	21516.35142	
686.886	20421.26221	
687.294	19093.57089	
687.702	18612.00355	
688.11	18156.61107	
688.518	17778.00079	
688.926	17220.62676	
689.333	17520.31901	
689.741	17925.5095	
690.149	18209.42345	
690.557	18447.0345	
690.964	19091.37234	
691.372	19161.72453	
691.779	19038.60625	
692.187	18816.52773	
692.594	19045.20211	
693.001	19440.91064	
693.409	19361.77462	
693.816	19067.1881	
694.223	18983.63964	
694.63	18957.25494	
695.037	18864.90445	
695.444	19005.62653	
695.851	19069.38668	
696.258	18675.78407	
696.665	18869.30224	
697.072	19223.28045	
697.479	19504.65757	
697.885	19377.16236	
698.292	19097.96798	
698.698	19053.99654	
699.105	19124.35029	
699.511	19141.93827	
699.918	18809.93075	
700.324	18680.18258	
700.73	18407.43745	
701.137	18293.03541	
701.543	17949.72395	
701.949	17870.47315	
702.355	18110.39706	
702.761	17877.07777	
703.167	17837.44896	
703.573	17934.31486	
703.979	17890.2868	
704.385	17894.68975	
704.79	17795.61569	
705.196	17700.92922	
705.602	17692.12037	
706.007	17744.9714	
706.413	17615.03688	
706.818	17407.95635	
707.224	17509.30418	
707.629	17456.42964	
708.034	17381.51435	
708.439	17564.37597	
708.845	17852.86048	
709.25	17586.40305	
709.655	17692.12037	
710.06	17531.33361	
710.465	17141.26389	
710.87	17432.19359	
711.275	17174.33349	
711.679	17117.01126	
712.084	17103.78197	
712.489	17141.26389	
712.893	17418.97343	
713.298	17225.03539	
713.702	17002.34367	
714.107	16748.63633	
714.511	16514.63273	
714.916	16459.42066	
715.32	15995.27137	
715.724	16026.23613	
716.128	15463.92388	
716.533	14938.15569	
716.937	15195.63404	
717.341	14544.72553	
717.745	13771.29644	
718.149	13259.17958	
718.552	12898.25501	
718.956	12511.82517	
719.36	11817.53677	
719.764	12007.19157	
720.167	11700.01427	
720.571	11761.04684	
720.974	11855.93806	
721.378	12379.06224	
721.781	13008.18098	
722.185	13084.41503	
722.588	13147.17098	
722.991	12911.71912	
723.394	12664.70676	
723.797	12889.27834	
724.2	12711.8917	
724.603	12388.06655	
725.006	12349.79477	
725.409	12059.08057	
725.812	11955.28533	
726.215	11528.08707	
726.618	11749.74635	
727.02	11783.64531	
727.423	11752.00651	
727.826	11844.64456	
728.228	12041.03417	
728.631	11695.49237	
729.033	11614.0751	
729.435	11693.23137	
729.838	11543.93065	
730.24	11733.92427	
730.642	11600.5013	
731.044	11880.78086	
731.446	11781.38561	
731.848	11955.28533	
732.25	11955.28533	
732.652	12243.93712	
733.054	12415.07647	
733.456	12743.34093	
733.857	12803.97639	
734.259	13023.87897	
734.661	13001.45284	
735.062	12965.56497	
735.464	12949.86168	
735.865	12983.50984	
736.267	12873.56804	
736.668	12727.61705	
737.069	12745.58708	
737.47	12680.43656	
737.872	12538.81458	
738.273	12592.78012	
738.674	12590.53191	
739.075	12473.58255	
739.476	12356.54927	
739.877	12307.00967	
740.278	12279.98162	
740.678	12410.57512	
741.079	12329.52956	
741.48	12122.22663	
741.88	12237.17788	
742.281	12124.48138	
742.681	12000.42218	
743.082	12392.56851	
743.482	12284.48661	
743.882	12336.28491	
744.283	12009.44798	
744.683	11984.62577	
745.083	11901.10382	
745.483	12189.8551	
745.883	11934.96948	
746.283	11799.46226	
746.683	11749.74635	
747.083	11939.48435	
747.483	12101.93245	
747.883	11620.86154	
748.282	11666.09673	
748.682	11727.14287	
749.082	11727.14287	
749.481	11731.66383	
749.881	11808.49978	
750.28	11663.83529	
750.679	11389.95055	
751.079	11194.98231	
751.478	10920.22663	
751.877	11244.88243	
752.276	11394.48165	
752.675	11349.1645	
753.074	11201.78787	
753.473	11135.98757	
753.872	11086.05036	
754.271	11287.96438	
754.67	11219.93449	
755.069	11135.98757	
755.467	11321.96757	
755.866	11455.63793	
756.265	11301.56659	
756.663	11204.05632	
757.062	11358.22903	
757.46	11192.71372	
757.858	11036.09603	
758.257	11095.13112	
758.655	10496.84911	
759.053	9737.95019	
759.451	8524.51942	
759.849	7437.46219	
760.247	6451.62947	
760.645	5488.76306	
761.043	4785.40391	
761.441	4386.71321	
761.839	4046.6093	
762.237	3957.82091	
762.634	3818.49527	
763.032	3957.82091	
763.429	3796.8599	
763.827	4130.5332	
764.224	4429.75221	
764.622	4728.19127	
765.019	4859.26222	
765.416	5337.03542	
765.814	5604.80118	
766.211	6235.16636	
766.608	6484.53664	
767.005	7173.6077	
767.402	7271.74123	
767.799	7726.37722	
768.196	8007.67892	
768.593	8116.78021	
768.989	8346.29021	
769.386	8635.50084	
769.783	8663.23156	
770.179	8847.95407	
770.576	8529.14552	
770.972	8896.40096	
771.369	8811.03024	
771.765	8958.66379	
772.161	8672.47384	
772.558	8785.63912	
772.954	8737.15161	
773.35	8824.87789	
773.746	8663.23156	
774.142	8667.85278	
774.538	8700.19677	
774.934	8649.36693	
775.33	8665.54219	
775.726	8320.80905	
776.121	8100.53689	
776.517	8223.47153	
776.913	8267.51417	
777.308	8260.56106	
777.704	8126.06119	
778.099	8075.00758	
778.495	8151.58048	
778.89	8070.36534	
779.285	8044.83009	
779.68	8130.70143	
780.076	7984.45404	
780.471	7700.7739	
780.866	7721.72245	
781.261	7591.32046	
781.656	7575.01091	
782.051	7672.8372	
782.445	7507.42066	
782.84	7682.15011	
783.235	7588.99065	
783.63	7271.74123	
784.024	7250.71898	
784.419	7182.95701	
784.813	6970.08991	
785.208	6951.35923	
785.602	6965.4075	
785.996	7110.48189	
786.391	7131.52731	
786.785	6810.79067	
787.179	7012.22382	
787.573	6911.54733	
787.967	6810.79067	
788.361	6759.20965	
788.755	6707.60752	
789.149	6677.10541	
789.543	6536.23045	
789.936	6552.67401	
790.33	6559.72059	
790.724	6463.38302	
791.117	6254.00417	
791.511	6446.92774	
791.904	6385.78914	
792.298	6388.14117	
792.691	6213.97041	
793.084	6202.19332	
793.477	6242.23088	
793.871	5895.59525	
794.264	5893.23385	
794.657	5857.8074	
795.05	5902.67918	
795.443	6089.07636	
795.836	5711.26945	
796.228	5720.72881	
796.621	5697.07905	
797.014	5829.45888	
797.406	5860.16948	
797.799	5860.16948	
798.192	5457.95879	
798.584	5635.56823	
798.976	5645.03345	
799.369	5633.20181	
799.761	5590.59838	
800.153	5536.13895	
800.546	5633.20181	
800.938	5652.13189	
801.33	5557.45207	
801.722	5427.14668	
802.114	5303.81954	
802.506	5258.72615	
802.897	5215.99046	
803.289	5277.7149	
803.681	5239.73439	
804.073	5225.4886	
804.464	5227.86302	
804.856	5158.9858	
805.247	5218.36507	
805.639	5237.36021	
806.03	5296.70065	
806.421	5215.99046	
806.813	5173.23952	
807.204	5087.69168	
807.595	5182.74105	
807.986	5265.84729	
808.377	5111.46113	
808.768	5037.76037	
809.159	5071.05024	
809.55	4885.45885	
809.941	4806.85144	
810.331	4916.41099	
810.722	4811.61702	
811.113	4828.29504	
811.503	4678.1072	
811.894	4730.57569	
812.284	4556.38449	
812.675	4432.14279	
813.065	4444.09495	
813.455	4494.28042	
813.846	4075.39031	
814.236	3981.82478	
814.626	4015.42147	
815.016	3931.41063	
815.406	3888.18016	
815.796	3799.26404	
816.186	3659.7358	
816.575	3541.71762	
816.965	3505.56352	
817.355	3589.90401	
817.745	3544.12745	
818.134	3401.85337	
818.524	3498.33123	
818.913	3527.25745	
819.303	3541.71762	
819.692	3768.00606	
820.081	3808.88008	
820.47	3765.60123	
820.86	3775.22024	
821.249	3777.62486	
821.638	3683.80523	
822.027	3669.36422	
822.416	3401.85337	
822.805	3358.40947	
823.193	3259.38643	
823.582	3481.45396	
823.971	3474.22002	
824.36	3544.12745	
824.748	3638.06872	
825.137	3365.65137	
825.525	3611.58081	
825.914	3536.89778	
826.302	3604.35569	
826.69	3676.58496	
827.079	3592.31276	
827.467	3483.86516	
827.855	3457.3389	
828.243	3413.91792	
828.631	3498.33123	
829.019	3150.59348	
829.407	3281.13127	
829.795	3305.28687	
830.182	3312.53245	
830.57	3452.51523	
830.958	3317.36256	
831.345	3464.57399	
831.733	3370.47903	
832.12	3305.28687	
832.508	3259.38643	
832.895	3351.16707	
833.283	3281.13127	
833.67	3194.12446	
834.057	3269.05137	
834.444	3312.53245	
834.831	3285.96284	
835.218	3256.97005	
835.605	3252.13713	
835.992	3215.88304	
836.379	3247.30399	
836.766	3254.55362	
837.152	3428.39357	
837.539	3329.43686	
837.926	3281.13127	
838.312	3211.04819	
838.699	3232.8032	
839.085	3300.4562	
839.472	3411.50512	
839.858	3469.39712	
840.244	3553.76625	
840.63	3421.156	
841.017	3261.80275	
841.403	3327.02211	
841.789	3351.16707	
842.175	3329.43686	
842.561	3370.47903	
842.946	3198.96009	
843.332	3273.8835	
843.718	3179.61618	
844.104	3179.61618	
844.489	3136.07904	
844.875	3036.84169	
845.26	3140.91742	
845.646	3114.30352	
846.031	3031.99836	
846.416	3082.84178	
846.802	3109.46389	
847.187	3230.3862	
847.572	3104.62402	
847.957	3053.79152	
848.342	2983.55226	
848.727	2966.59061	
849.112	2949.6261	
849.497	2808.95168	
849.882	2818.65978	
850.266	2913.26387	
850.651	2978.70637	
851.036	2770.10967	
851.42	2893.86525	
851.805	2723.96477	
852.189	2796.8152	
852.574	2716.67674	
852.958	2791.96019	
853.342	2821.08666	
853.726	2677.798	
854.11	2612.15467	
854.495	2497.77928	
854.879	2590.26361	
855.263	2507.51871	
855.646	2653.49086	
856.03	2607.29042	
856.414	2573.23376	
856.798	2721.53549	
857.181	2733.6813	
857.565	2675.36756	
857.949	2629.17761	
858.332	2641.335	
858.716	2670.5065	
859.099	2653.49086	
859.482	2755.53995	
859.866	2726.394	
860.249	2646.19753	
860.632	2539.16496	
861.015	2505.08395	
861.398	2570.80068	
861.781	2624.31422	
862.164	2590.26361	
862.547	2546.46644	
862.929	2427.13832	
863.312	2512.38805	
863.695	2402.76704	
864.077	2492.90919	
864.46	2587.83096	
864.842	2422.26457	
865.225	2375.95129	
865.607	2385.70336	
865.99	2283.25538	
866.372	2380.82745	
866.754	2312.53782	
867.136	2371.07487	
867.518	2283.25538	
867.9	2290.57686	
868.282	2290.57686	
868.664	2329.61495	
869.046	2344.24998	
869.428	2271.05161	
869.809	2207.56577	
870.191	2329.61495	
870.573	2231.98862	
870.954	2302.77804	
871.336	2295.45753	
871.717	2288.13643	
872.099	2378.3894	
872.48	2241.75594	
872.861	2041.31492	
873.242	2249.08073	
873.623	2170.91917	
874.004	2305.21808	
874.385	2222.22027	
874.766	2214.89331	
875.147	2146.47985	
875.528	2024.1833	
875.909	1985.01284	
876.29	2031.52583	
876.67	2090.24423	
877.051	2060.88987	
877.431	2048.65603	
877.812	2092.68999	
878.192	2029.07839	
878.573	2029.07839	
878.953	2004.60024	
879.333	2085.35251	
879.713	1980.1153	
880.093	2046.20906	
880.473	2041.31492	
880.853	2058.44324	
881.233	2051.10294	
881.613	2114.69883	
881.993	2144.03556	
882.373	2073.12203	
882.753	2153.81234	
883.132	2156.25637	
883.512	2202.68041	
883.891	2163.58807	
884.271	2185.57959	
884.65	2124.47881	
885.029	2119.58895	
885.409	2188.02276	
885.788	2251.5222	
886.167	2393.01675	
886.546	2251.5222	
886.925	2210.00835	
887.304	2385.70336	
887.683	2305.21808	
888.062	2307.65806	
888.441	2388.14122	
888.82	2293.01723	
889.198	2356.44407	
889.577	2429.57509	
889.955	2224.66246	
890.334	2207.56577	
890.712	2217.3357	
891.091	2268.61066	
891.469	2256.40495	
891.847	2280.81476	
892.226	2346.68892	
892.604	2307.65806	
892.982	2151.36825	
893.36	2273.49249	
893.738	2173.36274	
894.116	2122.03391	
894.493	1994.80708	
894.871	1970.31942	
895.249	1840.42008	
895.627	1894.36413	
896.004	1803.62067	
896.382	1749.61954	
896.759	1712.7809	
897.137	1565.26437	
897.514	1700.49779	
897.891	1599.70829	
898.269	1454.45376	
898.646	1451.98959	
899.023	1447.06102	
899.4	1350.8935	
899.777	1365.69603	
900.154	1370.62959	
900.531	1345.95871	
900.908	1323.74837	
901.284	1417.48329	
901.661	1360.76216	
902.038	1338.55596	
902.414	1266.96022	
902.791	1350.8935	
903.167	1363.22913	
903.544	1269.43013	
903.92	1234.8444	
904.296	1306.46935	
904.672	1328.68454	
905.049	1321.28017	
905.425	1323.74837	
905.801	1306.46935	
906.177	1341.02362	
906.553	1308.93801	
906.929	1284.24791	
907.304	1321.28017	
907.68	1252.13918	
908.056	1304.00061	
908.431	1215.07424	
908.807	1202.71534	
909.182	1145.83894	
909.558	1244.7276	
909.933	1252.13918	
910.309	1143.3651	
910.684	1140.89118	
911.059	1187.88206	
911.434	1163.15359	
911.809	1041.86853	
912.184	1071.58888	
912.559	1126.04598	
912.934	1118.6223	
913.309	1160.68031	
913.684	1086.44468	
914.058	1061.68339	
914.433	1069.11263	
914.808	1103.77278	
915.182	1036.914	
915.557	989.82966	
915.931	1027.00396	
916.305	999.74461	
916.68	1002.22314	
917.054	880.67772	
917.428	960.0769	
917.802	1059.20682	
918.176	969.99581	
918.55	922.86917	
918.924	984.87169	
919.298	1004.70159	
919.672	969.99581	
920.045	979.91339	
920.419	932.79306	
920.793	1022.04845	
921.166	992.30852	
921.54	979.91339	
921.913	960.0769	
922.287	1022.04845	
922.66	1091.39597	
923.033	1002.22314	
923.406	1004.70159	
923.78	1059.20682	
924.153	903.01739	
924.526	1036.914	
924.899	942.71562	
925.271	977.43412	
925.644	940.23511	
926.017	863.29771	
926.39	1019.57057	
926.762	1002.22314	
927.135	974.95477	
927.508	865.78082	
927.88	942.71562	
928.252	905.49915	
928.625	758.9302	
928.997	893.08949	
929.369	893.08949	
929.741	893.08949	
930.114	853.36442	
930.486	930.31222	
930.858	893.08949	
931.229	853.36442	
931.601	758.9302	
931.973	644.44803	
932.345	731.57082	
932.717	684.28892	
933.088	704.20093	
933.46	696.73458	
933.831	639.46633	
934.203	661.88119	
934.574	539.7574	
934.945	574.67184	
935.317	559.71067	
935.688	477.36597	
936.059	492.34511	
936.43	562.20443	
936.801	514.80766	
937.172	492.34511	
937.543	549.73476	
937.914	477.36597	
938.284	482.35938	
938.655	474.86912	
939.026	462.38352	
939.396	562.20443	
939.767	489.84882	
940.137	492.34511	
940.508	514.80766	
940.878	457.38864	
941.248	432.40867	
941.618	497.33743	
941.989	487.35243	
942.359	584.64415	
942.729	534.76818	
943.099	527.28367	
943.469	579.65818	
943.838	494.84132	
944.208	574.67184	
944.578	539.7574	
944.948	449.89562	
945.317	532.27343	
945.687	489.84882	
946.056	549.73476	
946.426	492.34511	
946.795	527.28367	
947.164	447.39776	
947.533	462.38352	
947.903	517.30304	
948.272	472.37219	
948.641	534.76818	
949.01	474.86912	
949.379	542.25188	
949.748	489.84882	
950.116	562.20443	
950.485	404.92	
950.854	519.79834	
951.222	532.27343	
951.591	527.28367	
951.959	492.34511	
952.328	479.86272	
952.696	572.17854	
953.065	507.32097	
953.433	474.86912	
953.801	482.35938	
954.169	392.42142	
954.537	522.29354	
954.905	414.91718	
955.273	494.84132	
955.641	492.34511	
956.009	512.31219	
956.377	417.41624	
956.744	504.82522	
957.112	569.68514	
957.479	482.35938	
957.847	497.33743	
958.214	494.84132	
958.582	504.82522	
958.949	512.31219	
959.316	482.35938	
959.684	529.77859	
960.051	569.68514	
960.418	519.79834	
960.785	577.16505	
961.152	537.26284	
961.519	537.26284	
961.885	612.06063	
962.252	537.26284	
962.619	544.74626	
962.986	484.85595	
963.352	554.7229	
963.719	462.38352	
964.085	494.84132	
964.452	549.73476	
964.818	514.80766	
965.184	549.73476	
965.55	517.30304	
965.916	519.79834	
966.283	557.21683	
966.649	564.69809	
967.015	487.35243	
967.38	524.78865	
967.746	537.26284	
968.112	569.68514	
968.478	579.65818	
968.843	474.86912	
969.209	524.78865	
969.575	594.61503	
969.94	597.10753	
970.305	552.22887	
970.671	549.73476	
971.036	574.67184	
971.401	569.68514	
971.766	644.44803	
972.132	671.84106	
972.497	557.21683	
972.862	574.67184	
973.227	537.26284	
973.591	634.48427	
973.956	636.97534	
974.321	524.78865	
974.686	639.46633	
975.05	544.74626	
975.415	539.7574	
975.779	519.79834	
976.144	454.89105	
976.508	547.24056	
976.872	559.71067	
977.236	567.19166	
977.601	567.19166	
977.965	459.88612	
978.329	524.78865	
978.693	587.13701	
979.057	499.83345	
979.421	549.73476	
979.784	507.32097	
980.148	494.84132	
980.512	544.74626	
980.875	522.29354	
981.239	537.26284	
981.602	489.84882	
981.966	529.77859	
982.329	559.71067	
982.692	487.35243	
983.056	449.89562	
983.419	547.24056	
983.782	482.35938	
984.145	562.20443	
984.508	514.80766	
984.871	512.31219	
985.234	519.79834	
985.597	572.17854	
985.959	532.27343	
986.322	509.81662	
986.685	542.25188	
987.047	582.15121	
987.41	497.33743	
987.772	512.31219	
988.134	547.24056	
988.497	557.21683	
988.859	587.13701	
989.221	499.83345	
989.583	607.07662	
989.945	559.71067	
990.307	514.80766	
990.669	484.85595	
991.031	552.22887	
991.393	464.88083	
991.755	567.19166	
992.116	529.77859	
992.478	499.83345	
992.839	502.32938	
993.201	529.77859	
993.562	454.89105	
993.924	492.34511	
994.285	532.27343	
994.646	442.40176	
995.007	472.37219	
995.369	544.74626	
995.73	542.25188	
996.091	507.32097	
996.451	472.37219	
996.812	527.28367	
997.173	434.90708	
997.534	562.20443	
997.895	564.69809	
998.255	487.35243	
998.616	479.86272	
998.976	459.88612	
999.337	462.38352	
999.697	539.7574	
1000.057	549.73476	
1000.418	507.32097	
1000.778	527.28367	
1001.138	502.32938	
1001.498	517.30304	
1001.858	432.40867	
1002.218	459.88612	
1002.578	454.89105	
1002.937	442.40176	
1003.297	504.82522	
1003.657	512.31219	
1004.016	477.36597	
1004.376	534.76818	
1004.735	537.26284	
1005.095	449.89562	
1005.454	482.35938	
1005.813	479.86272	
1006.173	459.88612	
1006.532	469.87516	
1006.891	397.42113	
1007.25	537.26284	
1007.609	502.32938	
1007.968	442.40176	
1008.327	457.38864	
1008.686	454.89105	
1009.044	379.92051	
1009.403	522.29354	
1009.762	487.35243	
1010.12	489.84882	
1010.479	459.88612	
1010.837	372.41884	
1011.195	417.41624	
1011.554	464.88083	
1011.912	477.36597	
1012.27	562.20443	
1012.628	527.28367	
1012.986	464.88083	
1013.344	464.88083	
1013.702	444.89981	
1014.06	512.31219	
1014.418	479.86272	
1014.775	494.84132	
1015.133	424.91287	
1015.491	469.87516	
1015.848	537.26284	
1016.206	482.35938	
1016.563	414.91718	
1016.92	399.92085	
1017.278	487.35243	
1017.635	369.91809	
1017.992	502.32938	
1018.349	479.86272	
1018.706	487.35243	
1019.063	464.88083	
1019.42	427.41157	
1019.777	407.41943	
1020.134	397.42113	
1020.49	399.92085	
1020.847	409.91878	
1021.203	404.92	
1021.56	459.88612	
1021.916	504.82522	
1022.273	317.38065	
1022.629	392.42142	
1022.985	394.92133	
1023.342	422.41409	
1023.698	389.92143	
1024.054	414.91718	
1024.41	447.39776	
1024.766	424.91287	
1025.122	407.41943	
1025.477	407.41943	
1025.833	339.9018	
1026.189	424.91287	
1026.545	394.92133	
1026.9	484.85595	
1027.256	434.90708	
1027.611	422.41409	
1027.966	439.90363	
1028.322	424.91287	
1028.677	464.88083	
1029.032	449.89562	
1029.387	412.41803	
1029.742	337.39983	
1030.097	389.92143	
1030.452	449.89562	
1030.807	392.42142	
1031.162	407.41943	
1031.517	459.88612	
1031.871	352.41024	
1032.226	387.42134	
1032.581	387.42134	
1032.935	387.42134	
