FLMS05510_1:101		
187.856	-19.02449	
188.32	-19.02449	
188.785	-19.02449	
189.249	-122.26843	
189.713	-89.51361	
190.178	-137.39203	
190.642	-86.99474	
191.106	-66.84754	
191.57	33.78945	
192.034	-31.6059	
192.498	-59.29405	
192.963	-69.36557	
193.427	1.10041	
193.89	-64.3296	
194.354	28.76148	
194.818	18.70434	
195.282	-21.54057	
195.746	129.24421	
196.21	116.69263	
196.673	68.97386	
197.137	139.28369	
197.601	169.39265	
198.064	179.42581	
198.528	217.03624	
198.991	269.65411	
199.454	324.73215	
199.918	284.67998	
200.381	359.75785	
200.844	322.2296	
201.308	329.73695	
201.771	317.22422	
202.234	482.20335	
202.697	359.75785	
203.16	419.75903	
203.623	394.76508	
204.086	392.26518	
204.549	474.71307	
205.012	434.75093	
205.475	439.74749	
205.938	437.24926	
206.4	329.73695	
206.863	397.2649	
207.326	457.23254	
207.788	429.754	
208.251	367.26095	
208.714	419.75903	
209.176	357.25662	
209.639	382.26461	
210.101	434.75093	
210.563	387.26508	
211.026	479.70668	
211.488	372.26254	
211.95	419.75903	
212.412	387.26508	
212.874	407.26322	
213.337	429.754	
213.799	429.754	
214.261	444.74368	
214.723	422.25791	
215.184	437.24926	
215.646	414.76099	
216.108	424.7567	
216.57	332.23922	
217.032	369.76179	
217.493	347.25079	
217.955	427.2554	
218.417	377.26376	
218.878	399.76462	
219.34	389.76517	
219.801	342.24731	
220.263	302.20581	
220.724	377.26376	
221.185	344.7491	
221.647	379.76423	
222.108	339.74543	
222.569	359.75785	
223.03	412.26182	
223.491	357.25662	
223.952	389.76517	
224.413	384.76489	
224.874	374.7632	
225.335	419.75903	
225.796	387.26508	
226.257	429.754	
226.718	372.26254	
227.179	392.26518	
227.639	394.76508	
228.1	402.26425	
228.561	459.73003	
229.021	439.74749	
229.482	409.76257	
229.942	412.26182	
230.403	374.7632	
230.863	379.76423	
231.323	359.75785	
231.784	324.73215	
232.244	459.73003	
232.704	352.2539	
233.164	334.74138	
233.625	459.73003	
234.085	427.2554	
234.545	429.754	
235.005	434.75093	
235.465	377.26376	
235.925	354.75531	
236.384	332.23922	
236.844	404.76378	
237.304	322.2296	
237.764	402.26425	
238.223	397.2649	
238.683	404.76378	
239.143	372.26254	
239.602	434.75093	
240.062	394.76508	
240.521	422.25791	
240.98	407.26322	
241.44	364.76001	
241.899	447.24164	
242.358	407.26322	
242.818	424.7567	
243.277	407.26322	
243.736	397.2649	
244.195	352.2539	
244.654	432.25252	
245.113	432.25252	
245.572	437.24926	
246.031	452.23727	
246.49	369.76179	
246.949	384.76489	
247.408	389.76517	
247.866	347.25079	
248.325	364.76001	
248.784	409.76257	
249.242	387.26508	
249.701	364.76001	
250.159	387.26508	
250.618	487.19641	
251.076	404.76378	
251.534	407.26322	
251.993	422.25791	
252.451	377.26376	
252.909	347.25079	
253.368	397.2649	
253.826	387.26508	
254.284	399.76462	
254.742	452.23727	
255.2	422.25791	
255.658	382.26461	
256.116	407.26322	
256.574	384.76489	
257.031	514.6517	
257.489	434.75093	
257.947	429.754	
258.405	377.26376	
258.862	387.26508	
259.32	447.24164	
259.777	427.2554	
260.235	369.76179	
260.692	447.24164	
261.15	417.26005	
261.607	477.20992	
262.065	432.25252	
262.522	424.7567	
262.979	387.26508	
263.436	422.25791	
263.893	417.26005	
264.351	389.76517	
264.808	332.23922	
265.265	362.25897	
265.722	354.75531	
266.178	442.24563	
266.635	339.74543	
267.092	359.75785	
267.549	434.75093	
268.006	452.23727	
268.462	444.74368	
268.919	374.7632	
269.376	419.75903	
269.832	437.24926	
270.289	399.76462	
270.745	467.22196	
271.202	417.26005	
271.658	359.75785	
272.114	492.1891	
272.571	394.76508	
273.027	497.18143	
273.483	477.20992	
273.939	444.74368	
274.395	479.70668	
274.851	367.26095	
275.307	472.21613	
275.763	342.24731	
276.219	467.22196	
276.675	514.6517	
277.131	382.26461	
277.587	409.76257	
278.042	514.6517	
278.498	432.25252	
278.954	347.25079	
279.409	404.76378	
279.865	364.76001	
280.32	422.25791	
280.776	509.66065	
281.231	457.23254	
281.687	347.25079	
282.142	422.25791	
282.597	374.7632	
283.052	419.75903	
283.508	462.22744	
283.963	407.26322	
284.418	349.75239	
284.873	467.22196	
285.328	389.76517	
285.783	414.76099	
286.238	427.2554	
286.693	469.71909	
287.147	547.08466	
287.602	399.76462	
288.057	407.26322	
288.512	447.24164	
288.966	469.71909	
289.421	417.26005	
289.875	439.74749	
290.33	382.26461	
290.784	402.26425	
291.239	444.74368	
291.693	432.25252	
292.147	374.7632	
292.602	384.76489	
293.056	369.76179	
293.51	417.26005	
293.964	434.75093	
294.418	487.19641	
294.872	442.24563	
295.326	439.74749	
295.78	442.24563	
296.234	427.2554	
296.688	337.24345	
297.142	504.66923	
297.595	449.7395	
298.049	429.754	
298.503	387.26508	
298.956	357.25662	
299.41	427.2554	
299.863	359.75785	
300.317	354.75531	
300.77	462.22744	
301.224	502.17339	
301.677	437.24926	
302.13	409.76257	
302.584	447.24164	
303.037	514.6517	
303.49	454.73495	
303.943	417.26005	
304.396	419.75903	
304.849	462.22744	
305.302	512.15622	
305.755	492.1891	
306.208	502.17339	
306.661	469.71909	
307.114	429.754	
307.566	419.75903	
308.019	499.67745	
308.472	464.72475	
308.924	459.73003	
309.377	499.67745	
309.829	549.57887	
310.282	614.39676	
310.734	631.83741	
311.187	604.42872	
311.639	674.1752	
312.091	674.1752	
312.543	661.72556	
312.995	733.903	
313.448	781.152	
313.9	746.33997	
314.352	820.91657	
314.804	828.36999	
315.256	910.30734	
315.708	883.00509	
316.159	865.62563	
316.611	962.40176	
317.063	1021.89359	
317.515	1120.94228	
317.966	1133.3143	
318.418	1138.26255	
318.87	1162.99901	
319.321	1192.67228	
319.773	1316.18926	
320.224	1237.16089	
320.675	1279.15461	
321.127	1345.80449	
321.578	1350.73929	
322.029	1382.80802	
322.48	1343.33698	
322.932	1360.60797	
323.383	1589.71488	
323.834	1631.52544	
324.285	1599.55455	
324.736	1712.62738	
325.187	1759.28703	
325.638	1845.17219	
326.088	2021.58267	
326.539	2041.16198	
326.99	2204.97045	
327.441	2134.10493	
327.891	2182.98364	
328.342	2129.2156	
328.792	2290.42434	
329.243	2283.10284	
329.693	2400.17722	
330.144	2385.55099	
330.594	2280.66221	
331.044	2361.16885	
331.495	2268.4581	
331.945	2453.78715	
332.395	2456.22323	
332.845	2536.57888	
333.295	2478.14519	
333.745	2543.88056	
334.195	2548.74804	
334.645	2502.49694	
335.095	2760.245	
335.545	2594.97669	
335.995	2590.11157	
336.444	2553.61527	
336.894	2490.32185	
337.344	2492.75699	
337.793	2648.47676	
338.243	2966.43916	
338.692	3041.53345	
339.142	3126.25039	
339.591	3324.45638	
340.041	3247.15295	
340.49	3261.65173	
340.939	3080.26996	
341.388	3254.40259	
341.838	3218.14929	
342.287	3290.64321	
342.736	3259.23541	
343.185	3288.22756	
343.634	3196.39119	
344.083	3256.81903	
344.532	3114.15229	
344.981	3029.42525	
345.429	3198.80898	
345.878	3167.37323	
346.327	3193.97334	
346.776	3372.74191	
347.224	3302.7206	
347.673	3276.14848	
348.121	3351.01618	
348.57	3317.21162	
349.018	3469.2464	
349.467	3582.52688	
349.915	3719.74894	
350.363	3823.15233	
350.811	3748.61559	
351.26	3815.94132	
351.708	3827.9594	
352.156	3676.43453	
352.604	3712.53108	
353.052	3897.63828	
353.5	4051.25674	
353.948	4127.98644	
354.396	4302.83017	
354.843	4405.69421	
355.291	4245.37718	
355.739	4039.26295	
356.186	3909.64741	
356.634	3717.34304	
357.082	3572.89067	
357.529	3548.79636	
357.977	3546.38662	
358.424	3529.51698	
358.871	3803.92192	
359.319	3900.04021	
359.766	4195.08185	
360.213	4199.87284	
360.661	4247.77163	
361.108	4120.79526	
361.555	4077.63852	
362.002	4336.33099	
362.449	4319.58182	
362.896	4410.47633	
363.343	4580.11255	
363.79	4582.50001	
364.236	4739.96387	
364.683	4856.73156	
365.13	5158.83732	
365.577	5137.45353	
366.023	5462.55031	
366.47	5616.48766	
366.916	5583.3484	
367.363	5374.83699	
367.809	5543.09573	
368.256	5384.32258	
368.702	5441.22049	
369.148	5704.02664	
369.594	5817.49738	
370.041	5798.59289	
370.487	5562.03982	
370.933	5557.30407	
371.379	5623.58776	
371.825	5595.18489	
372.271	5272.81965	
372.717	5234.83759	
373.163	5032.85527	
373.608	4918.64281	
374.054	4909.12012	
374.5	4971.00387	
374.946	5184.96786	
375.391	5268.07255	
375.837	5633.05391	
376.282	5774.95817	
376.728	5975.70845	
377.173	6279.75438	
377.618	6449.1317	
378.064	6550.17825	
378.509	6521.98741	
378.954	6267.98352	
379.4	6058.27534	
379.845	6227.95426	
380.29	6296.23172	
380.735	6169.06427	
381.18	6018.17832	
381.625	5554.93613	
382.07	4961.4854	
382.514	4799.55376	
382.959	4563.39895	
383.404	4515.63247	
383.849	4801.93672	
384.293	5032.85527	
384.738	5389.0651	
385.183	5509.93645	
385.627	5604.65325	
386.072	5533.62257	
386.516	5741.86191	
386.96	5838.76146	
387.405	5687.47003	
387.849	5758.41116	
388.293	5996.94521	
388.737	6185.55628	
389.181	6425.6208	
389.626	6604.19299	
390.07	7234.21992	
390.514	7012.07754	
390.957	7217.86477	
391.401	7378.9884	
391.845	7033.13927	
392.289	6272.692	
392.733	5386.69387	
393.176	5068.5241	
393.62	5097.05146	
394.064	5500.4607	
394.507	6062.99178	
394.951	6517.28832	
395.394	6880.94806	
395.838	6307.99991	
396.281	5886.00178	
396.724	5637.78671	
397.168	6001.66399	
397.611	6899.68916	
398.054	7614.47065	
398.497	8274.32207	
398.94	8783.18632	
399.383	9324.58932	
399.826	9533.65167	
400.269	9930.21242	
400.712	9847.78608	
401.155	10387.24216	
401.597	10252.57478	
402.04	10270.84238	
402.483	10302.80492	
402.925	10416.89722	
403.368	10553.68569	
403.811	10528.61774	
404.253	10619.75264	
404.696	10252.57478	
405.138	10295.95642	
405.58	10282.25841	
406.023	10154.34528	
406.465	10172.6258	
406.907	10451.1068	
407.349	10353.01699	
407.791	10715.3813	
408.233	11001.88444	
408.675	10870.07294	
409.117	10967.80678	
409.559	10715.3813	
410.001	10831.41568	
410.443	10820.04392	
410.885	11199.37761	
411.326	11358.08741	
411.768	11738.30376	
412.21	11706.65557	
412.651	11582.25958	
413.093	11591.31001	
413.534	11909.99427	
413.975	11869.34803	
414.417	11745.08466	
414.858	11622.98224	
415.299	11808.35857	
415.741	11878.38145	
416.182	11595.83502	
416.623	11794.80207	
417.064	11625.24429	
417.505	11604.88464	
417.946	11505.30898	
418.387	11457.76096	
418.828	11290.0898	
419.269	11469.08328	
419.709	11724.74105	
420.15	11466.81889	
420.591	11756.38549	
421.031	11943.85799	
421.472	11747.34489	
421.913	11907.73643	
422.353	11702.13387	
422.794	11403.40183	
423.234	11523.41855	
423.674	11869.34803	
424.115	11672.73951	
424.555	11815.13637	
424.995	11661.43247	
425.435	11742.82439	
425.875	11727.00159	
426.315	11432.84882	
426.755	11672.73951	
427.195	11455.49639	
427.635	11437.37861	
428.075	11586.78486	
428.515	11367.1514	
428.955	10774.54784	
429.394	10678.95891	
429.834	10177.19555	
430.274	9840.91497	
430.713	9959.96532	
431.153	10892.80766	
431.592	11330.89211	
432.031	11955.14426	
432.471	12160.41209	
432.91	12309.12104	
433.349	12255.0611	
433.789	12144.63176	
434.228	12468.94221	
434.667	12493.68916	
435.106	12779.13533	
435.545	13362.02543	
435.984	13491.79353	
436.423	13406.78351	
436.862	13739.88879	
437.301	13628.17493	
437.739	13243.36266	
438.178	13375.45402	
438.617	12727.47666	
439.055	13113.41444	
439.494	13191.84292	
439.932	13290.38939	
440.371	13688.50863	
440.809	13771.15687	
441.248	14181.64233	
441.686	14502.3122	
442.124	14613.54263	
442.563	14718.04775	
443.001	14442.22387	
443.439	14838.05719	
443.877	14878.04627	
444.315	15213.24242	
444.753	15000.19236	
445.191	14653.5717	
445.629	14535.68733	
446.067	14471.1574	
446.504	14984.65004	
446.942	15144.46551	
447.38	15477.0817	
447.817	15388.42669	
448.255	15390.64344	
448.693	15390.64344	
449.13	16010.61591	
449.568	16039.36754	
450.005	16441.61287	
450.442	16529.95252	
450.88	16741.87772	
451.317	16896.33045	
451.754	16373.13386	
452.191	16538.78524	
452.628	15999.55686	
453.065	15973.01346	
453.502	16439.40408	
453.939	16529.95252	
454.376	16605.02362	
454.813	16741.87772	
455.25	17002.20583	
455.686	17476.12055	
456.123	17694.18496	
456.56	17978.20227	
456.996	18081.6493	
457.433	17678.76919	
457.869	18011.21904	
458.306	17945.18381	
458.742	17848.31962	
459.179	18134.46723	
459.615	17839.51302	
460.051	18561.27865	
460.487	18171.87754	
460.924	18330.30034	
461.36	18851.57355	
461.796	19082.4407	
462.232	19034.07158	
462.668	19194.56376	
463.104	19304.48193	
463.539	19091.23493	
463.975	19016.48243	
464.411	19401.20552	
464.847	19289.09373	
465.282	19251.72194	
465.718	19275.90376	
466.153	19146.19783	
466.589	18948.3225	
467.024	19423.18766	
467.46	19256.11865	
467.895	19579.25652	
468.33	20060.62981	
468.766	20313.41232	
469.201	20278.24168	
469.636	20322.20503	
470.071	19792.46905	
470.506	20438.71092	
470.941	20462.892	
471.376	20590.39632	
471.811	21483.21524	
472.246	21430.41957	
472.681	21608.61614	
473.115	21637.21863	
473.55	22163.23118	
473.985	22407.64843	
474.419	23073.07498	
474.854	22925.38908	
475.288	23326.64741	
475.723	23278.12977	
476.157	23902.54675	
476.592	24010.72976	
477.026	23982.02614	
477.46	25067.16126	
477.894	25467.71098	
478.329	25903.9856	
478.763	26309.54151	
479.197	26440.3509	
479.631	26861.77928	
480.065	27265.70259	
480.499	27600.98809	
480.932	27585.44201	
481.366	27985.2853	
481.8	28338.61761	
482.234	28692.05926	
482.667	28805.44728	
483.101	28687.61286	
483.535	29034.47197	
483.968	28952.19731	
484.401	29614.93371	
484.835	29328.02127	
485.268	28056.3865	
485.702	27700.93391	
486.135	26770.81714	
486.568	26875.09181	
487.001	27714.26089	
487.434	28074.16259	
487.867	28509.76872	
488.3	29136.76462	
488.733	29412.53506	
489.166	30037.55603	
489.599	31547.72218	
490.032	31676.67519	
490.464	32079.02073	
490.897	32305.69886	
491.33	31594.41332	
491.762	31082.96638	
492.195	31627.76326	
492.627	31970.1108	
493.06	32105.69105	
493.492	32390.13578	
493.925	32267.92232	
494.357	32918.8179	
494.789	33356.19721	
495.221	32978.77597	
495.653	32809.99516	
496.086	33123.10317	
496.518	33145.30528	
496.95	33724.57778	
497.382	33309.58342	
497.813	32892.16861	
498.245	32630.07715	
498.677	32965.45229	
499.109	33123.10317	
499.54	33065.37508	
499.972	33376.17377	
500.404	32445.68274	
500.835	32094.57849	
501.267	31825.62396	
501.698	31787.8325	
502.129	31979.00177	
502.561	32047.9046	
502.992	32538.99494	
503.423	32239.03352	
503.855	32283.47752	
504.286	32365.69419	
504.717	32741.14162	
505.148	32934.36296	
505.579	33622.51264	
506.01	33604.7609	
506.441	34303.44788	
506.871	33309.58342	
507.302	33163.06657	
507.733	32690.05354	
508.163	32814.43716	
508.594	33638.0451	
509.025	33584.78975	
509.455	34070.61793	
509.886	33804.44609	
510.316	33671.32797	
510.746	34032.91549	
511.177	34330.05286	
511.607	34409.86272	
512.037	34365.52485	
512.467	33731.23377	
512.898	33218.56828	
513.328	33438.32008	
513.758	33527.09262	
514.188	33020.96632	
514.617	33125.32341	
515.047	33047.61184	
515.477	33524.87342	
515.907	32721.15096	
516.337	31756.70933	
516.766	31094.08619	
517.196	30538.04295	
517.625	30271.11815	
518.055	30415.7034	
518.484	30484.65869	
518.914	30976.21354	
519.343	31334.26013	
519.772	32347.91814	
520.202	32583.42632	
520.631	32845.53051	
521.06	33129.76386	
521.489	33393.93032	
521.918	33180.8275	
522.347	32818.87913	
522.776	33047.61184	
523.205	32732.25694	
523.634	33187.48775	
524.063	34221.41051	
524.491	34019.60833	
524.92	34159.32278	
525.349	34228.06249	
525.777	33697.9533	
526.206	32576.76174	
526.634	31723.36232	
527.063	31665.55898	
527.491	31979.00177	
527.919	32501.22674	
528.348	33245.20784	
528.776	33143.0851	
529.204	33713.48435	
529.632	33626.95052	
530.06	33442.75893	
530.488	34188.14981	
530.916	33999.64718	
531.344	33791.13524	
531.772	33975.24958	
532.2	33353.97756	
532.627	32407.91112	
533.055	32479.0095	
533.483	32023.45565	
533.91	32678.94708	
534.338	32692.27482	
534.765	32787.78489	
535.193	33467.17218	
535.62	33613.63682	
536.048	33087.57863	
536.475	32881.06451	
536.902	32943.24573	
537.329	32781.12171	
537.757	33555.94168	
538.184	33558.1608	
538.611	33251.86761	
539.038	32732.25694	
539.465	32325.69767	
539.892	31794.50166	
540.318	31131.89316	
540.745	30653.70706	
541.172	31292.00939	
541.599	30862.78393	
542.025	31031.81455	
542.452	31385.40448	
542.878	31320.9179	
543.305	31625.53996	
543.731	31807.83987	
544.158	31549.9456	
544.584	32107.91355	
545.01	31663.33573	
545.436	32112.35854	
545.862	32110.13605	
546.289	32061.24018	
546.715	31963.44254	
547.141	31514.37052	
547.567	31022.91847	
547.993	31051.83061	
548.418	31165.25172	
548.844	31427.65305	
549.27	31407.64069	
549.696	31736.70122	
550.121	31718.91599	
550.547	31349.82595	
550.972	32107.91355	
551.398	31741.14749	
551.823	31545.49875	
552.249	31518.81745	
552.674	31596.63667	
553.099	31429.87663	
553.525	30902.81842	
553.95	30893.92191	
554.375	31663.33573	
554.8	31685.56809	
555.225	31111.87779	
555.65	31374.28626	
556.075	31165.25172	
556.5	30411.25465	
556.925	30849.43898	
557.349	30202.16169	
557.774	30026.43407	
558.199	30006.41456	
558.623	29156.77904	
559.048	29021.12987	
559.472	29336.91732	
559.897	29170.1221	
560.321	29599.36413	
560.746	29783.97878	
561.17	29663.8671	
561.594	29434.77599	
562.018	29439.2242	
562.443	29948.58064	
562.867	29768.40857	
563.291	29379.17402	
563.715	30182.14206	
564.139	29930.78566	
564.562	30068.69756	
564.986	29864.05484	
565.41	29588.24304	
565.834	28896.60859	
566.257	29201.25623	
566.681	28927.73804	
567.105	29457.0171	
567.528	28843.24522	
567.952	28876.59711	
568.375	28872.15015	
568.798	29465.9136	
569.222	28974.43332	
569.645	29432.55189	
570.068	29270.19773	
570.491	28325.28221	
570.914	28236.38359	
571.337	28474.20285	
571.76	28961.09168	
572.183	28912.17324	
572.606	29403.63874	
573.029	29274.64564	
573.452	29474.81012	
573.875	29205.704	
574.297	28843.24522	
574.72	29081.1701	
575.143	28491.98566	
575.565	28494.20853	
575.988	28620.9185	
576.41	28205.27078	
576.832	28274.16463	
577.255	28478.64853	
577.677	28300.83438	
578.099	27849.76316	
578.521	26766.38027	
578.943	27227.96414	
579.365	27121.4187	
579.787	27219.08478	
580.209	26966.06755	
580.631	26974.94386	
581.053	27134.73605	
581.475	27307.88306	
581.897	26806.31313	
582.318	27407.79325	
582.74	27132.51647	
583.162	27505.49531	
583.583	26859.56054	
584.005	26617.76195	
584.426	26950.53428	
584.847	26342.79559	
585.269	26564.53358	
585.69	26209.78986	
586.111	26014.76646	
586.532	25835.31176	
586.954	26161.02821	
587.375	26116.70277	
587.796	26098.97349	
588.217	25425.65107	
588.637	24578.4791	
589.058	23306.79881	
589.479	23073.07498	
589.9	23425.9002	
590.32	23937.86955	
590.741	24185.19079	
591.162	24419.36285	
591.582	24620.47568	
592.003	24642.58042	
592.423	24602.79252	
592.844	24885.79038	
593.264	24985.31591	
593.684	25166.71897	
594.104	25177.78203	
594.524	24985.31591	
594.945	24680.16048	
595.365	25596.12341	
595.785	25146.80602	
596.205	25724.56428	
596.625	26247.47195	
597.044	26081.24473	
597.464	26163.24456	
597.884	26169.89368	
598.304	26072.38054	
598.723	25040.61551	
599.143	25901.77019	
599.562	25405.72903	
599.982	25419.01031	
600.401	25724.56428	
600.821	25970.45167	
601.24	25726.77902	
601.659	25248.59071	
602.078	25791.01027	
602.498	25695.77335	
602.917	25837.52692	
603.336	25666.98384	
603.755	25312.76872	
604.174	25224.24922	
604.593	25337.114	
605.011	24872.52165	
605.43	24949.92702	
605.849	24883.5789	
606.268	24742.06258	
606.686	24644.79094	
607.105	24686.79252	
607.523	24613.84443	
607.942	24492.28549	
608.36	24386.21934	
608.779	23538.40669	
609.197	23291.36147	
609.615	23103.9391	
610.033	22872.49498	
610.451	22828.41986	
610.87	22991.51284	
611.288	22630.11826	
611.706	22315.15674	
612.124	22420.8625	
612.541	22398.83919	
612.959	22039.95139	
613.377	21881.47657	
613.795	21648.21982	
614.212	21467.81622	
614.63	21122.49591	
615.048	21775.84326	
615.465	21419.42082	
615.883	21126.89424	
616.3	20821.24385	
616.717	20678.33481	
617.135	20618.9759	
617.552	20700.32006	
617.969	20676.13629	
618.386	20559.61875	
618.803	20588.19791	
619.22	20695.92298	
619.637	20651.95285	
620.054	20896.00124	
620.471	20863.01959	
620.888	20772.8733	
621.305	20847.6284	
621.721	20341.98873	
622.138	20258.45835	
622.555	20188.11841	
622.971	20091.40268	
623.388	19979.30204	
623.804	19752.90428	
624.221	19693.55683	
624.637	19632.01081	
625.053	19544.08666	
625.47	18928.53352	
625.886	19102.22765	
626.302	19031.87295	
626.718	18825.1862	
627.134	18684.44362	
627.55	18649.25515	
627.966	18372.10102	
628.382	18024.42528	
628.797	18136.66789	
629.213	18352.30097	
629.629	18114.66098	
630.045	17918.76781	
630.46	17731.62148	
630.876	17857.12609	
631.291	17722.81311	
631.707	17462.90156	
632.122	17423.24248	
632.537	17495.94837	
632.953	17775.66127	
633.368	17623.70932	
633.783	17608.29155	
634.198	17892.35069	
634.613	17559.83277	
635.028	17531.19592	
635.443	17451.88547	
635.858	17588.46804	
636.273	17335.09958	
636.688	17387.98726	
637.102	17705.19596	
637.517	17665.55533	
637.932	17702.99377	
638.346	17579.65736	
638.761	17451.88547	
639.175	17253.55268	
639.59	17238.12326	
640.004	16808.07935	
640.418	17015.43832	
640.832	16885.30015	
641.247	16697.73681	
641.661	16529.95252	
642.075	16805.87281	
642.489	16746.29152	
642.903	16997.79491	
643.317	16556.45002	
643.731	16830.144	
644.145	17015.43832	
644.558	16774.97998	
644.972	16627.10034	
645.386	16556.45002	
645.799	16653.59062	
646.213	16348.83148	
646.626	16081.38423	
647.04	16198.55834	
647.453	15933.1939	
647.866	15853.53851	
648.28	15740.65544	
648.693	15578.99791	
649.106	15474.86569	
649.519	15137.80866	
649.932	15386.20992	
650.345	15541.33778	
650.758	15386.20992	
651.171	15457.13696	
651.584	15213.24242	
651.997	15262.04021	
652.41	15366.25817	
652.822	15159.99747	
653.235	15492.59322	
653.647	14989.0908	
654.06	15279.78248	
654.472	15120.05614	
654.885	14873.60338	
655.297	14760.28057	
655.71	13880.55497	
656.122	13958.65867	
656.534	13426.92104	
656.946	13214.24465	
657.358	13701.9135	
657.77	13623.705	
658.182	14014.42799	
658.594	14275.2221	
659.006	14166.04153	
659.418	14235.12172	
659.83	14577.95509	
660.241	14506.76251	
660.653	14569.0573	
661.065	14658.01893	
661.476	14540.13695	
661.888	14542.36173	
662.299	14631.33423	
662.71	14439.99806	
663.122	14662.46607	
663.533	14221.75318	
663.944	14417.73858	
664.355	14422.19067	
664.767	14620.21465	
665.178	14406.60797	
665.589	14555.70992	
666	14235.12172	
666.41	14268.53925	
666.821	14168.27029	
667.232	14056.80217	
667.643	14388.79777	
668.053	14290.81459	
668.464	13938.57785	
668.875	14043.42183	
669.285	13782.32279	
669.696	13529.81156	
670.106	13507.44896	
670.516	13532.04767	
670.927	13453.76762	
671.337	13274.71519	
671.747	13294.86748	
672.157	13225.44445	
672.567	13328.44959	
672.977	13431.39575	
673.387	13283.67205	
673.797	13290.38939	
674.207	13093.24145	
674.617	12862.20523	
675.027	12819.55281	
675.436	12884.64957	
675.846	12929.52939	
676.256	12951.96488	
676.665	12965.42477	
677.075	12949.72146	
677.484	12536.42508	
677.893	12770.15236	
678.303	12718.49091	
678.712	12554.41582	
679.121	12394.67877	
679.53	12637.59745	
679.939	12552.16708	
680.348	12223.51769	
680.757	12381.17267	
681.166	12246.04933	
681.575	12403.6822	
681.984	12239.29017	
682.393	12101.79151	
682.802	12176.19084	
683.21	11882.89796	
683.619	11772.20525	
684.027	11595.83502	
684.436	11937.08584	
684.844	11568.68292	
685.253	11611.67149	
685.661	11383.01205	
686.069	11303.69182	
686.477	10416.89722	
686.886	9680.49095	
687.294	9290.09726	
687.702	9006.9262	
688.11	9161.24835	
688.518	8942.38027	
688.926	9027.66645	
689.333	9034.57915	
689.741	9278.59793	
690.149	9218.78552	
690.557	9549.71998	
690.964	9524.46893	
691.372	9476.24927	
691.779	9648.38345	
692.187	9939.36785	
692.594	9765.31003	
693.001	9836.33405	
693.409	9824.88106	
693.816	9591.02971	
694.223	9565.78637	
694.63	9368.26653	
695.037	9418.82243	
695.444	9508.39762	
695.851	9671.31815	
696.258	9655.26426	
696.665	9923.34545	
697.072	9847.78608	
697.479	9620.85668	
697.885	9753.85108	
698.292	9694.24899	
698.698	9655.26426	
699.105	9652.9707	
699.511	9338.38366	
699.918	9400.44066	
700.324	9181.96459	
700.73	9161.24835	
701.137	9418.82243	
701.543	9287.79747	
701.949	9204.97886	
702.355	9039.18741	
702.761	8914.70811	
703.167	9158.94635	
703.573	9000.01207	
703.979	9027.66645	
704.385	9156.64431	
704.79	9117.50351	
705.196	9230.28999	
705.602	9239.49284	
706.007	9244.09404	
706.413	9046.09951	
706.818	8937.76865	
707.224	8963.1306	
707.629	8963.1306	
708.034	8887.03018	
708.439	8866.26792	
708.845	8824.73365	
709.25	8880.10979	
709.655	8663.08715	
710.06	8850.11726	
710.465	8660.77647	
710.87	8695.43231	
711.275	8602.99646	
711.679	8559.06666	
712.084	8656.15501	
712.489	8653.84421	
712.893	8566.00392	
713.298	8422.5592	
713.702	8704.67232	
714.107	8202.4591	
714.511	8443.39157	
714.916	8357.72616	
715.32	7988.95418	
715.724	8200.14028	
716.128	7900.66466	
716.533	7691.31684	
716.937	7220.20134	
717.341	7023.77894	
717.745	6822.3642	
718.149	6486.73994	
718.552	6399.75371	
718.956	6176.13254	
719.36	5916.69826	
719.764	5980.42805	
720.167	5808.0455	
720.571	6041.76638	
720.974	6176.13254	
721.378	6291.52413	
721.781	6444.42987	
722.185	6576.01429	
722.588	6686.34481	
722.991	6777.82228	
723.394	6547.82926	
723.797	6319.76699	
724.2	6126.64617	
724.603	6171.4204	
725.006	6006.3826	
725.409	6145.50045	
725.812	6242.0837	
726.215	6032.33169	
726.618	6041.76638	
727.02	6161.99559	
727.423	6027.61408	
727.826	6110.14632	
728.228	6037.04913	
728.631	6074.7821	
729.033	6004.02332	
729.435	6067.70805	
729.838	5916.69826	
730.24	5907.254	
730.642	5954.46804	
731.044	5904.89283	
731.446	5956.82826	
731.848	6159.63928	
732.25	6352.70891	
732.652	6267.98352	
733.054	6373.88126	
733.456	6606.54093	
733.857	6397.40189	
734.259	6437.3768	
734.661	6536.08362	
735.062	6655.83754	
735.464	6550.17825	
735.865	6592.45264	
736.267	6526.68632	
736.668	6514.93871	
737.069	6496.14023	
737.47	6343.29782	
737.872	6336.23904	
738.273	6373.88126	
738.674	6345.65066	
739.075	6256.21154	
739.476	6258.56603	
739.877	6223.24408	
740.278	6246.79316	
740.678	6477.33894	
741.079	6413.8637	
741.48	6343.29782	
741.88	6284.46241	
742.281	6220.88893	
742.681	6369.17661	
743.082	6336.23904	
743.482	6385.64213	
743.882	6366.82421	
744.283	6286.81636	
744.683	6239.72891	
745.083	6077.14003	
745.483	6204.40161	
745.883	6067.70805	
746.283	6112.50358	
746.683	6098.35937	
747.083	6088.929	
747.483	5987.5071	
747.883	5942.66622	
748.282	5874.1934	
748.682	6070.06611	
749.082	6004.02332	
749.481	6091.28666	
749.881	5784.41261	
750.28	6001.66399	
750.679	5895.44766	
751.079	5904.89283	
751.478	5822.22305	
751.877	5763.13911	
752.276	5772.59445	
752.675	5732.40419	
753.074	5883.64019	
753.473	5876.55517	
753.872	5855.29764	
754.271	5940.30573	
754.67	6039.40777	
755.069	5978.06827	
755.467	6006.3826	
755.866	5954.46804	
756.265	5737.13314	
756.663	5942.66622	
757.062	5704.02664	
757.46	5836.39896	
757.858	5583.3484	
758.257	5711.12165	
758.655	5367.72231	
759.053	5016.20615	
759.451	4453.5064	
759.849	3719.74894	
760.247	2915.53689	
760.645	2429.4228	
761.043	2302.62553	
761.441	2160.9915	
761.839	2104.76496	
762.237	2097.42846	
762.634	2156.10362	
763.032	2156.10362	
763.429	2178.09696	
763.827	2263.576	
764.224	2409.92676	
764.622	2419.67529	
765.019	2638.75168	
765.416	2922.81023	
765.814	3085.11098	
766.211	3317.21162	
766.608	3611.43029	
767.005	3767.85576	
767.402	4068.04586	
767.799	4065.64757	
768.196	4396.12938	
768.593	4412.86731	
768.989	4310.00975	
769.386	4625.46588	
769.783	4477.40501	
770.179	4479.7946	
770.576	4472.62569	
770.972	4618.30601	
771.369	4489.35246	
771.765	4482.18414	
772.161	4477.40501	
772.558	4494.13109	
772.954	4398.52066	
773.35	4448.72608	
773.746	4345.90084	
774.142	4424.82148	
774.538	4288.46966	
774.934	4321.97471	
775.33	4271.71342	
775.726	4357.86203	
776.121	4235.79884	
776.517	4219.0348	
776.913	4326.76034	
777.308	4321.97471	
777.704	4307.61661	
778.099	4207.05896	
778.495	4147.16064	
778.89	4056.05389	
779.285	4024.86871	
779.68	4142.3674	
780.076	3919.25378	
780.471	4034.46508	
780.866	4017.67088	
781.261	3924.05665	
781.656	4003.27384	
782.051	3900.04021	
782.445	3933.66175	
782.84	3878.42094	
783.235	3820.74871	
783.63	3924.05665	
784.024	3726.96632	
784.419	3835.16961	
784.813	3871.21357	
785.208	3625.87907	
785.602	3787.09253	
785.996	3794.30544	
786.391	3705.31273	
786.785	3548.79636	
787.179	3705.31273	
787.573	3570.48148	
787.967	3640.32591	
788.361	3645.1411	
788.755	3584.93579	
789.149	3553.61565	
789.543	3534.33715	
789.936	3355.84451	
790.33	3329.28594	
790.724	3392.04989	
791.117	3428.24279	
791.511	3186.71945	
791.904	3338.94438	
792.298	3312.38151	
792.691	3222.9838	
793.084	3239.9028	
793.477	2891.28859	
793.871	3114.15229	
794.264	3196.39119	
794.657	3148.02337	
795.05	2976.13189	
795.443	3135.92784	
795.836	3203.6444	
796.228	3089.95178	
796.621	3094.79234	
797.014	2995.51456	
797.406	3036.69034	
797.799	2934.93129	
798.192	3056.06138	
798.584	3029.42525	
798.976	3000.35964	
799.369	3140.76622	
799.761	2968.86243	
800.153	3000.35964	
800.546	2949.47462	
800.938	3022.15963	
801.33	2903.41348	
801.722	3082.6905	
802.114	2920.38585	
802.506	2898.5637	
802.897	2823.3618	
803.289	2823.3618	
803.681	2689.7974	
804.073	2670.35459	
804.464	2816.08116	
804.856	2820.93498	
805.247	2723.81294	
805.639	2735.95847	
806.03	2774.81401	
806.421	2774.81401	
806.813	2748.10249	
807.204	2723.81294	
807.595	2728.67134	
807.986	2757.81661	
808.377	2636.32026	
808.768	2653.33893	
809.159	2680.07648	
809.55	2560.91564	
809.941	2517.10498	
810.331	2514.67047	
810.722	2531.71078	
811.113	2502.49694	
811.503	2563.34898	
811.894	2439.1693	
812.284	2424.54917	
812.675	2422.11226	
813.065	2392.86439	
813.455	2297.74525	
813.846	2121.8811	
814.236	2187.87006	
814.626	2143.88279	
815.016	2222.06763	
815.406	2060.73696	
815.796	2026.4779	
816.186	1972.61543	
816.575	1862.33891	
816.965	1979.96225	
817.355	1948.12158	
817.745	1921.17042	
818.134	1850.07731	
818.524	2009.34341	
818.913	2038.7148	
819.303	2009.34341	
819.692	1867.24306	
820.081	1921.17042	
820.47	2121.8811	
820.86	1872.14694	
821.249	1975.06444	
821.638	2109.65562	
822.027	1901.56435	
822.416	1908.91714	
822.805	1842.71952	
823.193	1727.36478	
823.582	1796.10551	
823.971	1813.28204	
824.36	1891.75965	
824.748	1896.66214	
825.137	1933.42198	
825.525	1928.52156	
825.914	2004.44723	
826.302	2068.07647	
826.69	2065.63003	
827.079	1967.71721	
827.467	2009.34341	
827.855	1889.30831	
828.243	1896.66214	
828.631	1911.36794	
829.019	1788.74309	
829.407	1837.81397	
829.795	1877.05053	
830.182	1791.1973	
830.57	1724.90873	
830.958	1913.81866	
831.345	1864.79102	
831.733	1756.8319	
832.12	1828.00204	
832.508	1715.08379	
832.895	1815.73555	
833.283	1830.45513	
833.67	1766.652	
834.057	1712.62738	
834.444	1793.65144	
834.831	1796.10551	
835.218	1823.09565	
835.605	1805.92109	
835.992	1813.28204	
836.379	1970.16635	
836.766	1766.652	
837.152	1832.90815	
837.539	1854.98216	
837.926	1724.90873	
838.312	1729.82077	
838.699	1766.652	
839.085	1877.05053	
839.472	1810.82846	
839.858	1867.24306	
840.244	1766.652	
840.63	1810.82846	
841.017	1756.8319	
841.403	1764.19708	
841.789	1727.36478	
842.175	1737.18829	
842.561	1798.55951	
842.946	1791.1973	
843.332	1803.4673	
843.718	1801.01344	
844.104	1805.92109	
844.489	1776.47097	
844.875	1646.27709	
845.26	1675.77258	
845.646	1675.77258	
846.031	1678.23007	
846.416	1629.06658	
846.802	1680.68749	
847.187	1636.44295	
847.572	1641.36016	
847.957	1747.01067	
848.342	1692.97349	
848.727	1722.4526	
849.112	1557.72785	
849.497	1545.42184	
849.882	1560.18883	
850.266	1464.15571	
850.651	1606.93354	
851.036	1533.11398	
851.42	1503.56758	
851.805	1550.34446	
852.189	1589.71488	
852.574	1562.64974	
852.958	1550.34446	
853.342	1525.72838	
853.726	1510.95518	
854.11	1530.65219	
854.495	1451.83558	
854.879	1412.39852	
855.263	1454.29975	
855.646	1451.83558	
856.03	1545.42184	
856.414	1397.60464	
856.798	1446.907	
857.181	1550.34446	
857.565	1520.80428	
857.949	1498.64214	
858.332	1444.4426	
858.716	1483.86403	
859.099	1466.61951	
859.482	1496.17931	
859.866	1449.37133	
860.249	1461.69183	
860.632	1377.87521	
861.015	1478.9374	
861.398	1370.47542	
861.781	1414.8639	
862.164	1466.61951	
862.547	1340.86939	
862.929	1335.93398	
863.312	1390.20667	
863.695	1456.76386	
864.077	1390.20667	
864.46	1523.26636	
864.842	1372.9421	
865.225	1395.13872	
865.607	1316.18926	
865.99	1316.18926	
866.372	1269.27576	
866.754	1308.78372	
867.136	1308.78372	
867.518	1338.40172	
867.9	1244.57318	
868.282	1296.43962	
868.664	1266.80585	
869.046	1271.74559	
869.428	1271.74559	
869.809	1254.45515	
870.191	1264.33587	
870.573	1308.78372	
870.954	1311.25231	
871.336	1212.44814	
871.717	1120.94228	
872.099	1279.15461	
872.48	1247.04379	
872.861	1118.46764	
873.242	1148.15809	
873.623	1256.92545	
874.004	1271.74559	
874.385	1190.19994	
874.766	1224.80549	
875.147	1076.38638	
875.528	1096.19222	
875.909	1192.67228	
876.29	1227.27673	
876.67	1195.14454	
877.051	1185.25503	
877.431	1135.78847	
877.812	1118.46764	
878.192	1140.73655	
878.573	1125.89133	
878.953	1120.94228	
879.333	1165.47222	
879.713	1175.36426	
880.093	1143.21048	
880.473	1150.63178	
880.853	1167.94535	
881.233	1106.09321	
881.613	1066.48153	
881.993	1212.44814	
882.373	1187.72753	
882.753	1165.47222	
883.132	1160.52572	
883.512	1185.25503	
883.891	1088.76564	
884.271	1175.36426	
884.65	1150.63178	
885.029	1212.44814	
885.409	1214.91977	
885.788	1150.63178	
886.167	1229.74789	
886.546	1256.92545	
886.925	1271.74559	
887.304	1234.68996	
887.683	1177.83707	
888.062	1222.33418	
888.441	1249.51432	
888.82	1197.61672	
889.198	1269.27576	
889.577	1284.09357	
889.955	1207.50465	
890.334	1296.43962	
890.712	1200.08882	
891.091	1311.25231	
891.469	1150.63178	
891.847	1150.63178	
892.226	1200.08882	
892.604	1128.36573	
892.982	1177.83707	
893.36	1118.46764	
893.738	1232.21896	
894.116	1232.21896	
894.493	1101.14288	
894.871	1091.24125	
895.249	952.48184	
895.627	1019.4157	
896.004	1004.54669	
896.382	1004.54669	
896.759	950.00165	
897.137	984.71675	
897.514	962.40176	
897.891	880.52256	
898.269	945.04103	
898.646	957.44197	
899.023	791.0952	
899.4	801.03702	
899.777	778.66599	
900.154	845.75833	
900.531	783.63793	
900.908	808.49249	
901.284	768.72107	
901.661	798.5517	
902.038	870.59161	
902.414	810.97748	
902.791	709.02253	
903.167	793.58078	
903.544	803.52227	
903.92	768.72107	
904.296	843.27453	
904.672	843.27453	
905.049	806.00742	
905.425	835.82264	
905.801	813.46238	
906.177	855.69265	
906.553	825.8856	
906.929	781.152	
907.304	786.12377	
907.68	850.72566	
908.056	766.23463	
908.431	731.41534	
908.807	689.11187	
909.182	696.57903	
909.558	748.82711	
909.933	681.64393	
910.309	654.25472	
910.684	704.04539	
911.059	616.88855	
911.434	718.97576	
911.809	699.0679	
912.184	696.57903	
912.559	666.70568	
912.934	726.43977	
913.309	629.34616	
913.684	604.42872	
914.058	706.534	
914.433	696.57903	
914.808	577.00923	
915.182	679.15444	
915.557	636.81966	
915.931	581.9954	
916.305	651.76426	
916.68	591.96666	
917.054	634.32858	
917.428	646.78308	
917.802	624.36338	
918.176	704.04539	
918.55	654.25472	
918.924	691.60101	
919.298	721.46385	
919.672	611.90489	
920.045	611.90489	
920.419	586.98121	
920.793	718.97576	
921.166	669.19561	
921.54	699.0679	
921.913	684.13333	
922.287	656.74509	
922.66	629.34616	
923.033	743.85275	
923.406	639.31064	
923.78	656.74509	
924.153	651.76426	
924.526	664.21566	
924.899	721.46385	
925.271	669.19561	
925.644	681.64393	
926.017	629.34616	
926.39	606.92087	
926.762	604.42872	
927.135	619.38025	
927.508	649.27371	
927.88	619.38025	
928.252	586.98121	
928.625	562.04857	
928.997	494.68531	
929.369	564.54224	
929.741	479.70668	
930.114	601.93649	
930.486	559.55481	
930.858	577.00923	
931.229	527.12773	
931.601	549.57887	
931.973	479.70668	
932.345	549.57887	
932.717	522.13759	
933.088	512.15622	
933.46	504.66923	
933.831	509.66065	
934.203	474.71307	
934.574	439.74749	
934.945	419.75903	
935.317	437.24926	
935.688	449.7395	
936.059	472.21613	
936.43	389.76517	
936.801	494.68531	
937.172	382.26461	
937.543	414.76099	
937.914	344.7491	
938.284	399.76462	
938.655	402.26425	
939.026	439.74749	
939.396	452.23727	
939.767	437.24926	
940.137	359.75785	
940.508	479.70668	
940.878	404.76378	
941.248	434.75093	
941.618	442.24563	
941.989	434.75093	
942.359	329.73695	
942.729	392.26518	
943.099	417.26005	
943.469	424.7567	
943.838	427.2554	
944.208	394.76508	
944.578	389.76517	
944.948	422.25791	
945.317	437.24926	
945.687	442.24563	
946.056	477.20992	
946.426	364.76001	
946.795	389.76517	
947.164	362.25897	
947.533	404.76378	
947.903	372.26254	
948.272	437.24926	
948.641	414.76099	
949.01	374.7632	
949.379	422.25791	
949.748	474.71307	
950.116	427.2554	
950.485	362.25897	
950.854	437.24926	
951.222	484.69992	
951.591	452.23727	
951.959	412.26182	
952.328	394.76508	
952.696	362.25897	
953.065	402.26425	
953.433	414.76099	
953.801	384.76489	
954.169	472.21613	
954.537	434.75093	
954.905	424.7567	
955.273	382.26461	
955.641	387.26508	
956.009	444.74368	
956.377	432.25252	
956.744	427.2554	
957.112	429.754	
957.479	432.25252	
957.847	437.24926	
958.214	454.73495	
958.582	417.26005	
958.949	384.76489	
959.316	424.7567	
959.684	417.26005	
960.051	402.26425	
960.418	487.19641	
960.785	407.26322	
961.152	397.2649	
961.519	397.2649	
961.885	479.70668	
962.252	457.23254	
962.619	497.18143	
962.986	437.24926	
963.352	407.26322	
963.719	404.76378	
964.085	417.26005	
964.452	397.2649	
964.818	497.18143	
965.184	432.25252	
965.55	437.24926	
965.916	427.2554	
966.283	422.25791	
966.649	432.25252	
967.015	464.72475	
967.38	477.20992	
967.746	507.16498	
968.112	429.754	
968.478	494.68531	
968.843	477.20992	
969.209	392.26518	
969.575	427.2554	
969.94	429.754	
970.305	467.22196	
970.671	497.18143	
971.036	499.67745	
971.401	437.24926	
971.766	404.76378	
972.132	417.26005	
972.497	387.26508	
972.862	504.66923	
973.227	442.24563	
973.591	457.23254	
973.956	407.26322	
974.321	457.23254	
974.686	452.23727	
975.05	404.76378	
975.415	502.17339	
975.779	402.26425	
976.144	382.26461	
976.508	404.76378	
976.872	437.24926	
977.236	394.76508	
977.601	344.7491	
977.965	489.6928	
978.329	432.25252	
978.693	417.26005	
979.057	387.26508	
979.421	507.16498	
979.784	464.72475	
980.148	449.7395	
980.512	457.23254	
980.875	407.26322	
981.239	422.25791	
981.602	457.23254	
981.966	404.76378	
982.329	412.26182	
982.692	432.25252	
983.056	394.76508	
983.419	432.25252	
983.782	397.2649	
984.145	389.76517	
984.508	439.74749	
984.871	432.25252	
985.234	409.76257	
985.597	457.23254	
985.959	429.754	
986.322	449.7395	
986.685	464.72475	
987.047	379.76423	
987.41	512.15622	
987.772	454.73495	
988.134	479.70668	
988.497	507.16498	
988.859	484.69992	
989.221	464.72475	
989.583	437.24926	
989.945	384.76489	
990.307	387.26508	
990.669	432.25252	
991.031	437.24926	
991.393	407.26322	
991.755	502.17339	
992.116	512.15622	
992.478	484.69992	
992.839	422.25791	
993.201	407.26322	
993.562	439.74749	
993.924	414.76099	
994.285	437.24926	
994.646	464.72475	
995.007	437.24926	
995.369	464.72475	
995.73	427.2554	
996.091	487.19641	
996.451	432.25252	
996.812	387.26508	
997.173	422.25791	
997.534	467.22196	
997.895	447.24164	
998.255	394.76508	
998.616	362.25897	
998.976	424.7567	
999.337	427.2554	
999.697	497.18143	
1000.057	432.25252	
1000.418	404.76378	
1000.778	457.23254	
1001.138	402.26425	
1001.498	492.1891	
1001.858	399.76462	
1002.218	377.26376	
1002.578	422.25791	
1002.937	424.7567	
1003.297	464.72475	
1003.657	394.76508	
1004.016	397.2649	
1004.376	439.74749	
1004.735	417.26005	
1005.095	392.26518	
1005.454	372.26254	
1005.813	397.2649	
1006.173	389.76517	
1006.532	402.26425	
1006.891	344.7491	
1007.25	484.69992	
1007.609	382.26461	
1007.968	379.76423	
1008.327	404.76378	
1008.686	377.26376	
1009.044	407.26322	
1009.403	409.76257	
1009.762	449.7395	
1010.12	442.24563	
1010.479	417.26005	
1010.837	402.26425	
1011.195	404.76378	
1011.554	449.7395	
1011.912	374.7632	
1012.27	322.2296	
1012.628	364.76001	
1012.986	462.22744	
1013.344	464.72475	
1013.702	427.2554	
1014.06	334.74138	
1014.418	417.26005	
1014.775	444.74368	
1015.133	422.25791	
1015.491	357.25662	
1015.848	442.24563	
1016.206	447.24164	
1016.563	372.26254	
1016.92	399.76462	
1017.278	412.26182	
1017.635	479.70668	
1017.992	382.26461	
1018.349	419.75903	
1018.706	384.76489	
1019.063	419.75903	
1019.42	349.75239	
1019.777	409.76257	
1020.134	419.75903	
1020.49	332.23922	
1020.847	329.73695	
1021.203	339.74543	
1021.56	344.7491	
1021.916	349.75239	
1022.273	444.74368	
1022.629	394.76508	
1022.985	399.76462	
1023.342	447.24164	
1023.698	339.74543	
1024.054	422.25791	
1024.41	372.26254	
1024.766	384.76489	
1025.122	392.26518	
1025.477	334.74138	
1025.833	334.74138	
1026.189	344.7491	
1026.545	402.26425	
1026.9	394.76508	
1027.256	327.2346	
1027.611	432.25252	
1027.966	377.26376	
1028.322	324.73215	
1028.677	397.2649	
1029.032	357.25662	
1029.387	409.76257	
1029.742	407.26322	
1030.097	322.2296	
1030.452	387.26508	
1030.807	397.2649	
1031.162	384.76489	
1031.517	432.25252	
1031.871	364.76001	
1032.226	332.23922	
1032.581	332.23922	
1032.935	332.23922	
