FLMS05510_1:101		
187.856	-37.74026	
188.32	-37.74026	
188.785	-37.74026	
189.249	-98.17302	
189.713	-72.98543	
190.178	-72.98543	
190.642	-75.50372	
191.106	-93.13467	
191.57	-72.98543	
192.034	-40.2571	
192.498	5.03029	
192.963	-32.70689	
193.427	-20.12526	
193.89	-55.36031	
194.354	-5.0307	
194.818	12.57497	
195.282	55.31084	
195.746	70.38711	
196.21	62.84943	
196.673	123.12563	
197.137	138.1857	
197.601	148.22377	
198.064	175.82032	
198.528	133.16607	
198.991	308.62034	
199.454	281.08035	
199.918	311.12341	
200.381	283.58446	
200.844	298.60714	
201.308	351.1595	
201.771	341.15275	
202.234	346.15632	
202.697	353.66095	
203.16	341.15275	
203.623	441.15271	
204.086	401.17067	
204.549	393.67139	
205.012	393.67139	
205.475	471.12368	
205.938	406.16973	
206.4	391.17144	
206.863	408.66912	
207.326	458.63739	
207.788	356.16231	
208.251	458.63739	
208.714	456.13986	
209.176	371.16848	
209.639	376.16978	
210.101	383.67103	
210.563	376.16978	
211.026	378.67029	
211.488	351.1595	
211.95	383.67103	
212.412	383.67103	
212.874	423.66349	
213.337	381.17071	
213.799	386.17126	
214.261	373.66917	
214.723	373.66917	
215.184	363.66582	
215.646	391.17144	
216.108	358.66357	
216.57	373.66917	
217.032	428.66088	
217.493	363.66582	
217.955	286.08848	
218.417	371.16848	
218.878	373.66917	
219.34	356.16231	
219.801	383.67103	
220.263	368.66768	
220.724	396.17124	
221.185	373.66917	
221.647	353.66095	
222.108	358.66357	
222.569	446.14879	
223.03	283.58446	
223.491	343.65458	
223.952	388.67139	
224.413	361.16474	
224.874	353.66095	
225.335	358.66357	
225.796	343.65458	
226.257	336.14881	
226.718	331.14449	
227.179	348.65796	
227.639	316.12925	
228.1	308.62034	
228.561	368.66768	
229.021	371.16848	
229.482	421.16466	
229.942	383.67103	
230.403	376.16978	
230.863	401.17067	
231.323	341.15275	
231.784	426.16223	
232.244	423.66349	
232.704	388.67139	
233.164	321.13471	
233.625	366.1668	
234.085	423.66349	
234.545	323.63729	
235.005	351.1595	
235.465	421.16466	
235.925	433.65789	
236.384	418.66574	
236.844	388.67139	
237.304	346.15632	
237.764	401.17067	
238.223	308.62034	
238.683	381.17071	
239.143	416.16672	
239.602	368.66768	
240.062	396.17124	
240.521	426.16223	
240.98	371.16848	
241.44	393.67139	
241.899	341.15275	
242.358	313.62637	
242.818	428.66088	
243.277	366.1668	
243.736	418.66574	
244.195	366.1668	
244.654	413.66761	
245.113	476.11756	
245.572	353.66095	
246.031	361.16474	
246.49	378.67029	
246.949	378.67029	
247.408	358.66357	
247.866	398.671	
248.325	451.14451	
248.784	416.16672	
249.242	366.1668	
249.701	421.16466	
250.159	376.16978	
250.618	471.12368	
251.076	358.66357	
251.534	388.67139	
251.993	386.17126	
252.451	403.67025	
252.909	346.15632	
253.368	356.16231	
253.826	426.16223	
254.284	413.66761	
254.742	428.66088	
255.2	363.66582	
255.658	418.66574	
256.116	343.65458	
256.574	413.66761	
257.031	326.13979	
257.489	438.65453	
257.947	371.16848	
258.405	358.66357	
258.862	333.6467	
259.32	303.61393	
259.777	431.15943	
260.235	381.17071	
260.692	296.1036	
261.15	408.66912	
261.607	333.6467	
262.065	326.13979	
262.522	376.16978	
262.979	423.66349	
263.436	421.16466	
263.893	488.60064	
264.351	438.65453	
264.808	313.62637	
265.265	318.63202	
265.722	396.17124	
266.178	376.16978	
266.635	351.1595	
267.092	373.66917	
267.549	276.07183	
268.006	373.66917	
268.462	343.65458	
268.919	366.1668	
269.376	403.67025	
269.832	438.65453	
270.289	453.64223	
270.745	448.6467	
271.202	408.66912	
271.658	363.66582	
272.114	451.14451	
272.571	353.66095	
273.027	381.17071	
273.483	396.17124	
273.939	403.67025	
274.395	326.13979	
274.851	393.67139	
275.307	381.17071	
275.763	423.66349	
276.219	398.671	
276.675	448.6467	
277.131	408.66912	
277.587	421.16466	
278.042	423.66349	
278.498	361.16474	
278.954	351.1595	
279.409	391.17144	
279.865	386.17126	
280.32	318.63202	
280.776	336.14881	
281.231	351.1595	
281.687	401.17067	
282.142	368.66768	
282.597	316.12925	
283.052	413.66761	
283.508	406.16973	
283.963	481.11106	
284.418	336.14881	
284.873	458.63739	
285.328	483.60768	
285.783	428.66088	
286.238	386.17126	
286.693	368.66768	
287.147	436.15625	
287.602	468.62661	
288.057	406.16973	
288.512	408.66912	
288.966	331.14449	
289.421	483.60768	
289.875	376.16978	
290.33	388.67139	
290.784	396.17124	
291.239	446.14879	
291.693	378.67029	
292.147	493.59323	
292.602	426.16223	
293.056	403.67025	
293.51	383.67103	
293.964	366.1668	
294.418	438.65453	
294.872	443.6508	
295.326	473.62067	
295.78	393.67139	
296.234	383.67103	
296.688	456.13986	
297.142	403.67025	
297.595	403.67025	
298.049	443.6508	
298.503	433.65789	
298.956	418.66574	
299.41	388.67139	
299.863	463.63218	
300.317	388.67139	
300.77	398.671	
301.224	401.17067	
301.677	361.16474	
302.13	398.671	
302.584	491.09698	
303.037	426.16223	
303.49	441.15271	
303.943	421.16466	
304.396	416.16672	
304.849	441.15271	
305.302	488.60064	
305.755	456.13986	
306.208	441.15271	
306.661	438.65453	
307.114	461.13483	
307.566	461.13483	
308.019	438.65453	
308.472	471.12368	
308.924	486.1042	
309.377	446.14879	
309.829	531.02602	
310.282	550.98183	
310.734	550.98183	
311.187	663.12625	
311.639	618.29014	
312.091	620.78179	
312.543	620.78179	
312.995	655.65556	
313.448	688.02285	
313.9	590.87612	
314.352	760.17356	
314.804	730.32696	
315.256	727.83918	
315.708	710.42229	
316.159	819.82954	
316.611	849.63908	
317.063	943.95585	
317.515	859.57288	
317.966	869.50533	
318.418	1008.41912	
318.87	904.25828	
319.321	971.23558	
319.773	1147.07583	
320.224	1092.63374	
320.675	1112.43535	
321.127	1070.35077	
321.578	1114.91019	
322.029	1087.68253	
322.48	1278.07417	
322.932	1050.53817	
323.383	1144.60203	
323.834	1245.96291	
324.285	1310.17232	
324.736	1431.0411	
325.187	1401.45747	
325.638	1522.18921	
326.088	1669.78215	
326.539	1608.31703	
326.99	1704.18291	
327.441	1777.85167	
327.891	1709.09616	
328.342	1822.02234	
328.792	1733.6581	
329.243	1770.48767	
329.693	1944.60002	
330.144	1866.1703	
330.594	1706.63957	
331.044	1799.93986	
331.495	1819.56902	
331.945	1763.12303	
332.395	1875.97789	
332.845	1851.45683	
333.295	1863.71823	
333.745	1907.8449	
334.195	2030.30212	
334.645	2052.32636	
335.095	2079.23748	
335.545	2037.64414	
335.995	2040.09134	
336.444	2022.95948	
336.894	2037.64414	
337.344	1934.80017	
337.793	2049.87949	
338.243	2140.36899	
338.692	2203.90177	
339.142	2308.87802	
339.591	2408.86045	
340.041	2574.45028	
340.49	2389.36013	
340.939	2513.60535	
341.388	2494.12673	
341.838	2260.06683	
342.287	2474.64411	
342.736	2547.6833	
343.185	2542.81577	
343.634	2289.35666	
344.083	2338.15233	
344.532	2284.47567	
344.981	2321.07678	
345.429	2503.86654	
345.878	2518.47437	
346.327	2450.28516	
346.776	2462.46542	
347.224	2557.41762	
347.673	2460.0295	
348.121	2447.84892	
348.57	2535.514	
349.018	2564.7177	
349.467	2623.09833	
349.915	2696.02435	
350.363	2868.39883	
350.811	2781.03554	
351.26	2781.03554	
351.708	2810.16524	
352.156	2686.30406	
352.604	2924.17393	
353.052	2822.30007	
353.5	2977.49486	
353.948	3069.52811	
354.396	3195.33339	
354.843	3313.74	
355.291	3035.63088	
355.739	3142.12698	
356.186	3076.79033	
356.634	2795.60147	
357.082	2744.61124	
357.529	2540.38191	
357.977	2496.56178	
358.424	2581.74906	
358.871	2785.89109	
359.319	2987.18653	
359.766	3146.96506	
360.213	3173.57046	
360.661	3125.19187	
361.108	3013.8338	
361.555	2996.87726	
362.002	3236.42859	
362.449	3260.5946	
362.896	3284.75497	
363.343	3277.50745	
363.79	3383.75393	
364.236	3378.92689	
364.683	3516.41104	
365.13	3802.87016	
365.577	3822.10075	
366.023	3956.62058	
366.47	4059.80152	
366.916	3990.22491	
367.363	3954.21988	
367.809	3920.60461	
368.256	3906.19492	
368.702	3944.61656	
369.148	4110.15747	
369.594	4208.4063	
370.041	4124.54072	
370.487	4050.20733	
370.933	3992.62483	
371.379	4040.61232	
371.825	4014.22176	
372.271	3956.62058	
372.717	3795.65781	
373.163	3853.34326	
373.608	3665.75366	
374.054	3646.49533	
374.5	3795.65781	
374.946	3745.15801	
375.391	3836.52148	
375.837	3925.40741	
376.282	4102.96515	
376.728	4359.20758	
377.173	4524.14232	
377.618	4674.52894	
378.064	4777.06214	
378.509	4650.67107	
378.954	4423.77554	
379.4	4502.64253	
379.845	4452.46072	
380.29	4524.14232	
380.735	4473.96989	
381.18	4222.77699	
381.625	3843.73113	
382.07	3651.31023	
382.514	3446.48533	
382.959	3424.77485	
383.404	3265.42712	
383.849	3465.7798	
384.293	3711.47843	
384.738	3737.94184	
385.183	4050.20733	
385.627	3985.42491	
386.072	3963.82237	
386.516	4004.62364	
386.96	4071.79309	
387.405	4126.93775	
387.849	4112.55481	
388.293	4189.24254	
388.737	4438.11903	
389.181	4638.7403	
389.626	4843.77965	
390.07	5008.02938	
390.514	5088.88026	
390.957	5212.42847	
391.401	5240.92147	
391.845	4862.83483	
392.289	4495.47504	
392.733	3918.20312	
393.176	3605.55991	
393.62	3576.65492	
394.064	3944.61656	
394.507	4363.99164	
394.951	4781.82894	
395.394	4712.69136	
395.838	4330.49897	
396.281	4016.62116	
396.724	4028.61739	
397.168	4287.42246	
397.611	4853.30763	
398.054	5404.62517	
398.497	5738.46313	
398.94	6196.30436	
399.383	6473.96028	
399.826	6809.61861	
400.269	6964.23687	
400.712	7090.60247	
401.155	7363.96463	
401.597	7156.0759	
402.04	7524.90431	
402.483	7354.62858	
402.925	7510.91758	
403.368	7375.63373	
403.811	7347.62609	
404.253	7060.19262	
404.696	7179.4511	
405.138	7403.63523	
405.58	7167.76404	
406.023	7106.97399	
406.465	7074.22884	
406.907	7186.46282	
407.349	7307.9381	
407.791	7510.91758	
408.233	7913.59238	
408.675	7790.36326	
409.117	7599.47446	
409.559	7571.51573	
410.001	7478.27594	
410.443	7692.62632	
410.885	7720.55873	
411.326	8099.37658	
411.768	8145.78108	
412.21	8363.66088	
412.651	8122.5809	
413.093	8066.88356	
413.534	8264.03766	
413.975	8106.33831	
414.417	8094.73522	
414.858	8409.97137	
415.299	8062.24103	
415.741	8138.82146	
416.182	8171.29649	
416.623	8252.44863	
417.064	8266.35535	
417.505	7934.50642	
417.946	8039.02592	
418.387	8120.26065	
418.828	7746.15812	
419.269	7929.85915	
419.709	8043.66928	
420.15	7964.70961	
420.591	8178.25437	
421.031	8273.30815	
421.472	8162.01874	
421.913	8083.13109	
422.353	8062.24103	
422.794	7718.23126	
423.234	8004.19546	
423.674	8328.91723	
424.115	8076.16811	
424.555	7994.90575	
424.995	8073.84703	
425.435	8101.6972	
425.875	8097.05592	
426.315	8312.70036	
426.755	8013.4845	
427.195	8015.80665	
427.635	8029.73871	
428.075	8078.48914	
428.515	7901.97202	
428.955	7669.34468	
429.394	7464.28412	
429.834	7055.51353	
430.274	6762.72721	
430.713	6945.50532	
431.153	7314.94276	
431.592	7739.17697	
432.031	8138.82146	
432.471	8389.13368	
432.91	8525.67596	
433.349	8481.72025	
433.789	8729.06862	
434.228	8511.7968	
434.667	8802.95178	
435.106	8842.1854	
435.545	9093.46652	
435.984	9399.43534	
436.423	9291.39087	
436.862	9541.82953	
437.301	9392.54148	
437.739	9240.78694	
438.178	8999.00373	
438.617	8985.17427	
439.055	9102.67881	
439.494	9128.00934	
439.932	9305.18863	
440.371	9548.71576	
440.809	9486.72703	
441.248	9952.0986	
441.686	9846.78406	
442.124	9860.52533	
442.563	10050.47183	
443.001	10103.06126	
443.439	10361.14623	
443.877	10381.68114	
444.315	10278.9764	
444.753	10443.26784	
445.191	10212.7488	
445.629	10018.45105	
446.067	10123.63429	
446.504	10365.7098	
446.942	10356.5825	
447.38	10482.0308	
447.817	10377.11809	
448.255	10484.31064	
448.693	10859.98326	
449.13	10932.72681	
449.568	10753.07436	
450.005	11309.50064	
450.442	11277.76189	
450.88	11345.76516	
451.317	11282.29642	
451.754	11325.36746	
452.191	11211.99562	
452.628	11023.60476	
453.065	10748.52327	
453.502	11520.16465	
453.939	11542.79902	
454.376	11513.37367	
454.813	11536.00907	
455.25	11617.46836	
455.686	11721.49148	
456.123	11936.09821	
456.56	12236.05131	
456.996	12404.94827	
457.433	12296.87468	
457.869	12082.76331	
458.306	12519.69754	
458.742	12353.17205	
459.179	12096.29471	
459.615	12132.37275	
460.051	12605.14473	
460.487	12404.94827	
460.924	12775.90713	
461.36	12885.91197	
461.796	13280.45323	
462.232	12986.87429	
462.668	13246.8621	
463.104	13081.05247	
463.539	13244.62247	
463.975	13007.05964	
464.411	13074.32715	
464.847	12980.14532	
465.282	12856.73397	
465.718	13217.74466	
466.153	13121.39894	
466.589	12998.08867	
467.024	13215.50466	
467.46	13439.36604	
467.895	13316.2768	
468.33	13437.1288	
468.766	13381.18884	
469.201	13627.19714	
469.636	13939.83296	
470.071	13718.80786	
470.506	13783.57892	
470.941	13870.6503	
471.376	14354.42538	
471.811	14229.69085	
472.246	14792.64444	
472.681	14832.64147	
473.115	14659.26969	
473.55	15338.6834	
473.985	15187.86932	
474.419	15305.4234	
474.854	15724.18954	
475.288	15885.76286	
475.723	15887.97556	
476.157	16246.21689	
476.592	16321.35106	
477.026	16464.94226	
477.46	16835.79787	
477.894	16873.30435	
478.329	17523.62341	
478.763	17979.44043	
479.197	18124.70172	
479.631	18247.9301	
480.065	18430.53595	
480.499	18586.71016	
480.932	18846.21367	
481.366	19332.098	
481.8	19864.04259	
482.234	19795.90349	
482.667	19993.72669	
483.101	19828.87404	
483.535	19947.56787	
483.968	19940.97376	
484.401	19881.62685	
484.835	19668.41646	
485.268	19435.41515	
485.702	18531.72225	
486.135	18085.08809	
486.568	18239.12875	
487.001	18806.63225	
487.434	19591.48348	
487.867	19806.89368	
488.3	20156.38337	
488.733	20466.32683	
489.166	20591.63293	
489.599	21202.90552	
490.032	21526.25124	
490.464	21838.69903	
490.897	21737.47182	
491.33	21625.25498	
491.762	21073.15309	
492.195	21013.77926	
492.627	21205.10483	
493.06	21202.90552	
493.492	21205.10483	
493.925	21521.85131	
494.357	22342.82043	
494.789	22054.39724	
495.221	22353.83115	
495.653	22534.43102	
496.086	22640.16964	
496.518	22651.18502	
496.95	22646.77885	
497.382	22778.97663	
497.813	22195.29264	
498.245	22362.63984	
498.677	22448.53024	
499.109	22807.62295	
499.54	22688.63865	
499.972	22342.82043	
500.404	21532.85118	
500.835	21532.85118	
501.267	21389.86223	
501.698	21290.88127	
502.129	21607.65357	
502.561	21651.65772	
502.992	21964.1493	
503.423	21821.09345	
503.855	22072.00778	
504.286	22168.8728	
504.717	21975.15461	
505.148	22422.10133	
505.579	22741.51793	
506.01	22426.50608	
506.441	22400.07798	
506.871	22364.84203	
507.302	22461.74506	
507.733	22457.34009	
508.163	22635.76354	
508.594	23341.12075	
509.025	23389.64346	
509.455	22798.80857	
509.886	22950.87347	
510.316	22743.72133	
510.746	23100.76995	
511.177	23023.6129	
511.607	23111.79316	
512.037	23360.97048	
512.467	22785.58721	
512.898	22602.71868	
513.328	22571.87825	
513.758	22091.82011	
514.188	21975.15461	
514.617	22232.72231	
515.047	22005.97026	
515.477	22166.67119	
515.907	21667.05966	
516.337	21198.50691	
516.766	20492.7065	
517.196	20312.45061	
517.625	20591.63293	
518.055	20556.45858	
518.484	20802.69248	
518.914	20963.2036	
519.343	21440.45604	
519.772	21590.05248	
520.202	21796.88637	
520.631	21616.45424	
521.06	22307.58725	
521.489	22239.32774	
521.918	22331.80988	
522.347	22466.15006	
522.776	22741.51793	
523.205	22466.15006	
523.634	22615.93643	
524.063	23394.05481	
524.491	23105.17921	
524.92	22964.0982	
525.349	22748.12814	
525.777	22536.63374	
526.206	21524.05127	
526.634	21328.27302	
527.063	21152.32244	
527.491	21603.25327	
527.919	22083.01457	
528.348	22391.26883	
528.776	22715.07777	
529.204	22450.73269	
529.632	22576.28394	
530.06	22719.48439	
530.488	22776.77312	
530.916	23078.7241	
531.344	23078.7241	
531.772	22719.48439	
532.2	22234.92411	
532.627	22175.47767	
533.055	21953.14413	
533.483	22138.0508	
533.91	22177.67931	
534.338	22212.90637	
534.765	22276.7596	
535.193	22274.55767	
535.62	22671.01316	
536.048	22175.47767	
536.475	22448.53024	
536.902	22234.92411	
537.329	21889.31706	
537.757	22162.26798	
538.184	22188.68759	
538.611	22131.44625	
539.038	21997.16567	
539.465	21702.26506	
539.892	21407.4598	
540.318	21178.71335	
540.745	20991.78962	
541.172	21130.33046	
541.599	21018.17723	
542.025	21429.45718	
542.452	21064.3568	
542.878	21046.76439	
543.305	21255.69016	
543.731	21508.65163	
544.158	21757.27623	
544.584	21697.86431	
545.01	21689.06287	
545.436	21702.26506	
545.862	21211.7028	
546.289	21341.47042	
546.715	21420.65817	
547.141	21376.66425	
547.567	20930.22046	
547.993	20945.6125	
548.418	21062.15774	
548.844	21330.47258	
549.27	21251.29135	
549.696	21134.72882	
550.121	21110.538	
550.547	21227.09818	
550.972	21238.09502	
551.398	21700.06468	
551.823	21491.05233	
552.249	21290.88127	
552.674	21268.8867	
553.099	20787.30187	
553.525	20754.32247	
553.95	20991.78962	
554.375	21156.72089	
554.8	21163.31859	
555.225	21282.08339	
555.65	21147.92402	
556.075	21011.58028	
556.5	20732.33655	
556.925	20582.83929	
557.349	20782.90458	
557.774	20626.80788	
558.199	20532.27655	
558.623	20217.93031	
559.048	20367.40547	
559.472	20149.7891	
559.897	20613.6172	
560.321	20420.16308	
560.746	20650.99101	
561.17	20220.12843	
561.594	20299.26159	
562.018	20255.29852	
562.443	20176.16623	
562.867	20167.37384	
563.291	19960.75609	
563.715	19754.14068	
564.139	19899.21112	
564.562	19868.43866	
564.986	19701.38743	
565.41	19457.39703	
565.834	19556.31371	
566.257	19382.65796	
566.681	19200.19722	
567.105	19666.21839	
567.528	19479.37876	
567.952	19549.71935	
568.375	19371.66675	
568.798	19380.45972	
569.222	19296.92524	
569.645	19683.80293	
570.068	19842.06225	
570.491	19734.35825	
570.914	19277.14032	
571.337	19798.10153	
571.76	20281.6763	
572.183	20193.75106	
572.606	20162.97765	
573.029	20158.58146	
573.452	19653.02995	
573.875	19925.58752	
574.297	19692.59518	
574.72	19690.39712	
575.143	19362.87375	
575.565	19461.79339	
575.988	19052.89724	
576.41	19266.14863	
576.832	19261.75193	
577.255	19004.52719	
577.677	18896.78808	
578.099	18701.07526	
578.521	18740.66029	
578.943	18571.31386	
579.365	18465.73248	
579.787	18300.73606	
580.209	18459.13324	
580.631	18531.72225	
581.053	18423.93644	
581.475	18459.13324	
581.897	18588.90961	
582.318	18822.02518	
582.74	18659.28948	
583.162	18786.84106	
583.583	18654.89088	
584.005	18604.30563	
584.426	18531.72225	
584.847	18511.92582	
585.269	18316.13713	
585.69	18091.69052	
586.111	17878.17854	
586.532	17638.16308	
586.954	17809.9274	
587.375	17459.73446	
587.796	17836.34812	
588.217	17254.79252	
588.637	16961.54084	
589.058	16151.16894	
589.479	15870.27349	
589.9	16005.22467	
590.32	16301.4643	
590.741	16345.65547	
591.162	16712.22112	
591.582	16520.15345	
592.003	16665.86932	
592.423	17038.73198	
592.844	17016.67884	
593.264	17323.11639	
593.684	16963.7465	
594.104	17067.39931	
594.524	17499.39063	
594.945	17104.88443	
595.365	17210.70718	
595.785	17580.89637	
596.205	17316.50484	
596.625	17814.33094	
597.044	17699.82812	
597.464	17792.31293	
597.884	17796.7166	
598.304	18030.06536	
598.723	17785.70737	
599.143	18111.49743	
599.562	17933.2142	
599.982	17644.77038	
600.401	17545.65222	
600.821	17534.63794	
601.24	17662.38946	
601.659	17369.39461	
602.078	17420.07512	
602.498	17646.9728	
602.917	17576.49098	
603.336	17525.82634	
603.755	17704.2325	
604.174	17360.58006	
604.593	17402.44772	
605.011	17226.13754	
605.43	17069.60441	
605.849	17206.29841	
606.268	17003.4464	
606.686	16646.00246	
607.105	16672.49136	
607.523	16924.04271	
607.942	16789.46131	
608.36	16581.97959	
608.779	16080.4168	
609.197	16363.33027	
609.615	16082.62805	
610.033	15529.29096	
610.451	15770.67899	
610.87	15788.38724	
611.288	15983.10576	
611.706	15795.02754	
612.124	15411.8401	
612.541	15540.36852	
612.959	15367.5052	
613.377	15172.33913	
613.795	15238.89018	
614.212	14943.70774	
614.63	14972.57627	
615.048	15010.32207	
615.465	14699.29048	
615.883	14643.7041	
616.3	14274.24753	
616.717	14127.17361	
617.135	14084.81435	
617.552	14107.10981	
617.969	14149.46437	
618.386	14236.37497	
618.803	14176.21005	
619.22	14329.92987	
619.637	14109.33922	
620.054	14280.9302	
620.471	14223.00652	
620.888	14187.35304	
621.305	14149.46437	
621.721	13734.44427	
622.138	13942.06425	
622.555	13761.24656	
622.971	13948.75797	
623.388	13423.70478	
623.804	13443.84044	
624.221	13441.60325	
624.637	13282.69241	
625.053	13098.98538	
625.47	13240.14311	
625.886	13208.78448	
626.302	13289.40979	
626.718	12984.63133	
627.134	12977.90227	
627.55	12695.04147	
627.966	12688.3009	
628.382	12562.42668	
628.797	12364.42917	
629.213	12746.71014	
629.629	12632.11887	
630.045	12656.8413	
630.46	12728.74024	
630.876	12548.93447	
631.291	12429.70496	
631.707	12249.56961	
632.122	12299.12696	
632.537	12380.1878	
632.953	12483.70646	
633.368	12427.45451	
633.783	12332.90727	
634.198	12429.70496	
634.613	12411.70047	
635.028	12143.64544	
635.443	12346.41741	
635.858	12384.68999	
636.273	12341.91416	
636.688	12346.41741	
637.102	12596.15238	
637.517	12395.9449	
637.932	12607.39275	
638.346	12339.66248	
638.761	12427.45451	
639.175	12420.70297	
639.59	12172.95069	
640.004	11981.24062	
640.418	12048.92973	
640.832	11777.996	
641.247	11791.55399	
641.661	11680.79526	
642.075	11748.61626	
642.489	11515.63736	
642.903	11863.84302	
643.317	11811.88871	
643.731	11592.58268	
644.145	11314.03419	
644.558	11474.88565	
644.972	11440.91741	
645.386	11359.36206	
645.799	11549.58867	
646.213	11191.57942	
646.626	11232.40899	
647.04	11395.6144	
647.453	11173.4293	
647.866	11082.64492	
648.28	11157.5461	
648.693	11009.9767	
649.106	10846.33976	
649.519	10611.92303	
649.932	10643.80816	
650.345	10668.85574	
650.758	10712.10935	
651.171	10507.10703	
651.584	10728.04159	
651.997	10789.47784	
652.41	10750.79883	
652.822	10700.7281	
653.235	10803.12675	
653.647	10939.54464	
654.06	10848.61376	
654.472	10687.06939	
654.885	10648.3626	
655.297	10472.91107	
655.71	9956.67566	
656.122	9727.6351	
656.534	9369.55939	
656.946	9337.37787	
657.358	9413.222	
657.77	9654.26083	
658.182	9892.58293	
658.594	9800.96985	
659.006	10073.33926	
659.418	9970.40592	
659.83	10039.03669	
660.241	10093.91671	
660.653	10116.77696	
661.065	10409.05634	
661.476	10224.1696	
661.888	10121.34855	
662.299	10217.31724	
662.71	9936.07769	
663.122	10260.70986	
663.533	10064.19274	
663.944	9984.13481	
664.355	9977.27054	
664.767	10011.58849	
665.178	9972.69416	
665.589	10098.48906	
666	9860.52533	
666.41	10027.6006	
666.821	9828.46022	
667.232	9888.00374	
667.643	9826.16957	
668.053	10055.04562	
668.464	9924.63304	
668.875	10011.58849	
669.285	9725.34276	
669.696	9709.29525	
670.106	9548.71576	
670.516	9417.81724	
670.927	9447.68247	
671.337	9645.08626	
671.747	9493.61607	
672.157	9472.94789	
672.567	9427.00725	
672.977	9551.0111	
673.387	9277.5917	
673.797	9137.21924	
674.207	9174.05251	
674.617	9128.00934	
675.027	9162.54321	
675.436	9148.73073	
675.846	9125.70676	
676.256	9139.52162	
676.665	8899.86077	
677.075	9128.00934	
677.484	8982.86922	
677.893	8786.79337	
678.303	8826.03179	
678.712	8664.38688	
679.121	8673.62908	
679.53	8553.42986	
679.939	8766.01537	
680.348	8645.90055	
680.757	8555.74242	
681.166	8722.13995	
681.575	8708.28153	
681.984	8375.24004	
682.393	8523.36287	
682.802	8534.92791	
683.21	8335.8667	
683.619	8305.74966	
684.027	8180.57358	
684.436	8287.21264	
684.844	8226.94912	
685.253	7922.88793	
685.661	7918.24024	
686.069	7855.48009	
686.477	7340.62323	
686.886	6804.93026	
687.294	6654.81073	
687.702	6661.85158	
688.11	6433.99707	
688.518	6417.53791	
688.926	6384.6131	
689.333	6365.79502	
689.741	6499.81203	
690.149	6565.59244	
690.557	6466.90888	
690.964	6661.85158	
691.372	6793.2086	
691.779	6786.17509	
692.187	6847.11919	
692.594	6886.95137	
693.001	6936.13851	
693.409	7076.56806	
693.816	6802.58601	
694.223	6776.79646	
694.63	6758.03711	
695.037	6675.9321	
695.444	6886.95137	
695.851	6926.77101	
696.258	6755.692	
696.665	7064.87153	
697.072	7195.81119	
697.479	7090.60247	
697.885	6896.32182	
698.292	6987.64741	
698.698	6786.17509	
699.105	6828.3703	
699.511	6682.97177	
699.918	6720.51003	
700.324	6495.11211	
700.73	6516.26037	
701.137	6579.68375	
701.543	6497.46209	
701.949	6346.97411	
702.355	6351.67961	
702.761	6441.05033	
703.167	6516.26037	
703.573	6469.25939	
703.979	6492.76208	
704.385	6189.23723	
704.79	6290.49432	
705.196	6492.76208	
705.602	6459.85707	
706.007	6415.18643	
706.413	6354.03229	
706.818	6469.25939	
707.224	6297.55569	
707.629	6473.96028	
708.034	6419.88935	
708.439	6464.55832	
708.845	6506.86158	
709.25	6266.95351	
709.655	6325.79719	
710.06	6262.24482	
710.465	6222.21371	
710.87	6177.4578	
711.275	6245.76298	
711.679	6205.72657	
712.084	6196.30436	
712.489	6059.60186	
712.893	6059.60186	
713.298	5943.99398	
713.702	5998.27239	
714.107	5951.07513	
714.511	6038.37587	
714.916	5840.09034	
715.32	5868.4364	
715.724	5809.37472	
716.128	5605.98468	
716.533	5480.47037	
716.937	5200.55438	
717.341	4996.1349	
717.745	4884.26822	
718.149	4748.45729	
718.552	4605.32761	
718.956	4469.19043	
719.36	4375.95093	
719.764	4342.46177	
720.167	4356.81547	
720.571	4390.30041	
720.974	4507.42061	
721.378	4600.55359	
721.781	4664.98638	
722.185	4767.52797	
722.588	4712.69136	
722.991	4703.15193	
723.394	4516.97617	
723.797	4672.14338	
724.2	4519.36494	
724.603	4528.91951	
725.006	4476.35955	
725.409	4469.19043	
725.812	4361.59964	
726.215	4332.89163	
726.618	4256.30148	
727.02	4330.49897	
727.423	4201.22028	
727.826	4244.32959	
728.228	4182.05529	
728.631	4282.63518	
729.033	4289.81603	
729.435	4301.78312	
729.838	4294.60302	
730.24	4282.63518	
730.642	4308.96276	
731.044	4337.6768	
731.446	4385.51745	
731.848	4507.42061	
732.25	4538.47329	
732.652	4581.45551	
733.054	4619.64852	
733.456	4653.05708	
733.857	4693.61171	
734.259	4729.38349	
734.661	4626.8083	
735.062	4679.29993	
735.464	4715.0761	
735.865	4738.92078	
736.267	4753.22525	
736.668	4700.76695	
737.069	4598.1665	
737.47	4655.44304	
737.872	4877.12419	
738.273	4712.69136	
738.674	4729.38349	
739.075	4581.45551	
739.476	4638.7403	
739.877	4664.98638	
740.278	4552.80247	
740.678	4452.46072	
741.079	4469.19043	
741.48	4607.71455	
741.88	4505.03159	
742.281	4296.99643	
742.681	4404.6481	
743.082	4502.64253	
743.482	4495.47504	
743.882	4416.60312	
744.283	4483.52823	
744.683	4514.58735	
745.083	4428.5569	
745.483	4464.41076	
745.883	4304.17638	
746.283	4289.81603	
746.683	4225.17193	
747.083	4162.88704	
747.483	4390.30041	
747.883	4459.63089	
748.282	4280.24146	
748.682	4237.14584	
749.082	4229.96165	
749.481	4177.26353	
749.881	4090.97693	
750.28	4251.51287	
750.679	4253.9072	
751.079	4287.42246	
751.478	4285.02884	
751.877	4117.34933	
752.276	4352.03111	
752.675	4179.65944	
753.074	4210.80155	
753.473	4114.95209	
753.872	4241.93506	
754.271	4066.99662	
754.67	4316.14195	
755.069	4158.09447	
755.467	4172.47157	
755.866	4160.49078	
756.265	4158.09447	
756.663	4273.05999	
757.062	4107.76008	
757.46	4038.21344	
757.858	4220.382	
758.257	3959.02123	
758.655	3906.19492	
759.053	3598.3344	
759.451	2977.49486	
759.849	2428.35671	
760.247	2047.43256	
760.645	1853.90925	
761.043	1677.15493	
761.441	1581.25798	
761.839	1642.74308	
762.237	1618.1545	
762.634	1655.03465	
763.032	1581.25798	
763.429	1777.85167	
763.827	1745.9364	
764.224	1836.74085	
764.622	1834.28794	
765.019	2140.36899	
765.416	2262.50801	
765.814	2301.55799	
766.211	2496.56178	
766.608	2593.91246	
767.005	2798.02891	
767.402	2950.83794	
767.799	3076.79033	
768.196	3004.1447	
768.593	3217.09171	
768.989	3062.26538	
769.386	3265.42712	
769.783	3270.25942	
770.179	3349.95996	
770.576	3330.64421	
770.972	3219.50902	
771.369	3398.23373	
771.765	3366.85831	
772.161	3236.42859	
772.558	3231.59471	
772.954	3287.1707	
773.35	3168.73363	
773.746	3217.09171	
774.142	3292.00198	
774.538	3173.57046	
774.934	3137.28866	
775.33	3122.77233	
775.726	3171.15208	
776.121	3130.03075	
776.517	3091.31321	
776.913	3067.10726	
777.308	3175.98879	
777.704	3088.89287	
778.099	3113.09364	
778.495	3079.21095	
778.89	3008.98937	
779.285	2999.2998	
779.68	3047.73834	
780.076	3132.45011	
780.471	3033.20922	
780.866	2829.58025	
781.261	2810.16524	
781.656	2853.84365	
782.051	2841.71269	
782.445	3079.21095	
782.84	2885.37717	
783.235	2972.64868	
783.63	2902.35261	
784.024	2827.15358	
784.419	2737.32475	
784.813	2747.03995	
785.208	2771.32372	
785.602	2649.84427	
785.996	2785.89109	
786.391	2747.03995	
786.785	2727.60858	
787.179	2783.46334	
787.573	2576.88327	
787.967	2523.34315	
788.361	2479.51514	
788.755	2513.60535	
789.149	2584.18187	
789.543	2525.77745	
789.936	2586.61461	
790.33	2496.56178	
790.724	2489.25645	
791.117	2406.42313	
791.511	2537.94799	
791.904	2330.83462	
792.298	2352.78601	
792.691	2335.71316	
793.084	2323.51633	
793.477	2403.98575	
793.871	2416.17203	
794.264	2247.85998	
794.657	2374.7322	
795.05	2223.44137	
795.443	2355.22473	
795.836	2367.41738	
796.228	2262.50801	
796.621	2316.19747	
797.014	2391.79789	
797.406	2272.27206	
797.799	2245.41841	
798.192	2269.83115	
798.584	2233.2096	
798.976	2355.22473	
799.369	2328.39526	
799.761	2360.10198	
800.153	2318.63715	
800.546	2191.68739	
800.938	2203.90177	
801.33	2147.70198	
801.722	2123.25637	
802.114	2206.34445	
802.506	2103.69509	
802.897	2108.58581	
803.289	2189.24432	
803.681	2098.8041	
804.073	2062.11316	
804.464	2220.99915	
804.856	2091.46712	
805.247	2071.89889	
805.639	2096.35851	
806.03	2071.89889	
806.421	1981.33971	
806.813	2076.79135	
807.204	2120.81144	
807.595	2049.87949	
807.986	1954.39878	
808.377	2071.89889	
808.768	1937.25024	
809.159	2013.16836	
809.55	1964.19644	
809.941	1939.70024	
810.331	1885.78437	
810.722	1898.04091	
811.113	1959.29775	
811.503	1782.76065	
811.894	1893.1385	
812.284	1851.45683	
812.675	1804.84757	
813.065	1819.56902	
813.455	1696.8125	
813.846	1650.11824	
814.236	1706.63957	
814.626	1610.77651	
815.016	1637.82594	
815.406	1532.03695	
815.796	1512.34028	
816.186	1433.50591	
816.575	1586.17846	
816.965	1502.49016	
817.355	1468.00537	
817.745	1423.64621	
818.134	1482.78636	
818.524	1470.46905	
818.913	1433.50591	
819.303	1544.34497	
819.692	1561.5731	
820.081	1527.11323	
820.47	1576.3372	
820.86	1551.7289	
821.249	1544.34497	
821.638	1556.65114	
822.027	1495.10179	
822.416	1421.1811	
822.805	1398.99168	
823.193	1352.12715	
823.582	1312.64086	
823.971	1450.75748	
824.36	1463.07777	
824.748	1490.17584	
825.137	1536.96038	
825.525	1502.49016	
825.914	1704.18291	
826.302	1536.96038	
826.69	1571.41612	
827.079	1514.80262	
827.467	1522.18921	
827.855	1347.19244	
828.243	1431.0411	
828.631	1379.2626	
829.019	1431.0411	
829.407	1423.64621	
829.795	1371.86294	
830.182	1384.19532	
830.57	1366.92945	
830.958	1408.8544	
831.345	1354.59439	
831.733	1408.8544	
832.12	1324.98244	
832.508	1386.66157	
832.895	1381.729	
833.283	1344.72497	
833.67	1386.66157	
834.057	1384.19532	
834.444	1445.82883	
834.831	1334.85432	
835.218	1423.64621	
835.605	1361.99565	
835.992	1369.39623	
836.379	1455.68582	
836.766	1418.71591	
837.152	1477.85966	
837.539	1468.00537	
837.926	1352.12715	
838.312	1416.25064	
838.699	1391.59384	
839.085	1534.49871	
839.472	1416.25064	
839.858	1413.78531	
840.244	1440.89989	
840.63	1329.91853	
841.017	1396.52581	
841.403	1317.57773	
841.789	1344.72497	
842.175	1413.78531	
842.561	1312.64086	
842.946	1317.57773	
843.332	1317.57773	
843.718	1216.31002	
844.104	1310.17232	
844.489	1320.04604	
844.875	1396.52581	
845.26	1317.57773	
845.646	1384.19532	
846.031	1401.45747	
846.416	1287.95192	
846.802	1352.12715	
847.187	1287.95192	
847.572	1231.13788	
847.957	1236.07987	
848.342	1292.89033	
848.727	1231.13788	
849.112	1283.0132	
849.497	1159.44363	
849.882	1171.80945	
850.266	1310.17232	
850.651	1228.66676	
851.036	1181.70068	
851.42	1199.00728	
851.805	1189.11827	
852.189	1184.17329	
852.574	1243.49227	
852.958	1144.60203	
853.342	1199.00728	
853.726	1164.3902	
854.11	1191.59064	
854.495	1072.82697	
854.879	1127.28319	
855.263	1213.83844	
855.646	1161.91696	
856.03	1144.60203	
856.414	1233.60891	
856.798	1122.33423	
857.181	1156.97023	
857.565	1105.01035	
857.949	1191.59064	
858.332	1117.38495	
858.716	1139.65419	
859.099	1334.85432	
859.482	1117.38495	
859.866	1105.01035	
860.249	1107.48543	
860.632	1100.05995	
861.015	1201.47934	
861.398	1152.02319	
861.781	1260.78513	
862.164	1137.18015	
862.547	1139.65419	
862.929	1035.67531	
863.312	1194.06294	
863.695	1010.89736	
864.077	1117.38495	
864.46	1045.58421	
864.842	1028.24279	
865.225	1107.48543	
865.607	1105.01035	
865.99	1038.15266	
866.372	899.29458	
866.754	958.83694	
867.136	983.63215	
867.518	943.95585	
867.9	1107.48543	
868.282	973.71506	
868.664	988.5902	
869.046	1000.98389	
869.428	1020.80952	
869.809	894.33055	
870.191	1055.49181	
870.573	993.54792	
870.954	986.11122	
871.336	951.39677	
871.717	1025.76511	
872.099	929.07176	
872.48	1124.80875	
872.861	938.99482	
873.242	981.153	
873.623	929.07176	
874.004	929.07176	
874.385	968.75602	
874.766	938.99482	
875.147	976.19445	
875.528	914.18468	
875.909	1023.28736	
876.29	978.67377	
876.67	929.07176	
877.051	943.95585	
877.431	981.153	
877.812	906.74001	
878.192	943.95585	
878.573	844.67168	
878.953	936.51418	
879.333	881.91899	
879.713	953.87691	
880.093	941.47537	
880.473	976.19445	
880.853	844.67168	
881.233	946.43624	
881.613	981.153	
881.993	936.51418	
882.373	929.07176	
882.753	891.8484	
883.132	938.99482	
883.512	867.02235	
883.891	864.53928	
884.271	943.95585	
884.65	857.08956	
885.029	844.67168	
885.409	948.91654	
885.788	981.153	
886.167	936.51418	
886.546	1018.33161	
886.925	1005.94079	
887.304	958.83694	
887.683	1015.85361	
888.062	978.67377	
888.441	1053.01503	
888.82	973.71506	
889.198	938.99482	
889.577	1023.28736	
889.955	983.63215	
890.334	1040.62993	
890.712	996.02666	
891.091	1107.48543	
891.469	1035.67531	
891.847	1025.76511	
892.226	896.81261	
892.604	904.25828	
892.982	879.43643	
893.36	948.91654	
893.738	983.63215	
894.116	1003.46238	
894.493	961.31683	
894.871	919.14737	
895.249	804.92018	
895.627	867.02235	
896.004	777.57833	
896.382	777.57833	
896.759	814.8601	
897.137	693.00111	
897.514	690.51202	
897.891	790.00773	
898.269	790.00773	
898.646	762.66022	
899.023	742.76456	
899.4	785.03623	
899.777	695.49011	
900.154	670.59616	
900.531	688.02285	
900.908	663.12625	
901.284	618.29014	
901.661	618.29014	
902.038	680.55479	
902.414	645.6934	
902.791	683.04423	
903.167	655.65556	
903.544	690.51202	
903.92	655.65556	
904.296	678.06527	
904.672	603.33838	
905.049	712.91068	
905.425	675.57565	
905.801	658.14588	
906.177	665.61631	
906.553	653.16515	
906.929	702.95659	
907.304	623.27335	
907.68	625.76482	
908.056	658.14588	
908.431	643.20264	
908.807	633.2387	
909.182	578.41163	
909.558	578.41163	
909.933	660.63611	
910.309	583.39769	
910.684	603.33838	
911.059	615.79841	
911.434	575.91846	
911.809	595.86129	
912.184	568.43841	
912.559	543.49908	
912.934	603.33838	
913.309	578.41163	
913.684	603.33838	
914.058	565.94489	
914.433	608.32266	
914.808	608.32266	
915.182	615.79841	
915.557	558.46376	
915.931	578.41163	
916.305	536.01552	
916.68	640.71179	
917.054	578.41163	
917.428	560.95756	
917.802	605.83056	
918.176	623.27335	
918.55	545.99342	
918.924	486.1042	
919.298	575.91846	
919.672	518.5507	
920.045	538.51013	
920.419	563.45127	
920.793	568.43841	
921.166	538.51013	
921.54	511.06442	
921.913	600.84611	
922.287	608.32266	
922.66	541.00465	
923.033	565.94489	
923.406	511.06442	
923.78	560.95756	
924.153	610.81466	
924.526	531.02602	
924.899	578.41163	
925.271	550.98183	
925.644	516.05536	
926.017	496.08939	
926.39	486.1042	
926.762	536.01552	
927.135	501.08143	
927.508	518.5507	
927.88	583.39769	
928.252	593.36875	
928.625	548.48767	
928.997	580.9047	
929.369	541.00465	
929.741	503.57731	
930.114	538.51013	
930.486	481.11106	
930.858	471.12368	
931.229	406.16973	
931.601	508.56881	
931.973	541.00465	
932.345	496.08939	
932.717	451.14451	
933.088	518.5507	
933.46	501.08143	
933.831	466.12944	
934.203	343.65458	
934.574	396.17124	
934.945	441.15271	
935.317	416.16672	
935.688	393.67139	
936.059	358.66357	
936.43	453.64223	
936.801	411.16841	
937.172	423.66349	
937.543	303.61393	
937.914	386.17126	
938.284	398.671	
938.655	411.16841	
939.026	443.6508	
939.396	383.67103	
939.767	458.63739	
940.137	491.09698	
940.508	421.16466	
940.878	388.67139	
941.248	448.6467	
941.618	426.16223	
941.989	376.16978	
942.359	396.17124	
942.729	446.14879	
943.099	386.17126	
943.469	448.6467	
943.838	468.62661	
944.208	458.63739	
944.578	388.67139	
944.948	393.67139	
945.317	446.14879	
945.687	371.16848	
946.056	406.16973	
946.426	386.17126	
946.795	463.63218	
947.164	388.67139	
947.533	396.17124	
947.903	438.65453	
948.272	403.67025	
948.641	343.65458	
949.01	451.14451	
949.379	388.67139	
949.748	446.14879	
950.116	473.62067	
950.485	473.62067	
950.854	391.17144	
951.222	451.14451	
951.591	373.66917	
951.959	403.67025	
952.328	433.65789	
952.696	411.16841	
953.065	356.16231	
953.433	373.66917	
953.801	388.67139	
954.169	378.67029	
954.537	421.16466	
954.905	413.66761	
955.273	463.63218	
955.641	351.1595	
956.009	356.16231	
956.377	416.16672	
956.744	368.66768	
957.112	398.671	
957.479	496.08939	
957.847	408.66912	
958.214	363.66582	
958.582	386.17126	
958.949	376.16978	
959.316	393.67139	
959.684	431.15943	
960.051	463.63218	
960.418	313.62637	
960.785	463.63218	
961.152	338.65083	
961.519	411.16841	
961.885	458.63739	
962.252	343.65458	
962.619	413.66761	
962.986	426.16223	
963.352	406.16973	
963.719	451.14451	
964.085	408.66912	
964.452	398.671	
964.818	498.58545	
965.184	423.66349	
965.55	341.15275	
965.916	381.17071	
966.283	376.16978	
966.649	371.16848	
967.015	403.67025	
967.38	441.15271	
967.746	436.15625	
968.112	378.67029	
968.478	411.16841	
968.843	293.59996	
969.209	386.17126	
969.575	413.66761	
969.94	406.16973	
970.305	336.14881	
970.671	413.66761	
971.036	363.66582	
971.401	458.63739	
971.766	403.67025	
972.132	463.63218	
972.497	403.67025	
972.862	388.67139	
973.227	456.13986	
973.591	478.61436	
973.956	478.61436	
974.321	378.67029	
974.686	471.12368	
975.05	343.65458	
975.415	476.11756	
975.779	396.17124	
976.144	396.17124	
976.508	481.11106	
976.872	388.67139	
977.236	363.66582	
977.601	383.67103	
977.965	468.62661	
978.329	381.17071	
978.693	331.14449	
979.057	378.67029	
979.421	493.59323	
979.784	381.17071	
980.148	411.16841	
980.512	406.16973	
980.875	446.14879	
981.239	438.65453	
981.602	366.1668	
981.966	351.1595	
982.329	423.66349	
982.692	318.63202	
983.056	416.16672	
983.419	403.67025	
983.782	396.17124	
984.145	388.67139	
984.508	406.16973	
984.871	453.64223	
985.234	478.61436	
985.597	483.60768	
985.959	401.17067	
986.322	423.66349	
986.685	413.66761	
987.047	331.14449	
987.41	433.65789	
987.772	351.1595	
988.134	468.62661	
988.497	418.66574	
988.859	416.16672	
989.221	438.65453	
989.583	411.16841	
989.945	436.15625	
990.307	466.12944	
990.669	443.6508	
991.031	426.16223	
991.393	371.16848	
991.755	353.66095	
992.116	443.6508	
992.478	398.671	
992.839	398.671	
993.201	341.15275	
993.562	428.66088	
993.924	453.64223	
994.285	416.16672	
994.646	341.15275	
995.007	451.14451	
995.369	471.12368	
995.73	323.63729	
996.091	388.67139	
996.451	386.17126	
996.812	456.13986	
997.173	431.15943	
997.534	458.63739	
997.895	441.15271	
998.255	443.6508	
998.616	403.67025	
998.976	411.16841	
999.337	436.15625	
999.697	411.16841	
1000.057	468.62661	
1000.418	468.62661	
1000.778	386.17126	
1001.138	403.67025	
1001.498	411.16841	
1001.858	326.13979	
1002.218	386.17126	
1002.578	388.67139	
1002.937	463.63218	
1003.297	466.12944	
1003.657	403.67025	
1004.016	388.67139	
1004.376	336.14881	
1004.735	448.6467	
1005.095	378.67029	
1005.454	493.59323	
1005.813	376.16978	
1006.173	403.67025	
1006.532	376.16978	
1006.891	341.15275	
1007.25	368.66768	
1007.609	383.67103	
1007.968	348.65796	
1008.327	403.67025	
1008.686	386.17126	
1009.044	386.17126	
1009.403	378.67029	
1009.762	431.15943	
1010.12	338.65083	
1010.479	418.66574	
1010.837	478.61436	
1011.195	361.16474	
1011.554	336.14881	
1011.912	466.12944	
1012.27	411.16841	
1012.628	396.17124	
1012.986	411.16841	
1013.344	398.671	
1013.702	333.6467	
1014.06	446.14879	
1014.418	448.6467	
1014.775	346.15632	
1015.133	366.1668	
1015.491	398.671	
1015.848	378.67029	
1016.206	366.1668	
1016.563	398.671	
1016.92	363.66582	
1017.278	456.13986	
1017.635	386.17126	
1017.992	383.67103	
1018.349	291.09623	
1018.706	478.61436	
1019.063	398.671	
1019.42	353.66095	
1019.777	383.67103	
1020.134	371.16848	
1020.49	331.14449	
1020.847	336.14881	
1021.203	388.67139	
1021.56	398.671	
1021.916	366.1668	
1022.273	421.16466	
1022.629	398.671	
1022.985	401.17067	
1023.342	431.15943	
1023.698	373.66917	
1024.054	301.11058	
1024.41	381.17071	
1024.766	416.16672	
1025.122	411.16841	
1025.477	373.66917	
1025.833	411.16841	
1026.189	356.16231	
1026.545	393.67139	
1026.9	386.17126	
1027.256	363.66582	
1027.611	416.16672	
1027.966	348.65796	
1028.322	393.67139	
1028.677	418.66574	
1029.032	388.67139	
1029.387	348.65796	
1029.742	381.17071	
1030.097	328.64218	
1030.452	381.17071	
1030.807	346.15632	
1031.162	371.16848	
1031.517	296.1036	
1031.871	371.16848	
1032.226	381.17071	
1032.581	381.17071	
1032.935	381.17071	
