FLMS05510_1:101		
187.856	38.5028	
188.32	38.5028	
188.785	38.5028	
189.249	-49.53884	
189.713	-72.19849	
190.178	-19.339	
190.642	-67.16228	
191.106	-92.34746	
191.57	-115.02305	
192.034	-99.90505	
192.498	-130.14483	
192.963	28.44722	
193.427	-14.30713	
193.89	3.30118	
194.354	-14.30713	
194.818	51.06998	
195.282	46.04341	
195.746	48.55675	
196.21	128.93045	
196.673	88.75642	
197.137	156.53535	
197.601	58.60908	
198.064	216.72291	
198.528	226.7487	
198.991	191.65161	
199.454	289.37486	
199.918	216.72291	
200.381	224.2424	
200.844	224.2424	
201.308	261.82677	
201.771	276.85444	
202.234	284.36698	
202.697	399.45216	
203.16	324.41933	
203.623	416.94768	
204.086	344.43638	
204.549	314.40853	
205.012	376.9512	
205.475	319.41412	
205.938	404.45134	
206.4	309.40256	
206.863	344.43638	
207.326	364.44738	
207.788	411.94942	
208.251	334.42862	
208.714	341.93458	
209.176	319.41412	
209.639	424.44436	
210.101	351.94122	
210.563	444.43143	
211.026	376.9512	
211.488	376.9512	
211.95	349.4397	
212.412	321.91678	
212.874	369.44919	
213.337	309.40256	
213.799	359.4452	
214.261	356.94397	
214.723	371.94995	
215.184	341.93458	
215.646	296.88596	
216.108	331.92644	
216.57	334.42862	
217.032	346.93809	
217.493	321.91678	
217.955	359.4452	
218.417	331.92644	
218.878	344.43638	
219.34	239.27876	
219.801	331.92644	
220.263	341.93458	
220.724	256.81678	
221.185	309.40256	
221.647	276.85444	
222.108	336.9307	
222.569	316.91138	
223.03	324.41933	
223.491	311.90559	
223.952	359.4452	
224.413	374.45062	
224.874	349.4397	
225.335	219.2295	
225.796	251.8064	
226.257	381.95207	
226.718	304.39621	
227.179	301.89289	
227.639	351.94122	
228.1	296.88596	
228.561	386.95256	
229.021	394.4526	
229.482	351.94122	
229.942	261.82677	
230.403	354.44264	
230.863	374.45062	
231.323	349.4397	
231.784	286.87097	
232.244	311.90559	
232.704	414.4486	
233.164	309.40256	
233.625	326.9218	
234.085	334.42862	
234.545	341.93458	
235.005	389.45267	
235.465	351.94122	
235.925	284.36698	
236.384	279.35872	
236.844	376.9512	
237.304	391.95268	
237.764	301.89289	
238.223	349.4397	
238.683	396.95243	
239.143	334.42862	
239.602	286.87097	
240.062	296.88596	
240.521	341.93458	
240.98	344.43638	
241.44	339.43269	
241.899	359.4452	
242.358	284.36698	
242.818	356.94397	
243.277	454.42275	
243.736	386.95256	
244.195	371.94995	
244.654	269.34104	
245.113	364.44738	
245.572	264.33162	
246.031	394.4526	
246.49	321.91678	
246.949	356.94397	
247.408	334.42862	
247.866	399.45216	
248.325	304.39621	
248.784	356.94397	
249.242	354.44264	
249.701	404.45134	
250.159	431.94021	
250.618	374.45062	
251.076	349.4397	
251.534	314.40853	
251.993	309.40256	
252.451	321.91678	
252.909	364.44738	
253.368	306.89943	
253.826	339.43269	
254.284	306.89943	
254.742	326.9218	
255.2	289.37486	
255.658	294.38236	
256.116	336.9307	
256.574	404.45134	
257.031	349.4397	
257.489	331.92644	
257.947	369.44919	
258.405	359.4452	
258.862	269.34104	
259.32	326.9218	
259.777	381.95207	
260.235	336.9307	
260.692	291.87866	
261.15	316.91138	
261.607	364.44738	
262.065	376.9512	
262.522	339.43269	
262.979	331.92644	
263.436	374.45062	
263.893	299.38948	
264.351	349.4397	
264.808	421.94556	
265.265	291.87866	
265.722	429.44168	
266.178	411.94942	
266.635	336.9307	
267.092	356.94397	
267.549	326.9218	
268.006	396.95243	
268.462	361.94634	
268.919	359.4452	
269.376	354.44264	
269.832	369.44919	
270.289	354.44264	
270.745	346.93809	
271.202	426.94307	
271.658	349.4397	
272.114	376.9512	
272.571	324.41933	
273.027	404.45134	
273.483	389.45267	
273.939	321.91678	
274.395	349.4397	
274.851	394.4526	
275.307	379.45168	
275.763	371.94995	
276.219	311.90559	
276.675	356.94397	
277.131	384.45236	
277.587	316.91138	
278.042	361.94634	
278.498	326.9218	
278.954	344.43638	
279.409	369.44919	
279.865	399.45216	
280.32	366.94833	
280.776	389.45267	
281.231	394.4526	
281.687	366.94833	
282.142	341.93458	
282.597	369.44919	
283.052	386.95256	
283.508	434.43864	
283.963	404.45134	
284.418	376.9512	
284.873	376.9512	
285.328	319.41412	
285.783	389.45267	
286.238	424.44436	
286.693	254.31163	
287.147	294.38236	
287.602	276.85444	
288.057	386.95256	
288.512	399.45216	
288.966	389.45267	
289.421	329.42416	
289.875	364.44738	
290.33	359.4452	
290.784	321.91678	
291.239	396.95243	
291.693	411.94942	
292.147	379.45168	
292.602	426.94307	
293.056	351.94122	
293.51	384.45236	
293.964	406.9508	
294.418	381.95207	
294.872	429.44168	
295.326	326.9218	
295.78	314.40853	
296.234	409.45016	
296.688	356.94397	
297.142	336.9307	
297.595	309.40256	
298.049	439.43522	
298.503	316.91138	
298.956	404.45134	
299.41	294.38236	
299.863	356.94397	
300.317	371.94995	
300.77	409.45016	
301.224	369.44919	
301.677	399.45216	
302.13	359.4452	
302.584	311.90559	
303.037	421.94556	
303.49	346.93809	
303.943	381.95207	
304.396	341.93458	
304.849	306.89943	
305.302	401.9518	
305.755	354.44264	
306.208	381.95207	
306.661	351.94122	
307.114	349.4397	
307.566	351.94122	
308.019	304.39621	
308.472	361.94634	
308.924	416.94768	
309.377	376.9512	
309.829	421.94556	
310.282	344.43638	
310.734	366.94833	
311.187	384.45236	
311.639	299.38948	
312.091	391.95268	
312.543	379.45168	
312.995	419.44666	
313.448	414.4486	
313.9	391.95268	
314.352	371.94995	
314.804	421.94556	
315.256	321.91678	
315.708	404.45134	
316.159	356.94397	
316.611	351.94122	
317.063	386.95256	
317.515	391.95268	
317.966	414.4486	
318.418	389.45267	
318.87	306.89943	
319.321	409.45016	
319.773	451.92506	
320.224	379.45168	
320.675	321.91678	
321.127	314.40853	
321.578	446.9294	
322.029	356.94397	
322.48	406.9508	
322.932	441.93337	
323.383	394.4526	
323.834	419.44666	
324.285	349.4397	
324.736	434.43864	
325.187	351.94122	
325.638	354.44264	
326.088	416.94768	
326.539	301.89289	
326.99	419.44666	
327.441	346.93809	
327.891	384.45236	
328.342	444.43143	
328.792	396.95243	
329.243	356.94397	
329.693	429.44168	
330.144	504.35726	
330.594	349.4397	
331.044	434.43864	
331.495	414.4486	
331.945	356.94397	
332.395	369.44919	
332.845	356.94397	
333.295	399.45216	
333.745	324.41933	
334.195	309.40256	
334.645	391.95268	
335.095	359.4452	
335.545	366.94833	
335.995	389.45267	
336.444	351.94122	
336.894	336.9307	
337.344	331.92644	
337.793	464.41259	
338.243	416.94768	
338.692	361.94634	
339.142	329.42416	
339.591	316.91138	
340.041	369.44919	
340.49	384.45236	
340.939	426.94307	
341.388	401.9518	
341.838	354.44264	
342.287	386.95256	
342.736	329.42416	
343.185	394.4526	
343.634	346.93809	
344.083	414.4486	
344.532	369.44919	
344.981	346.93809	
345.429	384.45236	
345.878	409.45016	
346.327	359.4452	
346.776	421.94556	
347.224	369.44919	
347.673	434.43864	
348.121	341.93458	
348.57	461.91527	
349.018	406.9508	
349.467	371.94995	
349.915	389.45267	
350.363	396.95243	
350.811	381.95207	
351.26	359.4452	
351.708	361.94634	
352.156	331.92644	
352.604	389.45267	
353.052	331.92644	
353.5	381.95207	
353.948	386.95256	
354.396	326.9218	
354.843	351.94122	
355.291	401.9518	
355.739	391.95268	
356.186	354.44264	
356.634	334.42862	
357.082	331.92644	
357.529	406.9508	
357.977	421.94556	
358.424	349.4397	
358.871	399.45216	
359.319	321.91678	
359.766	409.45016	
360.213	421.94556	
360.661	411.94942	
361.108	411.94942	
361.555	316.91138	
362.002	361.94634	
362.449	391.95268	
362.896	381.95207	
363.343	401.9518	
363.79	344.43638	
364.236	426.94307	
364.683	451.92506	
365.13	416.94768	
365.577	406.9508	
366.023	434.43864	
366.47	414.4486	
366.916	381.95207	
367.363	429.44168	
367.809	404.45134	
368.256	359.4452	
368.702	414.4486	
369.148	441.93337	
369.594	441.93337	
370.041	389.45267	
370.487	411.94942	
370.933	359.4452	
371.379	316.91138	
371.825	371.94995	
372.271	451.92506	
372.717	426.94307	
373.163	411.94942	
373.608	374.45062	
374.054	316.91138	
374.5	351.94122	
374.946	449.42727	
375.391	301.89289	
375.837	284.36698	
376.282	399.45216	
376.728	356.94397	
377.173	446.9294	
377.618	381.95207	
378.064	359.4452	
378.509	356.94397	
378.954	334.42862	
379.4	389.45267	
379.845	446.9294	
380.29	391.95268	
380.735	449.42727	
381.18	404.45134	
381.625	401.9518	
382.07	369.44919	
382.514	301.89289	
382.959	321.91678	
383.404	374.45062	
383.849	371.94995	
384.293	421.94556	
384.738	386.95256	
385.183	436.93697	
385.627	374.45062	
386.072	351.94122	
386.516	446.9294	
386.96	359.4452	
387.405	369.44919	
387.849	354.44264	
388.293	371.94995	
388.737	414.4486	
389.181	391.95268	
389.626	371.94995	
390.07	364.44738	
390.514	391.95268	
390.957	359.4452	
391.401	401.9518	
391.845	391.95268	
392.289	324.41933	
392.733	371.94995	
393.176	376.9512	
393.62	361.94634	
394.064	371.94995	
394.507	379.45168	
394.951	416.94768	
395.394	364.44738	
395.838	346.93809	
396.281	481.89127	
396.724	376.9512	
397.168	359.4452	
397.611	359.4452	
398.054	369.44919	
398.497	426.94307	
398.94	464.41259	
399.383	311.90559	
399.826	411.94942	
400.269	361.94634	
400.712	479.39459	
401.155	414.4486	
401.597	411.94942	
402.04	386.95256	
402.483	341.93458	
402.925	426.94307	
403.368	444.43143	
403.811	391.95268	
404.253	364.44738	
404.696	396.95243	
405.138	384.45236	
405.58	404.45134	
406.023	426.94307	
406.465	389.45267	
406.907	454.42275	
407.349	369.44919	
407.791	384.45236	
408.233	434.43864	
408.675	366.94833	
409.117	409.45016	
409.559	376.9512	
410.001	364.44738	
410.443	389.45267	
410.885	304.39621	
411.326	411.94942	
411.768	414.4486	
412.21	444.43143	
412.651	456.92035	
413.093	389.45267	
413.534	391.95268	
413.975	419.44666	
414.417	299.38948	
414.858	414.4486	
415.299	421.94556	
415.741	391.95268	
416.182	366.94833	
416.623	371.94995	
417.064	384.45236	
417.505	426.94307	
417.946	371.94995	
418.387	334.42862	
418.828	376.9512	
419.269	329.42416	
419.709	379.45168	
420.15	411.94942	
420.591	389.45267	
421.031	364.44738	
421.472	376.9512	
421.913	371.94995	
422.353	376.9512	
422.794	336.9307	
423.234	324.41933	
423.674	454.42275	
424.115	451.92506	
424.555	424.44436	
424.995	309.40256	
425.435	309.40256	
425.875	409.45016	
426.315	411.94942	
426.755	384.45236	
427.195	401.9518	
427.635	361.94634	
428.075	341.93458	
428.515	411.94942	
428.955	409.45016	
429.394	456.92035	
429.834	346.93809	
430.274	381.95207	
430.713	406.9508	
431.153	396.95243	
431.592	409.45016	
432.031	399.45216	
432.471	421.94556	
432.91	444.43143	
433.349	469.40696	
433.789	426.94307	
434.228	421.94556	
434.667	346.93809	
435.106	309.40256	
435.545	416.94768	
435.984	449.42727	
436.423	406.9508	
436.862	409.45016	
437.301	371.94995	
437.739	404.45134	
438.178	471.904	
438.617	399.45216	
439.055	386.95256	
439.494	396.95243	
439.932	409.45016	
440.371	411.94942	
440.809	481.89127	
441.248	389.45267	
441.686	424.44436	
442.124	346.93809	
442.563	396.95243	
443.001	411.94942	
443.439	336.9307	
443.877	414.4486	
444.315	364.44738	
444.753	444.43143	
445.191	386.95256	
445.629	354.44264	
446.067	494.37329	
446.504	434.43864	
446.942	339.43269	
447.38	379.45168	
447.817	389.45267	
448.255	399.45216	
448.693	399.45216	
449.13	396.95243	
449.568	321.91678	
450.005	436.93697	
450.442	356.94397	
450.88	411.94942	
451.317	424.44436	
451.754	446.9294	
452.191	494.37329	
452.628	454.42275	
453.065	401.9518	
453.502	479.39459	
453.939	484.38785	
454.376	409.45016	
454.813	349.4397	
455.25	391.95268	
455.686	441.93337	
456.123	399.45216	
456.56	456.92035	
456.996	376.9512	
457.433	396.95243	
457.869	371.94995	
458.306	371.94995	
458.742	314.40853	
459.179	409.45016	
459.615	404.45134	
460.051	431.94021	
460.487	381.95207	
460.924	349.4397	
461.36	411.94942	
461.796	484.38785	
462.232	411.94942	
462.668	416.94768	
463.104	396.95243	
463.539	391.95268	
463.975	309.40256	
464.411	401.9518	
464.847	384.45236	
465.282	349.4397	
465.718	421.94556	
466.153	456.92035	
466.589	406.9508	
467.024	424.44436	
467.46	396.95243	
467.895	396.95243	
468.33	419.44666	
468.766	409.45016	
469.201	434.43864	
469.636	374.45062	
470.071	409.45016	
470.506	366.94833	
470.941	361.94634	
471.376	434.43864	
471.811	409.45016	
472.246	376.9512	
472.681	419.44666	
473.115	401.9518	
473.55	374.45062	
473.985	406.9508	
474.419	324.41933	
474.854	441.93337	
475.288	451.92506	
475.723	419.44666	
476.157	424.44436	
476.592	414.4486	
477.026	341.93458	
477.46	401.9518	
477.894	456.92035	
478.329	424.44436	
478.763	379.45168	
479.197	476.89782	
479.631	461.91527	
480.065	419.44666	
480.499	404.45134	
480.932	446.9294	
481.366	424.44436	
481.8	406.9508	
482.234	436.93697	
482.667	379.45168	
483.101	379.45168	
483.535	354.44264	
483.968	444.43143	
484.401	404.45134	
484.835	376.9512	
485.268	336.9307	
485.702	364.44738	
486.135	394.4526	
486.568	489.38075	
487.001	414.4486	
487.434	399.45216	
487.867	374.45062	
488.3	409.45016	
488.733	371.94995	
489.166	414.4486	
489.599	411.94942	
490.032	389.45267	
490.464	416.94768	
490.897	416.94768	
491.33	359.4452	
491.762	411.94942	
492.195	326.9218	
492.627	424.44436	
493.06	359.4452	
493.492	336.9307	
493.925	446.9294	
494.357	349.4397	
494.789	429.44168	
495.221	351.94122	
495.653	419.44666	
496.086	404.45134	
496.518	441.93337	
496.95	426.94307	
497.382	376.9512	
497.813	416.94768	
498.245	369.44919	
498.677	481.89127	
499.109	359.4452	
499.54	429.44168	
499.972	389.45267	
500.404	436.93697	
500.835	371.94995	
501.267	446.9294	
501.698	451.92506	
502.129	396.95243	
502.561	389.45267	
502.992	441.93337	
503.423	409.45016	
503.855	431.94021	
504.286	384.45236	
504.717	346.93809	
505.148	411.94942	
505.579	436.93697	
506.01	371.94995	
506.441	444.43143	
506.871	399.45216	
507.302	436.93697	
507.733	384.45236	
508.163	346.93809	
508.594	494.37329	
509.025	411.94942	
509.455	459.41785	
509.886	484.38785	
510.316	449.42727	
510.746	364.44738	
511.177	516.83517	
511.607	426.94307	
512.037	394.4526	
512.467	421.94556	
512.898	384.45236	
513.328	369.44919	
513.758	404.45134	
514.188	444.43143	
514.617	441.93337	
515.047	479.39459	
515.477	426.94307	
515.907	494.37329	
516.337	404.45134	
516.766	416.94768	
517.196	351.94122	
517.625	414.4486	
518.055	359.4452	
518.484	434.43864	
518.914	444.43143	
519.343	391.95268	
519.772	359.4452	
520.202	436.93697	
520.631	369.44919	
521.06	354.44264	
521.489	411.94942	
521.918	376.9512	
522.347	379.45168	
522.776	426.94307	
523.205	384.45236	
523.634	421.94556	
524.063	379.45168	
524.491	436.93697	
524.92	339.43269	
525.349	424.44436	
525.777	356.94397	
526.206	421.94556	
526.634	304.39621	
527.063	341.93458	
527.491	464.41259	
527.919	344.43638	
528.348	471.904	
528.776	339.43269	
529.204	416.94768	
529.632	429.44168	
530.06	369.44919	
530.488	486.88435	
530.916	486.88435	
531.344	404.45134	
531.772	336.9307	
532.2	436.93697	
532.627	399.45216	
533.055	419.44666	
533.483	254.31163	
533.91	469.40696	
534.338	459.41785	
534.765	406.9508	
535.193	381.95207	
535.62	399.45216	
536.048	341.93458	
536.475	436.93697	
536.902	404.45134	
537.329	471.904	
537.757	431.94021	
538.184	406.9508	
538.611	449.42727	
539.038	409.45016	
539.465	391.95268	
539.892	411.94942	
540.318	394.4526	
540.745	396.95243	
541.172	391.95268	
541.599	441.93337	
542.025	436.93697	
542.452	464.41259	
542.878	409.45016	
543.305	361.94634	
543.731	391.95268	
544.158	479.39459	
544.584	389.45267	
545.01	471.904	
545.436	456.92035	
545.862	446.9294	
546.289	426.94307	
546.715	441.93337	
547.141	466.90982	
547.567	429.44168	
547.993	419.44666	
548.418	439.43522	
548.844	486.88435	
549.27	419.44666	
549.696	486.88435	
550.121	386.95256	
550.547	451.92506	
550.972	404.45134	
551.398	351.94122	
551.823	394.4526	
552.249	429.44168	
552.674	466.90982	
553.099	414.4486	
553.525	441.93337	
553.95	329.42416	
554.375	341.93458	
554.8	344.43638	
555.225	344.43638	
555.65	376.9512	
556.075	436.93697	
556.5	421.94556	
556.925	404.45134	
557.349	439.43522	
557.774	424.44436	
558.199	304.39621	
558.623	361.94634	
559.048	284.36698	
559.472	371.94995	
559.897	359.4452	
560.321	429.44168	
560.746	416.94768	
561.17	454.42275	
561.594	426.94307	
562.018	366.94833	
562.443	411.94942	
562.867	399.45216	
563.291	404.45134	
563.715	364.44738	
564.139	394.4526	
564.562	406.9508	
564.986	446.9294	
565.41	359.4452	
565.834	364.44738	
566.257	369.44919	
566.681	444.43143	
567.105	334.42862	
567.528	501.8614	
567.952	399.45216	
568.375	361.94634	
568.798	404.45134	
569.222	449.42727	
569.645	366.94833	
570.068	416.94768	
570.491	426.94307	
570.914	444.43143	
571.337	451.92506	
571.76	424.44436	
572.183	394.4526	
572.606	389.45267	
573.029	304.39621	
573.452	376.9512	
573.875	419.44666	
574.297	379.45168	
574.72	406.9508	
575.143	399.45216	
575.565	414.4486	
575.988	336.9307	
576.41	371.94995	
576.832	369.44919	
577.255	406.9508	
577.677	364.44738	
578.099	354.44264	
578.521	381.95207	
578.943	366.94833	
579.365	389.45267	
579.787	374.45062	
580.209	419.44666	
580.631	406.9508	
581.053	399.45216	
581.475	341.93458	
581.897	429.44168	
582.318	441.93337	
582.74	429.44168	
583.162	351.94122	
583.583	416.94768	
584.005	291.87866	
584.426	351.94122	
584.847	396.95243	
585.269	431.94021	
585.69	389.45267	
586.111	346.93809	
586.532	381.95207	
586.954	404.45134	
587.375	446.9294	
587.796	386.95256	
588.217	349.4397	
588.637	426.94307	
589.058	434.43864	
589.479	414.4486	
589.9	294.38236	
590.32	466.90982	
590.741	439.43522	
591.162	374.45062	
591.582	379.45168	
592.003	269.34104	
592.423	389.45267	
592.844	366.94833	
593.264	419.44666	
593.684	431.94021	
594.104	371.94995	
594.524	391.95268	
594.945	449.42727	
595.365	431.94021	
595.785	391.95268	
596.205	446.9294	
596.625	411.94942	
597.044	416.94768	
597.464	416.94768	
597.884	381.95207	
598.304	429.44168	
598.723	396.95243	
599.143	439.43522	
599.562	409.45016	
599.982	436.93697	
600.401	411.94942	
600.821	424.44436	
601.24	391.95268	
601.659	376.9512	
602.078	364.44738	
602.498	371.94995	
602.917	429.44168	
603.336	356.94397	
603.755	339.43269	
604.174	399.45216	
604.593	411.94942	
605.011	491.87707	
605.43	504.35726	
605.849	341.93458	
606.268	386.95256	
606.686	391.95268	
607.105	371.94995	
607.523	344.43638	
607.942	361.94634	
608.36	439.43522	
608.779	451.92506	
609.197	331.92644	
609.615	359.4452	
610.033	396.95243	
610.451	376.9512	
610.87	446.9294	
611.288	441.93337	
611.706	421.94556	
612.124	504.35726	
612.541	449.42727	
612.959	419.44666	
613.377	431.94021	
613.795	456.92035	
614.212	429.44168	
614.63	406.9508	
615.048	431.94021	
615.465	406.9508	
615.883	394.4526	
616.3	371.94995	
616.717	389.45267	
617.135	361.94634	
617.552	399.45216	
617.969	414.4486	
618.386	401.9518	
618.803	371.94995	
619.22	456.92035	
619.637	406.9508	
620.054	364.44738	
620.471	336.9307	
620.888	356.94397	
621.305	389.45267	
621.721	389.45267	
622.138	459.41785	
622.555	484.38785	
622.971	374.45062	
623.388	371.94995	
623.804	356.94397	
624.221	486.88435	
624.637	394.4526	
625.053	379.45168	
625.47	401.9518	
625.886	414.4486	
626.302	424.44436	
626.718	389.45267	
627.134	356.94397	
627.55	351.94122	
627.966	429.44168	
628.382	459.41785	
628.797	376.9512	
629.213	354.44264	
629.629	381.95207	
630.045	401.9518	
630.46	346.93809	
630.876	464.41259	
631.291	374.45062	
631.707	446.9294	
632.122	336.9307	
632.537	379.45168	
632.953	409.45016	
633.368	349.4397	
633.783	404.45134	
634.198	374.45062	
634.613	376.9512	
635.028	391.95268	
635.443	316.91138	
635.858	369.44919	
636.273	369.44919	
636.688	344.43638	
637.102	411.94942	
637.517	344.43638	
637.932	376.9512	
638.346	316.91138	
638.761	489.38075	
639.175	416.94768	
639.59	419.44666	
640.004	374.45062	
640.418	404.45134	
640.832	391.95268	
641.247	309.40256	
641.661	426.94307	
642.075	384.45236	
642.489	384.45236	
642.903	416.94768	
643.317	396.95243	
643.731	464.41259	
644.145	404.45134	
644.558	379.45168	
644.972	384.45236	
645.386	499.36545	
645.799	399.45216	
646.213	339.43269	
646.626	346.93809	
647.04	479.39459	
647.453	406.9508	
647.866	446.9294	
648.28	351.94122	
648.693	374.45062	
649.106	326.9218	
649.519	439.43522	
649.932	429.44168	
650.345	386.95256	
650.758	319.41412	
651.171	444.43143	
651.584	386.95256	
651.997	371.94995	
652.41	359.4452	
652.822	361.94634	
653.235	399.45216	
653.647	404.45134	
654.06	371.94995	
654.472	396.95243	
654.885	391.95268	
655.297	376.9512	
655.71	404.45134	
656.122	371.94995	
656.534	364.44738	
656.946	431.94021	
657.358	409.45016	
657.77	399.45216	
658.182	341.93458	
658.594	419.44666	
659.006	416.94768	
659.418	361.94634	
659.83	381.95207	
660.241	396.95243	
660.653	361.94634	
661.065	399.45216	
661.476	436.93697	
661.888	376.9512	
662.299	329.42416	
662.71	416.94768	
663.122	381.95207	
663.533	434.43864	
663.944	424.44436	
664.355	406.9508	
664.767	389.45267	
665.178	401.9518	
665.589	389.45267	
666	364.44738	
666.41	369.44919	
666.821	416.94768	
667.232	421.94556	
667.643	381.95207	
668.053	414.4486	
668.464	471.904	
668.875	449.42727	
669.285	441.93337	
669.696	401.9518	
670.106	429.44168	
670.516	331.92644	
670.927	356.94397	
671.337	471.904	
671.747	391.95268	
672.157	396.95243	
672.567	366.94833	
672.977	409.45016	
673.387	376.9512	
673.797	436.93697	
674.207	454.42275	
674.617	344.43638	
675.027	436.93697	
675.436	409.45016	
675.846	394.4526	
676.256	344.43638	
676.665	419.44666	
677.075	389.45267	
677.484	391.95268	
677.893	339.43269	
678.303	384.45236	
678.712	421.94556	
679.121	431.94021	
679.53	361.94634	
679.939	376.9512	
680.348	389.45267	
680.757	351.94122	
681.166	361.94634	
681.575	416.94768	
681.984	469.40696	
682.393	361.94634	
682.802	361.94634	
683.21	376.9512	
683.619	439.43522	
684.027	381.95207	
684.436	386.95256	
684.844	381.95207	
685.253	419.44666	
685.661	401.9518	
686.069	396.95243	
686.477	384.45236	
686.886	361.94634	
687.294	396.95243	
687.702	401.9518	
688.11	419.44666	
688.518	434.43864	
688.926	386.95256	
689.333	359.4452	
689.741	421.94556	
690.149	386.95256	
690.557	414.4486	
690.964	359.4452	
691.372	361.94634	
691.779	446.9294	
692.187	374.45062	
692.594	429.44168	
693.001	421.94556	
693.409	381.95207	
693.816	419.44666	
694.223	329.42416	
694.63	376.9512	
695.037	356.94397	
695.444	406.9508	
695.851	451.92506	
696.258	491.87707	
696.665	364.44738	
697.072	359.4452	
697.479	389.45267	
697.885	346.93809	
698.292	391.95268	
698.698	454.42275	
699.105	391.95268	
699.511	396.95243	
699.918	389.45267	
700.324	376.9512	
700.73	329.42416	
701.137	416.94768	
701.543	329.42416	
701.949	386.95256	
702.355	334.42862	
702.761	371.94995	
703.167	349.4397	
703.573	376.9512	
703.979	404.45134	
704.385	314.40853	
704.79	336.9307	
705.196	366.94833	
705.602	289.37486	
706.007	419.44666	
706.413	349.4397	
706.818	349.4397	
707.224	399.45216	
707.629	356.94397	
708.034	366.94833	
708.439	436.93697	
708.845	436.93697	
709.25	426.94307	
709.655	344.43638	
710.06	304.39621	
710.465	354.44264	
710.87	374.45062	
711.275	399.45216	
711.679	429.44168	
712.084	334.42862	
712.489	349.4397	
712.893	454.42275	
713.298	376.9512	
713.702	371.94995	
714.107	399.45216	
714.511	416.94768	
714.916	384.45236	
715.32	334.42862	
715.724	401.9518	
716.128	381.95207	
716.533	334.42862	
716.937	344.43638	
717.341	384.45236	
717.745	321.91678	
718.149	421.94556	
718.552	389.45267	
718.956	349.4397	
719.36	369.44919	
719.764	401.9518	
720.167	396.95243	
720.571	396.95243	
720.974	411.94942	
721.378	341.93458	
721.781	456.92035	
722.185	389.45267	
722.588	389.45267	
722.991	366.94833	
723.394	481.89127	
723.797	384.45236	
724.2	496.86942	
724.603	396.95243	
725.006	354.44264	
725.409	391.95268	
725.812	434.43864	
726.215	424.44436	
726.618	354.44264	
727.02	344.43638	
727.423	376.9512	
727.826	299.38948	
728.228	349.4397	
728.631	419.44666	
729.033	394.4526	
729.435	414.4486	
729.838	331.92644	
730.24	416.94768	
730.642	401.9518	
731.044	289.37486	
731.446	399.45216	
731.848	431.94021	
732.25	489.38075	
732.652	406.9508	
733.054	391.95268	
733.456	376.9512	
733.857	381.95207	
734.259	406.9508	
734.661	389.45267	
735.062	421.94556	
735.464	424.44436	
735.865	421.94556	
736.267	439.43522	
736.668	376.9512	
737.069	396.95243	
737.47	384.45236	
737.872	346.93809	
738.273	376.9512	
738.674	369.44919	
739.075	329.42416	
739.476	374.45062	
739.877	389.45267	
740.278	354.44264	
740.678	291.87866	
741.079	301.89289	
741.48	304.39621	
741.88	401.9518	
742.281	354.44264	
742.681	306.89943	
743.082	316.91138	
743.482	424.44436	
743.882	421.94556	
744.283	349.4397	
744.683	379.45168	
745.083	399.45216	
745.483	439.43522	
745.883	316.91138	
746.283	356.94397	
746.683	461.91527	
747.083	341.93458	
747.483	356.94397	
747.883	434.43864	
748.282	319.41412	
748.682	411.94942	
749.082	366.94833	
749.481	374.45062	
749.881	389.45267	
750.28	421.94556	
750.679	431.94021	
751.079	384.45236	
751.478	359.4452	
751.877	416.94768	
752.276	431.94021	
752.675	376.9512	
753.074	344.43638	
753.473	386.95256	
753.872	389.45267	
754.271	421.94556	
754.67	454.42275	
755.069	414.4486	
755.467	379.45168	
755.866	416.94768	
756.265	361.94634	
756.663	354.44264	
757.062	399.45216	
757.46	426.94307	
757.858	389.45267	
758.257	396.95243	
758.655	399.45216	
759.053	366.94833	
759.451	364.44738	
759.849	336.9307	
760.247	439.43522	
760.645	316.91138	
761.043	404.45134	
761.441	334.42862	
761.839	369.44919	
762.237	396.95243	
762.634	374.45062	
763.032	344.43638	
763.429	439.43522	
763.827	376.9512	
764.224	349.4397	
764.622	399.45216	
765.019	394.4526	
765.416	406.9508	
765.814	344.43638	
766.211	406.9508	
766.608	356.94397	
767.005	364.44738	
767.402	414.4486	
767.799	404.45134	
768.196	449.42727	
768.593	454.42275	
768.989	304.39621	
769.386	409.45016	
769.783	379.45168	
770.179	376.9512	
770.576	344.43638	
770.972	389.45267	
771.369	361.94634	
771.765	376.9512	
772.161	424.44436	
772.558	379.45168	
772.954	296.88596	
773.35	341.93458	
773.746	409.45016	
774.142	384.45236	
774.538	446.9294	
774.934	319.41412	
775.33	411.94942	
775.726	451.92506	
776.121	399.45216	
776.517	379.45168	
776.913	396.95243	
777.308	401.9518	
777.704	401.9518	
778.099	401.9518	
778.495	386.95256	
778.89	369.44919	
779.285	286.87097	
779.68	401.9518	
780.076	446.9294	
780.471	479.39459	
780.866	426.94307	
781.261	429.44168	
781.656	391.95268	
782.051	444.43143	
782.445	471.904	
782.84	439.43522	
783.235	386.95256	
783.63	381.95207	
784.024	364.44738	
784.419	406.9508	
784.813	401.9518	
785.208	439.43522	
785.602	366.94833	
785.996	369.44919	
786.391	399.45216	
786.785	396.95243	
787.179	306.89943	
787.573	469.40696	
787.967	426.94307	
788.361	306.89943	
788.755	444.43143	
789.149	334.42862	
789.543	386.95256	
789.936	354.44264	
790.33	339.43269	
790.724	389.45267	
791.117	399.45216	
791.511	439.43522	
791.904	379.45168	
792.298	381.95207	
792.691	406.9508	
793.084	381.95207	
793.477	371.94995	
793.871	356.94397	
794.264	421.94556	
794.657	429.44168	
795.05	391.95268	
795.443	411.94942	
795.836	364.44738	
796.228	381.95207	
796.621	351.94122	
797.014	411.94942	
797.406	376.9512	
797.799	409.45016	
798.192	401.9518	
798.584	361.94634	
798.976	406.9508	
799.369	464.41259	
799.761	366.94833	
800.153	421.94556	
800.546	381.95207	
800.938	309.40256	
801.33	424.44436	
801.722	369.44919	
802.114	411.94942	
802.506	341.93458	
802.897	351.94122	
803.289	409.45016	
803.681	356.94397	
804.073	401.9518	
804.464	426.94307	
804.856	331.92644	
805.247	351.94122	
805.639	384.45236	
806.03	336.9307	
806.421	479.39459	
806.813	381.95207	
807.204	356.94397	
807.595	404.45134	
807.986	374.45062	
808.377	356.94397	
808.768	396.95243	
809.159	324.41933	
809.55	384.45236	
809.941	364.44738	
810.331	389.45267	
810.722	429.44168	
811.113	474.40096	
811.503	379.45168	
811.894	329.42416	
812.284	316.91138	
812.675	361.94634	
813.065	464.41259	
813.455	386.95256	
813.846	371.94995	
814.236	389.45267	
814.626	336.9307	
815.016	379.45168	
815.406	374.45062	
815.796	341.93458	
816.186	396.95243	
816.575	354.44264	
816.965	311.90559	
817.355	469.40696	
817.745	351.94122	
818.134	389.45267	
818.524	369.44919	
818.913	346.93809	
819.303	366.94833	
819.692	361.94634	
820.081	371.94995	
820.47	371.94995	
820.86	409.45016	
821.249	409.45016	
821.638	436.93697	
822.027	361.94634	
822.416	451.92506	
822.805	436.93697	
823.193	371.94995	
823.582	329.42416	
823.971	356.94397	
824.36	386.95256	
824.748	384.45236	
825.137	331.92644	
825.525	321.91678	
825.914	344.43638	
826.302	344.43638	
826.69	349.4397	
827.079	381.95207	
827.467	446.9294	
827.855	394.4526	
828.243	329.42416	
828.631	426.94307	
829.019	396.95243	
829.407	389.45267	
829.795	439.43522	
830.182	376.9512	
830.57	279.35872	
830.958	399.45216	
831.345	361.94634	
831.733	321.91678	
832.12	379.45168	
832.508	401.9518	
832.895	386.95256	
833.283	336.9307	
833.67	406.9508	
834.057	396.95243	
834.444	391.95268	
834.831	344.43638	
835.218	409.45016	
835.605	454.42275	
835.992	389.45267	
836.379	376.9512	
836.766	379.45168	
837.152	371.94995	
837.539	359.4452	
837.926	441.93337	
838.312	464.41259	
838.699	351.94122	
839.085	331.92644	
839.472	381.95207	
839.858	416.94768	
840.244	379.45168	
840.63	311.90559	
841.017	391.95268	
841.403	396.95243	
841.789	294.38236	
842.175	406.9508	
842.561	471.904	
842.946	406.9508	
843.332	349.4397	
843.718	414.4486	
844.104	334.42862	
844.489	426.94307	
844.875	344.43638	
845.26	326.9218	
845.646	349.4397	
846.031	404.45134	
846.416	399.45216	
846.802	354.44264	
847.187	429.44168	
847.572	371.94995	
847.957	344.43638	
848.342	406.9508	
848.727	319.41412	
849.112	401.9518	
849.497	336.9307	
849.882	374.45062	
850.266	454.42275	
850.651	336.9307	
851.036	346.93809	
851.42	369.44919	
851.805	354.44264	
852.189	364.44738	
852.574	419.44666	
852.958	374.45062	
853.342	371.94995	
853.726	369.44919	
854.11	344.43638	
854.495	321.91678	
854.879	344.43638	
855.263	396.95243	
855.646	346.93809	
856.03	399.45216	
856.414	411.94942	
856.798	344.43638	
857.181	379.45168	
857.565	404.45134	
857.949	401.9518	
858.332	426.94307	
858.716	394.4526	
859.099	401.9518	
859.482	409.45016	
859.866	366.94833	
860.249	429.44168	
860.632	489.38075	
861.015	361.94634	
861.398	391.95268	
861.781	444.43143	
862.164	361.94634	
862.547	391.95268	
862.929	361.94634	
863.312	396.95243	
863.695	419.44666	
864.077	376.9512	
864.46	406.9508	
864.842	286.87097	
865.225	379.45168	
865.607	351.94122	
865.99	404.45134	
866.372	364.44738	
866.754	364.44738	
867.136	381.95207	
867.518	351.94122	
867.9	364.44738	
868.282	449.42727	
868.664	369.44919	
869.046	401.9518	
869.428	466.90982	
869.809	349.4397	
870.191	426.94307	
870.573	461.91527	
870.954	401.9518	
871.336	274.35007	
871.717	396.95243	
872.099	399.45216	
872.48	376.9512	
872.861	391.95268	
873.242	324.41933	
873.623	334.42862	
874.004	406.9508	
874.385	379.45168	
874.766	396.95243	
875.147	354.44264	
875.528	394.4526	
875.909	394.4526	
876.29	421.94556	
876.67	399.45216	
877.051	329.42416	
877.431	404.45134	
877.812	364.44738	
878.192	321.91678	
878.573	386.95256	
878.953	396.95243	
879.333	309.40256	
879.713	379.45168	
880.093	376.9512	
880.473	349.4397	
880.853	389.45267	
881.233	466.90982	
881.613	386.95256	
881.993	289.37486	
882.373	426.94307	
882.753	406.9508	
883.132	379.45168	
883.512	369.44919	
883.891	356.94397	
884.271	389.45267	
884.65	364.44738	
885.029	426.94307	
885.409	426.94307	
885.788	374.45062	
886.167	376.9512	
886.546	369.44919	
886.925	409.45016	
887.304	399.45216	
887.683	349.4397	
888.062	374.45062	
888.441	391.95268	
888.82	361.94634	
889.198	361.94634	
889.577	441.93337	
889.955	384.45236	
890.334	331.92644	
890.712	381.95207	
891.091	411.94942	
891.469	391.95268	
891.847	394.4526	
892.226	381.95207	
892.604	431.94021	
892.982	456.92035	
893.36	441.93337	
893.738	414.4486	
894.116	341.93458	
894.493	401.9518	
894.871	384.45236	
895.249	376.9512	
895.627	424.44436	
896.004	371.94995	
896.382	366.94833	
896.759	349.4397	
897.137	369.44919	
897.514	434.43864	
897.891	281.8629	
898.269	434.43864	
898.646	431.94021	
899.023	361.94634	
899.4	434.43864	
899.777	361.94634	
900.154	364.44738	
900.531	381.95207	
900.908	371.94995	
901.284	359.4452	
901.661	371.94995	
902.038	464.41259	
902.414	356.94397	
902.791	381.95207	
903.167	411.94942	
903.544	416.94768	
903.92	454.42275	
904.296	384.45236	
904.672	391.95268	
905.049	446.9294	
905.425	359.4452	
905.801	459.41785	
906.177	469.40696	
906.553	376.9512	
906.929	344.43638	
907.304	381.95207	
907.68	391.95268	
908.056	401.9518	
908.431	304.39621	
908.807	454.42275	
909.182	421.94556	
909.558	326.9218	
909.933	381.95207	
910.309	314.40853	
910.684	464.41259	
911.059	421.94556	
911.434	384.45236	
911.809	391.95268	
912.184	344.43638	
912.559	414.4486	
912.934	396.95243	
913.309	389.45267	
913.684	376.9512	
914.058	339.43269	
914.433	384.45236	
914.808	344.43638	
915.182	356.94397	
915.557	379.45168	
915.931	356.94397	
916.305	304.39621	
916.68	364.44738	
917.054	404.45134	
917.428	361.94634	
917.802	479.39459	
918.176	364.44738	
918.55	294.38236	
918.924	449.42727	
919.298	381.95207	
919.672	451.92506	
920.045	414.4486	
920.419	354.44264	
920.793	371.94995	
921.166	396.95243	
921.54	376.9512	
921.913	379.45168	
922.287	354.44264	
922.66	316.91138	
923.033	399.45216	
923.406	424.44436	
923.78	426.94307	
924.153	369.44919	
924.526	359.4452	
924.899	406.9508	
925.271	409.45016	
925.644	374.45062	
926.017	376.9512	
926.39	361.94634	
926.762	454.42275	
927.135	381.95207	
927.508	354.44264	
927.88	384.45236	
928.252	376.9512	
928.625	384.45236	
928.997	391.95268	
929.369	289.37486	
929.741	369.44919	
930.114	419.44666	
930.486	339.43269	
930.858	411.94942	
931.229	401.9518	
931.601	301.89289	
931.973	381.95207	
932.345	401.9518	
932.717	516.83517	
933.088	361.94634	
933.46	401.9518	
933.831	426.94307	
934.203	391.95268	
934.574	399.45216	
934.945	401.9518	
935.317	406.9508	
935.688	334.42862	
936.059	431.94021	
936.43	316.91138	
936.801	431.94021	
937.172	374.45062	
937.543	364.44738	
937.914	366.94833	
938.284	379.45168	
938.655	421.94556	
939.026	409.45016	
939.396	329.42416	
939.767	379.45168	
940.137	381.95207	
940.508	391.95268	
940.878	406.9508	
941.248	441.93337	
941.618	361.94634	
941.989	401.9518	
942.359	391.95268	
942.729	429.44168	
943.099	376.9512	
943.469	426.94307	
943.838	356.94397	
944.208	341.93458	
944.578	411.94942	
944.948	334.42862	
945.317	344.43638	
945.687	509.34869	
946.056	306.89943	
946.426	416.94768	
946.795	404.45134	
947.164	354.44264	
947.533	391.95268	
947.903	339.43269	
948.272	309.40256	
948.641	309.40256	
949.01	384.45236	
949.379	371.94995	
949.748	271.8456	
950.116	346.93809	
950.485	381.95207	
950.854	409.45016	
951.222	346.93809	
951.591	386.95256	
951.959	394.4526	
952.328	386.95256	
952.696	346.93809	
953.065	329.42416	
953.433	404.45134	
953.801	399.45216	
954.169	369.44919	
954.537	349.4397	
954.905	456.92035	
955.273	399.45216	
955.641	396.95243	
956.009	396.95243	
956.377	366.94833	
956.744	379.45168	
957.112	426.94307	
957.479	349.4397	
957.847	429.44168	
958.214	379.45168	
958.582	481.89127	
958.949	299.38948	
959.316	391.95268	
959.684	446.9294	
960.051	376.9512	
960.418	311.90559	
960.785	371.94995	
961.152	396.95243	
961.519	379.45168	
961.885	354.44264	
962.252	371.94995	
962.619	326.9218	
962.986	364.44738	
963.352	431.94021	
963.719	384.45236	
964.085	401.9518	
964.452	284.36698	
964.818	424.44436	
965.184	461.91527	
965.55	384.45236	
965.916	381.95207	
966.283	344.43638	
966.649	389.45267	
967.015	441.93337	
967.38	429.44168	
967.746	426.94307	
968.112	354.44264	
968.478	291.87866	
968.843	396.95243	
969.209	401.9518	
969.575	379.45168	
969.94	434.43864	
970.305	466.90982	
970.671	414.4486	
971.036	431.94021	
971.401	341.93458	
971.766	389.45267	
972.132	394.4526	
972.497	314.40853	
972.862	361.94634	
973.227	371.94995	
973.591	431.94021	
973.956	454.42275	
974.321	344.43638	
974.686	356.94397	
975.05	421.94556	
975.415	346.93809	
975.779	384.45236	
976.144	324.41933	
976.508	429.44168	
976.872	351.94122	
977.236	434.43864	
977.601	449.42727	
977.965	409.45016	
978.329	366.94833	
978.693	376.9512	
979.057	364.44738	
979.421	386.95256	
979.784	406.9508	
980.148	394.4526	
980.512	394.4526	
980.875	349.4397	
981.239	314.40853	
981.602	264.33162	
981.966	334.42862	
982.329	334.42862	
982.692	406.9508	
983.056	434.43864	
983.419	399.45216	
983.782	349.4397	
984.145	384.45236	
984.508	384.45236	
984.871	364.44738	
985.234	361.94634	
985.597	371.94995	
985.959	389.45267	
986.322	359.4452	
986.685	384.45236	
987.047	456.92035	
987.41	391.95268	
987.772	441.93337	
988.134	451.92506	
988.497	369.44919	
988.859	314.40853	
989.221	381.95207	
989.583	431.94021	
989.945	356.94397	
990.307	331.92644	
990.669	379.45168	
991.031	381.95207	
991.393	406.9508	
991.755	354.44264	
992.116	411.94942	
992.478	336.9307	
992.839	426.94307	
993.201	444.43143	
993.562	404.45134	
993.924	346.93809	
994.285	359.4452	
994.646	374.45062	
995.007	364.44738	
995.369	389.45267	
995.73	394.4526	
996.091	376.9512	
996.451	389.45267	
996.812	374.45062	
997.173	401.9518	
997.534	429.44168	
997.895	439.43522	
998.255	341.93458	
998.616	389.45267	
998.976	346.93809	
999.337	396.95243	
999.697	376.9512	
1000.057	351.94122	
1000.418	331.92644	
1000.778	329.42416	
1001.138	404.45134	
1001.498	369.44919	
1001.858	321.91678	
1002.218	356.94397	
1002.578	301.89289	
1002.937	379.45168	
1003.297	381.95207	
1003.657	391.95268	
1004.016	379.45168	
1004.376	491.87707	
1004.735	391.95268	
1005.095	366.94833	
1005.454	331.92644	
1005.813	356.94397	
1006.173	361.94634	
1006.532	401.9518	
1006.891	444.43143	
1007.25	436.93697	
1007.609	464.41259	
1007.968	396.95243	
1008.327	366.94833	
1008.686	384.45236	
1009.044	394.4526	
1009.403	419.44666	
1009.762	379.45168	
1010.12	369.44919	
1010.479	399.45216	
1010.837	369.44919	
1011.195	346.93809	
1011.554	341.93458	
1011.912	351.94122	
1012.27	391.95268	
1012.628	321.91678	
1012.986	424.44436	
1013.344	281.8629	
1013.702	426.94307	
1014.06	376.9512	
1014.418	401.9518	
1014.775	389.45267	
1015.133	376.9512	
1015.491	354.44264	
1015.848	419.44666	
1016.206	401.9518	
1016.563	381.95207	
1016.92	379.45168	
1017.278	344.43638	
1017.635	426.94307	
1017.992	386.95256	
1018.349	371.94995	
1018.706	391.95268	
1019.063	414.4486	
1019.42	369.44919	
1019.777	329.42416	
1020.134	326.9218	
1020.49	351.94122	
1020.847	394.4526	
1021.203	401.9518	
1021.56	396.95243	
1021.916	349.4397	
1022.273	341.93458	
1022.629	384.45236	
1022.985	341.93458	
1023.342	424.44436	
1023.698	411.94942	
1024.054	396.95243	
1024.41	354.44264	
1024.766	431.94021	
1025.122	414.4486	
1025.477	376.9512	
1025.833	344.43638	
1026.189	374.45062	
1026.545	376.9512	
1026.9	459.41785	
1027.256	349.4397	
1027.611	369.44919	
1027.966	369.44919	
1028.322	409.45016	
1028.677	396.95243	
1029.032	376.9512	
1029.387	326.9218	
1029.742	436.93697	
1030.097	331.92644	
1030.452	359.4452	
1030.807	319.41412	
1031.162	314.40853	
1031.517	344.43638	
1031.871	336.9307	
1032.226	331.92644	
1032.581	331.92644	
1032.935	331.92644	
