FLMS05510_1:101		
187.856	-65.11645	
188.32	-65.11645	
188.785	-65.11645	
189.249	-130.61745	
189.713	-85.26308	
190.178	-32.39232	
190.642	-60.08083	
191.106	-118.0156	
191.57	-70.15248	
192.034	-133.13813	
192.498	-95.3389	
192.963	-50.01083	
193.427	33.00386	
193.89	75.72575	
194.354	20.43303	
194.818	43.05869	
195.282	65.67616	
195.746	103.35385	
196.21	58.13791	
196.673	70.70116	
197.137	88.28548	
197.601	118.41862	
198.064	118.41862	
198.528	211.2394	
198.991	166.10017	
199.454	196.19651	
199.918	226.27878	
200.381	286.40148	
200.844	241.31466	
201.308	238.80893	
201.771	248.8313	
202.234	278.88917	
202.697	218.75952	
203.16	311.43628	
203.623	276.38488	
204.086	281.39337	
204.549	301.42351	
205.012	341.46549	
205.475	441.46497	
205.938	283.89747	
206.4	376.48235	
206.863	416.47911	
207.326	296.41655	
207.788	341.46549	
208.251	298.92007	
208.714	408.98153	
209.176	323.95011	
209.639	283.89747	
210.101	306.43009	
210.563	311.43628	
211.026	286.40148	
211.488	303.92684	
211.95	363.97844	
212.412	348.97065	
212.874	311.43628	
213.337	278.88917	
213.799	313.93924	
214.261	328.95498	
214.723	251.33665	
215.184	316.4421	
215.646	321.44754	
216.108	263.86197	
216.57	316.4421	
217.032	286.40148	
217.493	298.92007	
217.955	296.41655	
218.417	273.88049	
218.878	343.9673	
219.34	283.89747	
219.801	366.47941	
220.263	323.95011	
220.724	333.95946	
221.185	278.88917	
221.647	228.785	
222.108	263.86197	
222.569	293.91292	
223.03	303.92684	
223.491	296.41655	
223.952	296.41655	
224.413	288.90539	
224.874	268.87142	
225.335	288.90539	
225.796	258.85213	
226.257	303.92684	
226.718	401.48312	
227.179	306.43009	
227.639	246.32585	
228.1	271.376	
228.561	328.95498	
229.021	276.38488	
229.482	358.97622	
229.942	328.95498	
230.403	301.42351	
230.863	271.376	
231.323	253.84191	
231.784	316.4421	
232.244	321.44754	
232.704	326.45259	
233.164	356.47497	
233.625	218.75952	
234.085	308.93323	
234.545	346.46903	
235.005	253.84191	
235.465	273.88049	
235.925	331.45727	
236.384	306.43009	
236.844	238.80893	
237.304	263.86197	
237.764	188.67375	
238.223	291.4092	
238.683	303.92684	
239.143	281.39337	
239.602	288.90539	
240.062	341.46549	
240.521	296.41655	
240.98	308.93323	
241.44	306.43009	
241.899	306.43009	
242.358	291.4092	
242.818	328.95498	
243.277	331.45727	
243.736	318.94487	
244.195	353.97363	
244.654	241.31466	
245.113	336.46157	
245.572	346.46903	
246.031	226.27878	
246.49	288.90539	
246.949	276.38488	
247.408	333.95946	
247.866	323.95011	
248.325	318.94487	
248.784	381.48325	
249.242	328.95498	
249.701	308.93323	
250.159	343.9673	
250.618	316.4421	
251.076	301.42351	
251.534	306.43009	
251.993	311.43628	
252.451	298.92007	
252.909	293.91292	
253.368	306.43009	
253.826	338.96357	
254.284	296.41655	
254.742	311.43628	
255.2	423.97584	
255.658	318.94487	
256.116	326.45259	
256.574	283.89747	
257.031	271.376	
257.489	378.98285	
257.947	366.47941	
258.405	313.93924	
258.862	343.9673	
259.32	366.47941	
259.777	301.42351	
260.235	343.9673	
260.692	333.95946	
261.15	308.93323	
261.607	338.96357	
262.065	296.41655	
262.522	308.93323	
262.979	338.96357	
263.436	306.43009	
263.893	311.43628	
264.351	358.97622	
264.808	386.48378	
265.265	396.48372	
265.722	343.9673	
266.178	336.46157	
266.635	221.26604	
267.092	298.92007	
267.549	313.93924	
268.006	288.90539	
268.462	283.89747	
268.919	316.4421	
269.376	301.42351	
269.832	353.97363	
270.289	301.42351	
270.745	268.87142	
271.202	358.97622	
271.658	336.46157	
272.114	308.93323	
272.571	311.43628	
273.027	341.46549	
273.483	401.48312	
273.939	338.96357	
274.395	331.45727	
274.851	331.45727	
275.307	296.41655	
275.763	306.43009	
276.219	421.47702	
276.675	296.41655	
277.131	346.46903	
277.587	348.97065	
278.042	338.96357	
278.498	326.45259	
278.954	318.94487	
279.409	348.97065	
279.865	331.45727	
280.32	336.46157	
280.776	318.94487	
281.231	366.47941	
281.687	316.4421	
282.142	411.48082	
282.597	288.90539	
283.052	226.27878	
283.508	278.88917	
283.963	338.96357	
284.418	351.47219	
284.873	271.376	
285.328	353.97363	
285.783	356.47497	
286.238	361.47738	
286.693	351.47219	
287.147	331.45727	
287.602	328.95498	
288.057	323.95011	
288.512	321.44754	
288.966	301.42351	
289.421	311.43628	
289.875	346.46903	
290.33	273.88049	
290.784	381.48325	
291.239	316.4421	
291.693	321.44754	
292.147	258.85213	
292.602	313.93924	
293.056	351.47219	
293.51	358.97622	
293.964	321.44754	
294.418	306.43009	
294.872	408.98153	
295.326	306.43009	
295.78	376.48235	
296.234	361.47738	
296.688	363.97844	
297.142	256.34707	
297.595	268.87142	
298.049	383.98356	
298.503	291.4092	
298.956	318.94487	
299.41	333.95946	
299.863	386.48378	
300.317	313.93924	
300.77	341.46549	
301.224	371.48107	
301.677	293.91292	
302.13	308.93323	
302.584	318.94487	
303.037	401.48312	
303.49	321.44754	
303.943	383.98356	
304.396	356.47497	
304.849	341.46549	
305.302	376.48235	
305.755	311.43628	
306.208	288.90539	
306.661	328.95498	
307.114	361.47738	
307.566	328.95498	
308.019	331.45727	
308.472	346.46903	
308.924	291.4092	
309.377	321.44754	
309.829	296.41655	
310.282	286.40148	
310.734	363.97844	
311.187	326.45259	
311.639	341.46549	
312.091	328.95498	
312.543	338.96357	
312.995	333.95946	
313.448	418.97811	
313.9	336.46157	
314.352	286.40148	
314.804	351.47219	
315.256	258.85213	
315.708	366.47941	
316.159	328.95498	
316.611	223.77246	
317.063	421.47702	
317.515	341.46549	
317.966	368.98029	
318.418	416.47911	
318.87	358.97622	
319.321	311.43628	
319.773	371.48107	
320.224	376.48235	
320.675	353.97363	
321.127	381.48325	
321.578	416.47911	
322.029	306.43009	
322.48	373.98176	
322.932	323.95011	
323.383	371.48107	
323.834	303.92684	
324.285	438.96681	
324.736	398.98347	
325.187	373.98176	
325.638	311.43628	
326.088	328.95498	
326.539	356.47497	
326.99	276.38488	
327.441	388.98391	
327.891	316.4421	
328.342	386.48378	
328.792	278.88917	
329.243	368.98029	
329.693	306.43009	
330.144	383.98356	
330.594	353.97363	
331.044	421.47702	
331.495	291.4092	
331.945	438.96681	
332.395	353.97363	
332.845	358.97622	
333.295	376.48235	
333.745	311.43628	
334.195	406.48216	
334.645	288.90539	
335.095	361.47738	
335.545	368.98029	
335.995	321.44754	
336.444	318.94487	
336.894	406.48216	
337.344	361.47738	
337.793	361.47738	
338.243	321.44754	
338.692	381.48325	
339.142	303.92684	
339.591	311.43628	
340.041	326.45259	
340.49	346.46903	
340.939	406.48216	
341.388	343.9673	
341.838	356.47497	
342.287	343.9673	
342.736	358.97622	
343.185	323.95011	
343.634	383.98356	
344.083	333.95946	
344.532	353.97363	
344.981	411.48082	
345.429	353.97363	
345.878	368.98029	
346.327	418.97811	
346.776	383.98356	
347.224	391.48394	
347.673	348.97065	
348.121	326.45259	
348.57	361.47738	
349.018	343.9673	
349.467	341.46549	
349.915	346.46903	
350.363	318.94487	
350.811	386.48378	
351.26	398.98347	
351.708	401.48312	
352.156	338.96357	
352.604	326.45259	
353.052	368.98029	
353.5	291.4092	
353.948	386.48378	
354.396	411.48082	
354.843	313.93924	
355.291	441.46497	
355.739	326.45259	
356.186	398.98347	
356.634	341.46549	
357.082	338.96357	
357.529	361.47738	
357.977	358.97622	
358.424	361.47738	
358.871	296.41655	
359.319	296.41655	
359.766	416.47911	
360.213	426.47457	
360.661	316.4421	
361.108	323.95011	
361.555	338.96357	
362.002	343.9673	
362.449	373.98176	
362.896	378.98285	
363.343	328.95498	
363.79	401.48312	
364.236	338.96357	
364.683	323.95011	
365.13	346.46903	
365.577	366.47941	
366.023	366.47941	
366.47	341.46549	
366.916	383.98356	
367.363	388.98391	
367.809	338.96357	
368.256	368.98029	
368.702	326.45259	
369.148	323.95011	
369.594	326.45259	
370.041	341.46549	
370.487	411.48082	
370.933	328.95498	
371.379	303.92684	
371.825	298.92007	
372.271	331.45727	
372.717	381.48325	
373.163	396.48372	
373.608	383.98356	
374.054	321.44754	
374.5	276.38488	
374.946	286.40148	
375.391	343.9673	
375.837	408.98153	
376.282	426.47457	
376.728	338.96357	
377.173	393.98387	
377.618	358.97622	
378.064	456.45205	
378.509	323.95011	
378.954	356.47497	
379.4	373.98176	
379.845	366.47941	
380.29	293.91292	
380.735	373.98176	
381.18	323.95011	
381.625	378.98285	
382.07	308.93323	
382.514	343.9673	
382.959	323.95011	
383.404	283.89747	
383.849	361.47738	
384.293	391.48394	
384.738	338.96357	
385.183	293.91292	
385.627	333.95946	
386.072	291.4092	
386.516	386.48378	
386.96	346.46903	
387.405	313.93924	
387.849	373.98176	
388.293	291.4092	
388.737	333.95946	
389.181	348.97065	
389.626	368.98029	
390.07	388.98391	
390.514	281.39337	
390.957	368.98029	
391.401	286.40148	
391.845	326.45259	
392.289	311.43628	
392.733	336.46157	
393.176	386.48378	
393.62	383.98356	
394.064	363.97844	
394.507	396.48372	
394.951	343.9673	
395.394	343.9673	
395.838	448.95893	
396.281	388.98391	
396.724	378.98285	
397.168	293.91292	
397.611	398.98347	
398.054	356.47497	
398.497	341.46549	
398.94	386.48378	
399.383	348.97065	
399.826	356.47497	
400.269	398.98347	
400.712	351.47219	
401.155	353.97363	
401.597	356.47497	
402.04	338.96357	
402.483	281.39337	
402.925	341.46549	
403.368	293.91292	
403.811	358.97622	
404.253	341.46549	
404.696	331.45727	
405.138	341.46549	
405.58	283.89747	
406.023	426.47457	
406.465	406.48216	
406.907	356.47497	
407.349	351.47219	
407.791	403.98269	
408.233	363.97844	
408.675	343.9673	
409.117	363.97844	
409.559	336.46157	
410.001	303.92684	
410.443	298.92007	
410.885	438.96681	
411.326	353.97363	
411.768	278.88917	
412.21	343.9673	
412.651	376.48235	
413.093	406.48216	
413.534	318.94487	
413.975	331.45727	
414.417	333.95946	
414.858	298.92007	
415.299	373.98176	
415.741	316.4421	
416.182	376.48235	
416.623	428.9732	
417.064	486.41626	
417.505	408.98153	
417.946	318.94487	
418.387	303.92684	
418.828	341.46549	
419.269	378.98285	
419.709	341.46549	
420.15	456.45205	
420.591	373.98176	
421.031	391.48394	
421.472	341.46549	
421.913	396.48372	
422.353	388.98391	
422.794	303.92684	
423.234	356.47497	
423.674	306.43009	
424.115	308.93323	
424.555	371.48107	
424.995	323.95011	
425.435	348.97065	
425.875	373.98176	
426.315	286.40148	
426.755	351.47219	
427.195	253.84191	
427.635	311.43628	
428.075	408.98153	
428.515	378.98285	
428.955	371.48107	
429.394	363.97844	
429.834	336.46157	
430.274	316.4421	
430.713	361.47738	
431.153	346.46903	
431.592	338.96357	
432.031	378.98285	
432.471	323.95011	
432.91	311.43628	
433.349	413.98001	
433.789	366.47941	
434.228	436.46854	
434.667	428.9732	
435.106	341.46549	
435.545	333.95946	
435.984	318.94487	
436.423	428.9732	
436.862	461.44701	
437.301	386.48378	
437.739	328.95498	
438.178	396.48372	
438.617	321.44754	
439.055	316.4421	
439.494	353.97363	
439.932	326.45259	
440.371	343.9673	
440.809	311.43628	
441.248	323.95011	
441.686	378.98285	
442.124	338.96357	
442.563	388.98391	
443.001	416.47911	
443.439	348.97065	
443.877	316.4421	
444.315	336.46157	
444.753	336.46157	
445.191	328.95498	
445.629	381.48325	
446.067	408.98153	
446.504	323.95011	
446.942	373.98176	
447.38	331.45727	
447.817	346.46903	
448.255	296.41655	
448.693	263.86197	
449.13	318.94487	
449.568	316.4421	
450.005	338.96357	
450.442	363.97844	
450.88	448.95893	
451.317	326.45259	
451.754	368.98029	
452.191	426.47457	
452.628	393.98387	
453.065	391.48394	
453.502	363.97844	
453.939	361.47738	
454.376	463.94435	
454.813	333.95946	
455.25	376.48235	
455.686	283.89747	
456.123	366.47941	
456.56	323.95011	
456.996	328.95498	
457.433	358.97622	
457.869	398.98347	
458.306	393.98387	
458.742	383.98356	
459.179	341.46549	
459.615	386.48378	
460.051	376.48235	
460.487	333.95946	
460.924	353.97363	
461.36	366.47941	
461.796	343.9673	
462.232	318.94487	
462.668	338.96357	
463.104	328.95498	
463.539	413.98001	
463.975	333.95946	
464.411	401.48312	
464.847	436.46854	
465.282	371.48107	
465.718	368.98029	
466.153	368.98029	
466.589	326.45259	
467.024	383.98356	
467.46	396.48372	
467.895	366.47941	
468.33	276.38488	
468.766	338.96357	
469.201	368.98029	
469.636	338.96357	
470.071	353.97363	
470.506	408.98153	
470.941	431.47174	
471.376	331.45727	
471.811	386.48378	
472.246	453.95444	
472.681	376.48235	
473.115	386.48378	
473.55	346.46903	
473.985	298.92007	
474.419	348.97065	
474.854	383.98356	
475.288	438.96681	
475.723	353.97363	
476.157	396.48372	
476.592	376.48235	
477.026	353.97363	
477.46	381.48325	
477.894	268.87142	
478.329	363.97844	
478.763	393.98387	
479.197	393.98387	
479.631	456.45205	
480.065	361.47738	
480.499	368.98029	
480.932	333.95946	
481.366	313.93924	
481.8	253.84191	
482.234	376.48235	
482.667	371.48107	
483.101	418.97811	
483.535	403.98269	
483.968	323.95011	
484.401	358.97622	
484.835	321.44754	
485.268	256.34707	
485.702	358.97622	
486.135	403.98269	
486.568	361.47738	
487.001	296.41655	
487.434	383.98356	
487.867	341.46549	
488.3	313.93924	
488.733	316.4421	
489.166	368.98029	
489.599	333.95946	
490.032	396.48372	
490.464	428.9732	
490.897	353.97363	
491.33	326.45259	
491.762	408.98153	
492.195	333.95946	
492.627	376.48235	
493.06	368.98029	
493.492	383.98356	
493.925	431.47174	
494.357	313.93924	
494.789	388.98391	
495.221	341.46549	
495.653	343.9673	
496.086	386.48378	
496.518	283.89747	
496.95	341.46549	
497.382	321.44754	
497.813	338.96357	
498.245	328.95498	
498.677	288.90539	
499.109	331.45727	
499.54	301.42351	
499.972	311.43628	
500.404	291.4092	
500.835	401.48312	
501.267	421.47702	
501.698	331.45727	
502.129	291.4092	
502.561	321.44754	
502.992	291.4092	
503.423	176.13385	
503.855	406.48216	
504.286	426.47457	
504.717	371.48107	
505.148	391.48394	
505.579	273.88049	
506.01	393.98387	
506.441	303.92684	
506.871	366.47941	
507.302	376.48235	
507.733	378.98285	
508.163	368.98029	
508.594	398.98347	
509.025	378.98285	
509.455	318.94487	
509.886	341.46549	
510.316	361.47738	
510.746	441.46497	
511.177	301.42351	
511.607	361.47738	
512.037	341.46549	
512.467	381.48325	
512.898	396.48372	
513.328	416.47911	
513.758	346.46903	
514.188	366.47941	
514.617	316.4421	
515.047	358.97622	
515.477	313.93924	
515.907	393.98387	
516.337	338.96357	
516.766	358.97622	
517.196	356.47497	
517.625	313.93924	
518.055	403.98269	
518.484	331.45727	
518.914	351.47219	
519.343	338.96357	
519.772	448.95893	
520.202	318.94487	
520.631	341.46549	
521.06	321.44754	
521.489	351.47219	
521.918	381.48325	
522.347	366.47941	
522.776	336.46157	
523.205	386.48378	
523.634	371.48107	
524.063	371.48107	
524.491	373.98176	
524.92	378.98285	
525.349	358.97622	
525.777	331.45727	
526.206	356.47497	
526.634	318.94487	
527.063	356.47497	
527.491	406.48216	
527.919	336.46157	
528.348	343.9673	
528.776	316.4421	
529.204	418.97811	
529.632	378.98285	
530.06	328.95498	
530.488	398.98347	
530.916	338.96357	
531.344	371.48107	
531.772	386.48378	
532.2	326.45259	
532.627	396.48372	
533.055	336.46157	
533.483	376.48235	
533.91	368.98029	
534.338	378.98285	
534.765	308.93323	
535.193	373.98176	
535.62	373.98176	
536.048	361.47738	
536.475	356.47497	
536.902	341.46549	
537.329	343.9673	
537.757	448.95893	
538.184	341.46549	
538.611	363.97844	
539.038	346.46903	
539.465	313.93924	
539.892	311.43628	
540.318	361.47738	
540.745	348.97065	
541.172	403.98269	
541.599	333.95946	
542.025	376.48235	
542.452	351.47219	
542.878	371.48107	
543.305	343.9673	
543.731	453.95444	
544.158	383.98356	
544.584	436.46854	
545.01	376.48235	
545.436	428.9732	
545.862	348.97065	
546.289	343.9673	
546.715	353.97363	
547.141	373.98176	
547.567	371.48107	
547.993	411.48082	
548.418	363.97844	
548.844	393.98387	
549.27	343.9673	
549.696	396.48372	
550.121	256.34707	
550.547	353.97363	
550.972	393.98387	
551.398	353.97363	
551.823	333.95946	
552.249	313.93924	
552.674	378.98285	
553.099	433.97019	
553.525	333.95946	
553.95	378.98285	
554.375	368.98029	
554.8	386.48378	
555.225	423.97584	
555.65	448.95893	
556.075	396.48372	
556.5	396.48372	
556.925	353.97363	
557.349	363.97844	
557.774	341.46549	
558.199	353.97363	
558.623	353.97363	
559.048	358.97622	
559.472	298.92007	
559.897	351.47219	
560.321	328.95498	
560.746	358.97622	
561.17	331.45727	
561.594	371.48107	
562.018	386.48378	
562.443	331.45727	
562.867	321.44754	
563.291	371.48107	
563.715	326.45259	
564.139	358.97622	
564.562	356.47497	
564.986	421.47702	
565.41	371.48107	
565.834	388.98391	
566.257	346.46903	
566.681	408.98153	
567.105	336.46157	
567.528	431.47174	
567.952	351.47219	
568.375	318.94487	
568.798	396.48372	
569.222	313.93924	
569.645	271.376	
570.068	361.47738	
570.491	431.47174	
570.914	338.96357	
571.337	403.98269	
571.76	371.48107	
572.183	321.44754	
572.606	366.47941	
573.029	276.38488	
573.452	358.97622	
573.875	346.46903	
574.297	356.47497	
574.72	368.98029	
575.143	373.98176	
575.565	316.4421	
575.988	248.8313	
576.41	353.97363	
576.832	496.4014	
577.255	338.96357	
577.677	383.98356	
578.099	426.47457	
578.521	303.92684	
578.943	338.96357	
579.365	296.41655	
579.787	343.9673	
580.209	368.98029	
580.631	313.93924	
581.053	361.47738	
581.475	428.9732	
581.897	288.90539	
582.318	316.4421	
582.74	358.97622	
583.162	401.48312	
583.583	351.47219	
584.005	361.47738	
584.426	308.93323	
584.847	331.45727	
585.269	371.48107	
585.69	361.47738	
586.111	321.44754	
586.532	321.44754	
586.954	391.48394	
587.375	361.47738	
587.796	376.48235	
588.217	396.48372	
588.637	281.39337	
589.058	281.39337	
589.479	321.44754	
589.9	368.98029	
590.32	353.97363	
590.741	381.48325	
591.162	316.4421	
591.582	376.48235	
592.003	251.33665	
592.423	358.97622	
592.844	366.47941	
593.264	378.98285	
593.684	358.97622	
594.104	341.46549	
594.524	301.42351	
594.945	318.94487	
595.365	421.47702	
595.785	331.45727	
596.205	331.45727	
596.625	331.45727	
597.044	396.48372	
597.464	366.47941	
597.884	321.44754	
598.304	366.47941	
598.723	396.48372	
599.143	358.97622	
599.562	323.95011	
599.982	331.45727	
600.401	423.97584	
600.821	398.98347	
601.24	381.48325	
601.659	353.97363	
602.078	371.48107	
602.498	438.96681	
602.917	361.47738	
603.336	346.46903	
603.755	308.93323	
604.174	331.45727	
604.593	361.47738	
605.011	351.47219	
605.43	358.97622	
605.849	321.44754	
606.268	286.40148	
606.686	276.38488	
607.105	351.47219	
607.523	401.48312	
607.942	361.47738	
608.36	328.95498	
608.779	378.98285	
609.197	386.48378	
609.615	476.42966	
610.033	356.47497	
610.451	311.43628	
610.87	381.48325	
611.288	398.98347	
611.706	418.97811	
612.124	353.97363	
612.541	436.46854	
612.959	351.47219	
613.377	371.48107	
613.795	386.48378	
614.212	378.98285	
614.63	348.97065	
615.048	361.47738	
615.465	326.45259	
615.883	333.95946	
616.3	301.42351	
616.717	366.47941	
617.135	376.48235	
617.552	338.96357	
617.969	408.98153	
618.386	396.48372	
618.803	373.98176	
619.22	393.98387	
619.637	376.48235	
620.054	346.46903	
620.471	333.95946	
620.888	338.96357	
621.305	343.9673	
621.721	363.97844	
622.138	368.98029	
622.555	343.9673	
622.971	311.43628	
623.388	328.95498	
623.804	388.98391	
624.221	376.48235	
624.637	393.98387	
625.053	256.34707	
625.47	391.48394	
625.886	381.48325	
626.302	348.97065	
626.718	388.98391	
627.134	353.97363	
627.55	361.47738	
627.966	426.47457	
628.382	296.41655	
628.797	361.47738	
629.213	328.95498	
629.629	341.46549	
630.045	353.97363	
630.46	368.98029	
630.876	401.48312	
631.291	301.42351	
631.707	451.45673	
632.122	383.98356	
632.537	391.48394	
632.953	376.48235	
633.368	316.4421	
633.783	366.47941	
634.198	273.88049	
634.613	326.45259	
635.028	383.98356	
635.443	363.97844	
635.858	358.97622	
636.273	363.97844	
636.688	368.98029	
637.102	443.96305	
637.517	358.97622	
637.932	401.48312	
638.346	383.98356	
638.761	356.47497	
639.175	313.93924	
639.59	361.47738	
640.004	321.44754	
640.418	303.92684	
640.832	358.97622	
641.247	343.9673	
641.661	261.3571	
642.075	296.41655	
642.489	358.97622	
642.903	326.45259	
643.317	398.98347	
643.731	411.48082	
644.145	298.92007	
644.558	321.44754	
644.972	463.94435	
645.386	321.44754	
645.799	376.48235	
646.213	366.47941	
646.626	366.47941	
647.04	338.96357	
647.453	391.48394	
647.866	373.98176	
648.28	373.98176	
648.693	363.97844	
649.106	376.48235	
649.519	301.42351	
649.932	398.98347	
650.345	313.93924	
650.758	303.92684	
651.171	413.98001	
651.584	356.47497	
651.997	336.46157	
652.41	363.97844	
652.822	398.98347	
653.235	283.89747	
653.647	418.97811	
654.06	383.98356	
654.472	378.98285	
654.885	366.47941	
655.297	328.95498	
655.71	406.48216	
656.122	303.92684	
656.534	416.47911	
656.946	398.98347	
657.358	296.41655	
657.77	353.97363	
658.182	328.95498	
658.594	343.9673	
659.006	316.4421	
659.418	328.95498	
659.83	333.95946	
660.241	396.48372	
660.653	368.98029	
661.065	328.95498	
661.476	331.45727	
661.888	423.97584	
662.299	378.98285	
662.71	406.48216	
663.122	426.47457	
663.533	356.47497	
663.944	273.88049	
664.355	346.46903	
664.767	433.97019	
665.178	348.97065	
665.589	303.92684	
666	323.95011	
666.41	278.88917	
666.821	398.98347	
667.232	371.48107	
667.643	308.93323	
668.053	408.98153	
668.464	421.47702	
668.875	381.48325	
669.285	311.43628	
669.696	371.48107	
670.106	316.4421	
670.516	356.47497	
670.927	286.40148	
671.337	411.48082	
671.747	316.4421	
672.157	338.96357	
672.567	363.97844	
672.977	408.98153	
673.387	351.47219	
673.797	338.96357	
674.207	356.47497	
674.617	268.87142	
675.027	371.48107	
675.436	381.48325	
675.846	376.48235	
676.256	443.96305	
676.665	381.48325	
677.075	351.47219	
677.484	341.46549	
677.893	328.95498	
678.303	398.98347	
678.712	341.46549	
679.121	426.47457	
679.53	366.47941	
679.939	296.41655	
680.348	396.48372	
680.757	391.48394	
681.166	403.98269	
681.575	233.79716	
681.984	383.98356	
682.393	368.98029	
682.802	296.41655	
683.21	363.97844	
683.619	308.93323	
684.027	348.97065	
684.436	396.48372	
684.844	293.91292	
685.253	323.95011	
685.661	371.48107	
686.069	356.47497	
686.477	373.98176	
686.886	408.98153	
687.294	388.98391	
687.702	331.45727	
688.11	343.9673	
688.518	373.98176	
688.926	326.45259	
689.333	411.48082	
689.741	266.36674	
690.149	348.97065	
690.557	308.93323	
690.964	393.98387	
691.372	376.48235	
691.779	348.97065	
692.187	381.48325	
692.594	371.48107	
693.001	363.97844	
693.409	398.98347	
693.816	406.48216	
694.223	336.46157	
694.63	356.47497	
695.037	308.93323	
695.444	331.45727	
695.851	388.98391	
696.258	363.97844	
696.665	393.98387	
697.072	346.46903	
697.479	366.47941	
697.885	326.45259	
698.292	323.95011	
698.698	338.96357	
699.105	373.98176	
699.511	358.97622	
699.918	358.97622	
700.324	303.92684	
700.73	391.48394	
701.137	353.97363	
701.543	346.46903	
701.949	356.47497	
702.355	348.97065	
702.761	336.46157	
703.167	378.98285	
703.573	283.89747	
703.979	333.95946	
704.385	306.43009	
704.79	333.95946	
705.196	316.4421	
705.602	313.93924	
706.007	333.95946	
706.413	348.97065	
706.818	388.98391	
707.224	378.98285	
707.629	363.97844	
708.034	358.97622	
708.439	296.41655	
708.845	261.3571	
709.25	311.43628	
709.655	298.92007	
710.06	366.47941	
710.465	398.98347	
710.87	326.45259	
711.275	376.48235	
711.679	351.47219	
712.084	343.9673	
712.489	296.41655	
712.893	308.93323	
713.298	293.91292	
713.702	371.48107	
714.107	358.97622	
714.511	398.98347	
714.916	371.48107	
715.32	393.98387	
715.724	316.4421	
716.128	326.45259	
716.533	336.46157	
716.937	341.46549	
717.341	323.95011	
717.745	403.98269	
718.149	298.92007	
718.552	363.97844	
718.956	386.48378	
719.36	288.90539	
719.764	283.89747	
720.167	371.48107	
720.571	338.96357	
720.974	348.97065	
721.378	351.47219	
721.781	308.93323	
722.185	391.48394	
722.588	376.48235	
722.991	501.39342	
723.394	346.46903	
723.797	361.47738	
724.2	316.4421	
724.603	353.97363	
725.006	406.48216	
725.409	348.97065	
725.812	336.46157	
726.215	328.95498	
726.618	328.95498	
727.02	368.98029	
727.423	341.46549	
727.826	368.98029	
728.228	291.4092	
728.631	371.48107	
729.033	396.48372	
729.435	391.48394	
729.838	296.41655	
730.24	411.48082	
730.642	341.46549	
731.044	308.93323	
731.446	346.46903	
731.848	328.95498	
732.25	396.48372	
732.652	336.46157	
733.054	316.4421	
733.456	368.98029	
733.857	316.4421	
734.259	373.98176	
734.661	348.97065	
735.062	363.97844	
735.464	371.48107	
735.865	383.98356	
736.267	308.93323	
736.668	331.45727	
737.069	358.97622	
737.47	361.47738	
737.872	383.98356	
738.273	281.39337	
738.674	366.47941	
739.075	346.46903	
739.476	431.47174	
739.877	353.97363	
740.278	376.48235	
740.678	368.98029	
741.079	323.95011	
741.48	271.376	
741.88	293.91292	
742.281	283.89747	
742.681	311.43628	
743.082	328.95498	
743.482	371.48107	
743.882	318.94487	
744.283	433.97019	
744.683	366.47941	
745.083	356.47497	
745.483	341.46549	
745.883	316.4421	
746.283	408.98153	
746.683	373.98176	
747.083	308.93323	
747.483	276.38488	
747.883	268.87142	
748.282	311.43628	
748.682	298.92007	
749.082	341.46549	
749.481	348.97065	
749.881	311.43628	
750.28	326.45259	
750.679	366.47941	
751.079	331.45727	
751.478	361.47738	
751.877	386.48378	
752.276	403.98269	
752.675	358.97622	
753.074	376.48235	
753.473	406.48216	
753.872	383.98356	
754.271	263.86197	
754.67	321.44754	
755.069	313.93924	
755.467	383.98356	
755.866	343.9673	
756.265	303.92684	
756.663	386.48378	
757.062	318.94487	
757.46	363.97844	
757.858	388.98391	
758.257	308.93323	
758.655	368.98029	
759.053	316.4421	
759.451	343.9673	
759.849	311.43628	
760.247	316.4421	
760.645	271.376	
761.043	313.93924	
761.441	378.98285	
761.839	371.48107	
762.237	388.98391	
762.634	306.43009	
763.032	328.95498	
763.429	286.40148	
763.827	341.46549	
764.224	301.42351	
764.622	373.98176	
765.019	291.4092	
765.416	328.95498	
765.814	366.47941	
766.211	361.47738	
766.608	353.97363	
767.005	301.42351	
767.402	356.47497	
767.799	363.97844	
768.196	326.45259	
768.593	368.98029	
768.989	421.47702	
769.386	363.97844	
769.783	383.98356	
770.179	313.93924	
770.576	341.46549	
770.972	306.43009	
771.369	303.92684	
771.765	398.98347	
772.161	393.98387	
772.558	316.4421	
772.954	398.98347	
773.35	418.97811	
773.746	321.44754	
774.142	358.97622	
774.538	368.98029	
774.934	391.48394	
775.33	366.47941	
775.726	346.46903	
776.121	336.46157	
776.517	391.48394	
776.913	326.45259	
777.308	293.91292	
777.704	383.98356	
778.099	408.98153	
778.495	346.46903	
778.89	293.91292	
779.285	343.9673	
779.68	408.98153	
780.076	431.47174	
780.471	298.92007	
780.866	278.88917	
781.261	308.93323	
781.656	341.46549	
782.051	366.47941	
782.445	316.4421	
782.84	351.47219	
783.235	381.48325	
783.63	301.42351	
784.024	363.97844	
784.419	333.95946	
784.813	346.46903	
785.208	306.43009	
785.602	281.39337	
785.996	338.96357	
786.391	393.98387	
786.785	413.98001	
787.179	258.85213	
787.573	331.45727	
787.967	356.47497	
788.361	363.97844	
788.755	373.98176	
789.149	316.4421	
789.543	331.45727	
789.936	408.98153	
790.33	388.98391	
790.724	293.91292	
791.117	363.97844	
791.511	401.48312	
791.904	446.46104	
792.298	246.32585	
792.691	363.97844	
793.084	353.97363	
793.477	326.45259	
793.871	318.94487	
794.264	333.95946	
794.657	383.98356	
795.05	318.94487	
795.443	373.98176	
795.836	301.42351	
796.228	333.95946	
796.621	318.94487	
797.014	406.48216	
797.406	363.97844	
797.799	341.46549	
798.192	343.9673	
798.584	376.48235	
798.976	363.97844	
799.369	293.91292	
799.761	366.47941	
800.153	388.98391	
800.546	328.95498	
800.938	368.98029	
801.33	413.98001	
801.722	348.97065	
802.114	261.3571	
802.506	406.48216	
802.897	251.33665	
803.289	278.88917	
803.681	331.45727	
804.073	361.47738	
804.464	403.98269	
804.856	406.48216	
805.247	346.46903	
805.639	356.47497	
806.03	281.39337	
806.421	358.97622	
806.813	348.97065	
807.204	328.95498	
807.595	263.86197	
807.986	351.47219	
808.377	301.42351	
808.768	356.47497	
809.159	386.48378	
809.55	323.95011	
809.941	406.48216	
810.331	351.47219	
810.722	338.96357	
811.113	358.97622	
811.503	318.94487	
811.894	348.97065	
812.284	336.46157	
812.675	421.47702	
813.065	326.45259	
813.455	356.47497	
813.846	376.48235	
814.236	318.94487	
814.626	336.46157	
815.016	393.98387	
815.406	423.97584	
815.796	358.97622	
816.186	376.48235	
816.575	348.97065	
816.965	308.93323	
817.355	298.92007	
817.745	366.47941	
818.134	393.98387	
818.524	391.48394	
818.913	426.47457	
819.303	366.47941	
819.692	403.98269	
820.081	408.98153	
820.47	461.44701	
820.86	413.98001	
821.249	338.96357	
821.638	383.98356	
822.027	311.43628	
822.416	336.46157	
822.805	343.9673	
823.193	351.47219	
823.582	358.97622	
823.971	336.46157	
824.36	393.98387	
824.748	378.98285	
825.137	346.46903	
825.525	361.47738	
825.914	293.91292	
826.302	353.97363	
826.69	396.48372	
827.079	348.97065	
827.467	331.45727	
827.855	338.96357	
828.243	313.93924	
828.631	343.9673	
829.019	316.4421	
829.407	271.376	
829.795	361.47738	
830.182	373.98176	
830.57	303.92684	
830.958	313.93924	
831.345	331.45727	
831.733	371.48107	
832.12	243.82031	
832.508	388.98391	
832.895	333.95946	
833.283	351.47219	
833.67	321.44754	
834.057	343.9673	
834.444	386.48378	
834.831	328.95498	
835.218	316.4421	
835.605	336.46157	
835.992	353.97363	
836.379	383.98356	
836.766	316.4421	
837.152	353.97363	
837.539	293.91292	
837.926	303.92684	
838.312	333.95946	
838.699	338.96357	
839.085	373.98176	
839.472	443.96305	
839.858	343.9673	
840.244	303.92684	
840.63	401.48312	
841.017	368.98029	
841.403	313.93924	
841.789	353.97363	
842.175	408.98153	
842.561	331.45727	
842.946	386.48378	
843.332	348.97065	
843.718	348.97065	
844.104	371.48107	
844.489	366.47941	
844.875	348.97065	
845.26	341.46549	
845.646	381.48325	
846.031	361.47738	
846.416	298.92007	
846.802	351.47219	
847.187	396.48372	
847.572	421.47702	
847.957	341.46549	
848.342	286.40148	
848.727	321.44754	
849.112	363.97844	
849.497	326.45259	
849.882	311.43628	
850.266	333.95946	
850.651	331.45727	
851.036	333.95946	
851.42	368.98029	
851.805	301.42351	
852.189	318.94487	
852.574	326.45259	
852.958	323.95011	
853.342	281.39337	
853.726	381.48325	
854.11	306.43009	
854.495	328.95498	
854.879	368.98029	
855.263	321.44754	
855.646	386.48378	
856.03	328.95498	
856.414	311.43628	
856.798	391.48394	
857.181	381.48325	
857.565	373.98176	
857.949	331.45727	
858.332	291.4092	
858.716	351.47219	
859.099	406.48216	
859.482	323.95011	
859.866	376.48235	
860.249	381.48325	
860.632	326.45259	
861.015	333.95946	
861.398	323.95011	
861.781	348.97065	
862.164	356.47497	
862.547	308.93323	
862.929	318.94487	
863.312	348.97065	
863.695	346.46903	
864.077	373.98176	
864.46	361.47738	
864.842	301.42351	
865.225	306.43009	
865.607	368.98029	
865.99	353.97363	
866.372	381.48325	
866.754	351.47219	
867.136	343.9673	
867.518	356.47497	
867.9	313.93924	
868.282	396.48372	
868.664	366.47941	
869.046	358.97622	
869.428	448.95893	
869.809	333.95946	
870.191	363.97844	
870.573	318.94487	
870.954	306.43009	
871.336	341.46549	
871.717	263.86197	
872.099	353.97363	
872.48	296.41655	
872.861	348.97065	
873.242	336.46157	
873.623	418.97811	
874.004	288.90539	
874.385	263.86197	
874.766	316.4421	
875.147	388.98391	
875.528	371.48107	
875.909	356.47497	
876.29	303.92684	
876.67	408.98153	
877.051	371.48107	
877.431	256.34707	
877.812	363.97844	
878.192	328.95498	
878.573	306.43009	
878.953	341.46549	
879.333	338.96357	
879.713	313.93924	
880.093	356.47497	
880.473	328.95498	
880.853	406.48216	
881.233	366.47941	
881.613	368.98029	
881.993	353.97363	
882.373	361.47738	
882.753	338.96357	
883.132	313.93924	
883.512	321.44754	
883.891	313.93924	
884.271	311.43628	
884.65	366.47941	
885.029	348.97065	
885.409	356.47497	
885.788	358.97622	
886.167	366.47941	
886.546	348.97065	
886.925	371.48107	
887.304	323.95011	
887.683	331.45727	
888.062	328.95498	
888.441	296.41655	
888.82	421.47702	
889.198	298.92007	
889.577	351.47219	
889.955	321.44754	
890.334	318.94487	
890.712	346.46903	
891.091	361.47738	
891.469	321.44754	
891.847	351.47219	
892.226	396.48372	
892.604	293.91292	
892.982	306.43009	
893.36	376.48235	
893.738	306.43009	
894.116	393.98387	
894.493	313.93924	
894.871	413.98001	
895.249	468.93875	
895.627	368.98029	
896.004	358.97622	
896.382	338.96357	
896.759	278.88917	
897.137	341.46549	
897.514	321.44754	
897.891	336.46157	
898.269	341.46549	
898.646	281.39337	
899.023	376.48235	
899.4	311.43628	
899.777	338.96357	
900.154	396.48372	
900.531	346.46903	
900.908	373.98176	
901.284	256.34707	
901.661	371.48107	
902.038	348.97065	
902.414	278.88917	
902.791	348.97065	
903.167	278.88917	
903.544	306.43009	
903.92	336.46157	
904.296	426.47457	
904.672	341.46549	
905.049	371.48107	
905.425	348.97065	
905.801	348.97065	
906.177	333.95946	
906.553	401.48312	
906.929	371.48107	
907.304	361.47738	
907.68	391.48394	
908.056	328.95498	
908.431	291.4092	
908.807	316.4421	
909.182	336.46157	
909.558	271.376	
909.933	246.32585	
910.309	326.45259	
910.684	303.92684	
911.059	378.98285	
911.434	321.44754	
911.809	323.95011	
912.184	333.95946	
912.559	363.97844	
912.934	386.48378	
913.309	276.38488	
913.684	373.98176	
914.058	338.96357	
914.433	363.97844	
914.808	288.90539	
915.182	308.93323	
915.557	363.97844	
915.931	381.48325	
916.305	278.88917	
916.68	351.47219	
917.054	366.47941	
917.428	343.9673	
917.802	321.44754	
918.176	381.48325	
918.55	411.48082	
918.924	383.98356	
919.298	373.98176	
919.672	366.47941	
920.045	311.43628	
920.419	376.48235	
920.793	333.95946	
921.166	338.96357	
921.54	358.97622	
921.913	341.46549	
922.287	303.92684	
922.66	368.98029	
923.033	286.40148	
923.406	361.47738	
923.78	351.47219	
924.153	328.95498	
924.526	391.48394	
924.899	373.98176	
925.271	336.46157	
925.644	356.47497	
926.017	371.48107	
926.39	336.46157	
926.762	363.97844	
927.135	343.9673	
927.508	373.98176	
927.88	456.45205	
928.252	323.95011	
928.625	328.95498	
928.997	308.93323	
929.369	388.98391	
929.741	403.98269	
930.114	303.92684	
930.486	396.48372	
930.858	301.42351	
931.229	306.43009	
931.601	303.92684	
931.973	368.98029	
932.345	303.92684	
932.717	331.45727	
933.088	393.98387	
933.46	323.95011	
933.831	356.47497	
934.203	403.98269	
934.574	401.48312	
934.945	268.87142	
935.317	363.97844	
935.688	288.90539	
936.059	368.98029	
936.43	301.42351	
936.801	306.43009	
937.172	393.98387	
937.543	346.46903	
937.914	366.47941	
938.284	346.46903	
938.655	303.92684	
939.026	283.89747	
939.396	308.93323	
939.767	248.8313	
940.137	408.98153	
940.508	328.95498	
940.878	383.98356	
941.248	356.47497	
941.618	331.45727	
941.989	346.46903	
942.359	311.43628	
942.729	343.9673	
943.099	373.98176	
943.469	381.48325	
943.838	368.98029	
944.208	351.47219	
944.578	393.98387	
944.948	263.86197	
945.317	326.45259	
945.687	336.46157	
946.056	341.46549	
946.426	338.96357	
946.795	318.94487	
947.164	318.94487	
947.533	353.97363	
947.903	326.45259	
948.272	436.46854	
948.641	271.376	
949.01	356.47497	
949.379	323.95011	
949.748	268.87142	
950.116	388.98391	
950.485	356.47497	
950.854	363.97844	
951.222	338.96357	
951.591	341.46549	
951.959	406.48216	
952.328	333.95946	
952.696	383.98356	
953.065	366.47941	
953.433	326.45259	
953.801	388.98391	
954.169	323.95011	
954.537	343.9673	
954.905	393.98387	
955.273	338.96357	
955.641	326.45259	
956.009	393.98387	
956.377	363.97844	
956.744	323.95011	
957.112	321.44754	
957.479	388.98391	
957.847	368.98029	
958.214	293.91292	
958.582	358.97622	
958.949	406.48216	
959.316	411.48082	
959.684	316.4421	
960.051	338.96357	
960.418	356.47497	
960.785	323.95011	
961.152	331.45727	
961.519	428.9732	
961.885	356.47497	
962.252	388.98391	
962.619	308.93323	
962.986	296.41655	
963.352	306.43009	
963.719	248.8313	
964.085	331.45727	
964.452	316.4421	
964.818	308.93323	
965.184	343.9673	
965.55	406.48216	
965.916	296.41655	
966.283	313.93924	
966.649	291.4092	
967.015	413.98001	
967.38	273.88049	
967.746	293.91292	
968.112	373.98176	
968.478	306.43009	
968.843	418.97811	
969.209	388.98391	
969.575	333.95946	
969.94	328.95498	
970.305	368.98029	
970.671	321.44754	
971.036	331.45727	
971.401	283.89747	
971.766	371.48107	
972.132	286.40148	
972.497	311.43628	
972.862	321.44754	
973.227	363.97844	
973.591	381.48325	
973.956	383.98356	
974.321	441.46497	
974.686	296.41655	
975.05	358.97622	
975.415	281.39337	
975.779	263.86197	
976.144	281.39337	
976.508	428.9732	
976.872	316.4421	
977.236	356.47497	
977.601	388.98391	
977.965	341.46549	
978.329	301.42351	
978.693	323.95011	
979.057	308.93323	
979.421	316.4421	
979.784	351.47219	
980.148	306.43009	
980.512	293.91292	
980.875	361.47738	
981.239	398.98347	
981.602	351.47219	
981.966	303.92684	
982.329	343.9673	
982.692	416.47911	
983.056	286.40148	
983.419	301.42351	
983.782	358.97622	
984.145	348.97065	
984.508	368.98029	
984.871	368.98029	
985.234	316.4421	
985.597	291.4092	
985.959	276.38488	
986.322	396.48372	
986.685	306.43009	
987.047	368.98029	
987.41	296.41655	
987.772	353.97363	
988.134	303.92684	
988.497	298.92007	
988.859	341.46549	
989.221	293.91292	
989.583	403.98269	
989.945	333.95946	
990.307	416.47911	
990.669	296.41655	
991.031	368.98029	
991.393	323.95011	
991.755	403.98269	
992.116	333.95946	
992.478	348.97065	
992.839	301.42351	
993.201	313.93924	
993.562	298.92007	
993.924	323.95011	
994.285	391.48394	
994.646	386.48378	
995.007	363.97844	
995.369	351.47219	
995.73	378.98285	
996.091	306.43009	
996.451	403.98269	
996.812	313.93924	
997.173	321.44754	
997.534	426.47457	
997.895	293.91292	
998.255	298.92007	
998.616	338.96357	
998.976	346.46903	
999.337	288.90539	
999.697	398.98347	
1000.057	376.48235	
1000.418	346.46903	
1000.778	343.9673	
1001.138	371.48107	
1001.498	341.46549	
1001.858	353.97363	
1002.218	393.98387	
1002.578	283.89747	
1002.937	401.48312	
1003.297	391.48394	
1003.657	343.9673	
1004.016	308.93323	
1004.376	393.98387	
1004.735	456.45205	
1005.095	306.43009	
1005.454	398.98347	
1005.813	421.47702	
1006.173	328.95498	
1006.532	353.97363	
1006.891	338.96357	
1007.25	331.45727	
1007.609	331.45727	
1007.968	361.47738	
1008.327	383.98356	
1008.686	356.47497	
1009.044	396.48372	
1009.403	336.46157	
1009.762	291.4092	
1010.12	363.97844	
1010.479	363.97844	
1010.837	353.97363	
1011.195	313.93924	
1011.554	351.47219	
1011.912	308.93323	
1012.27	343.9673	
1012.628	378.98285	
1012.986	343.9673	
1013.344	266.36674	
1013.702	386.48378	
1014.06	343.9673	
1014.418	286.40148	
1014.775	278.88917	
1015.133	348.97065	
1015.491	353.97363	
1015.848	318.94487	
1016.206	353.97363	
1016.563	426.47457	
1016.92	276.38488	
1017.278	318.94487	
1017.635	346.46903	
1017.992	308.93323	
1018.349	388.98391	
1018.706	293.91292	
1019.063	371.48107	
1019.42	383.98356	
1019.777	396.48372	
1020.134	351.47219	
1020.49	328.95498	
1020.847	346.46903	
1021.203	358.97622	
1021.56	293.91292	
1021.916	381.48325	
1022.273	371.48107	
1022.629	373.98176	
1022.985	366.47941	
1023.342	228.785	
1023.698	271.376	
1024.054	306.43009	
1024.41	338.96357	
1024.766	333.95946	
1025.122	366.47941	
1025.477	391.48394	
1025.833	353.97363	
1026.189	371.48107	
1026.545	388.98391	
1026.9	298.92007	
1027.256	356.47497	
1027.611	348.97065	
1027.966	331.45727	
1028.322	326.45259	
1028.677	331.45727	
1029.032	358.97622	
1029.387	296.41655	
1029.742	376.48235	
1030.097	408.98153	
1030.452	391.48394	
1030.807	316.4421	
1031.162	388.98391	
1031.517	363.97844	
1031.871	411.48082	
1032.226	301.42351	
1032.581	301.42351	
1032.935	301.42351	
