FLMS05510_1:101		
187.856	-17.92374	
188.32	-17.92374	
188.785	-17.92374	
189.249	-35.53811	
189.713	-128.727	
190.178	-106.04628	
190.642	-116.12555	
191.106	-7.86065	
191.57	-90.93052	
192.034	-126.2065	
192.498	-75.81852	
192.963	24.83311	
193.427	19.80442	
193.89	27.3473	
194.354	-0.31441	
194.818	70.07306	
195.282	65.04801	
195.746	37.40305	
196.21	117.79099	
196.673	52.48363	
197.137	107.74811	
197.601	95.19226	
198.064	157.94665	
198.528	152.92857	
198.991	125.32211	
199.454	223.14586	
199.918	295.79065	
200.381	258.22588	
200.844	285.77549	
201.308	285.77549	
201.771	270.74987	
202.234	325.82698	
202.697	243.19391	
203.16	300.79766	
203.623	330.83171	
204.086	328.32939	
204.549	320.82188	
205.012	335.83605	
205.475	298.2942	
205.938	263.23576	
206.4	273.25438	
206.863	403.3578	
207.326	365.85418	
207.788	318.31918	
208.251	370.85588	
208.714	370.85588	
209.176	355.84965	
209.639	330.83171	
210.101	373.35659	
210.563	218.13288	
211.026	443.33854	
211.488	325.82698	
211.95	353.34828	
212.412	385.85874	
212.874	373.35659	
213.337	315.81639	
213.799	290.78326	
214.261	380.85816	
214.723	285.77549	
215.184	330.83171	
215.646	345.8436	
216.108	238.18248	
216.57	363.35319	
217.032	360.8521	
217.493	343.34186	
217.955	300.79766	
218.417	258.22588	
218.878	310.81053	
219.34	288.27942	
219.801	295.79065	
220.263	288.27942	
220.724	258.22588	
221.185	288.27942	
221.647	283.27146	
222.108	340.84002	
222.569	283.27146	
223.03	243.19391	
223.491	333.33392	
223.952	290.78326	
224.413	308.30745	
224.874	275.75879	
225.335	245.69947	
225.796	260.73087	
226.257	358.35092	
226.718	378.35773	
227.179	270.74987	
227.639	310.81053	
228.1	268.24526	
228.561	253.2156	
229.021	348.34526	
229.482	323.32448	
229.942	388.35888	
230.403	383.35849	
230.863	295.79065	
231.323	298.2942	
231.784	370.85588	
232.244	293.287	
232.704	340.84002	
233.164	325.82698	
233.625	248.20495	
234.085	328.32939	
234.545	340.84002	
235.005	383.35849	
235.465	320.82188	
235.925	343.34186	
236.384	368.35508	
236.844	258.22588	
237.304	355.84965	
237.764	303.30102	
238.223	345.8436	
238.683	348.34526	
239.143	333.33392	
239.602	230.66461	
240.062	330.83171	
240.521	320.82188	
240.98	383.35849	
241.44	375.85721	
241.899	328.32939	
242.358	303.30102	
242.818	323.32448	
243.277	340.84002	
243.736	310.81053	
244.195	343.34186	
244.654	260.73087	
245.113	240.68824	
245.572	373.35659	
246.031	328.32939	
246.49	350.84681	
246.949	283.27146	
247.408	303.30102	
247.866	340.84002	
248.325	258.22588	
248.784	368.35508	
249.242	265.74056	
249.701	270.74987	
250.159	343.34186	
250.618	298.2942	
251.076	338.33808	
251.534	360.8521	
251.993	333.33392	
252.451	265.74056	
252.909	383.35849	
253.368	373.35659	
253.826	368.35508	
254.284	375.85721	
254.742	345.8436	
255.2	285.77549	
255.658	345.8436	
256.116	373.35659	
256.574	365.85418	
257.031	325.82698	
257.489	330.83171	
257.947	385.85874	
258.405	350.84681	
258.862	320.82188	
259.32	320.82188	
259.777	333.33392	
260.235	430.84711	
260.692	348.34526	
261.15	403.3578	
261.607	348.34526	
262.065	340.84002	
262.522	268.24526	
262.979	358.35092	
263.436	425.84989	
263.893	348.34526	
264.351	323.32448	
264.808	323.32448	
265.265	428.34855	
265.722	405.8573	
266.178	343.34186	
266.635	345.8436	
267.092	325.82698	
267.549	268.24526	
268.006	385.85874	
268.462	360.8521	
268.919	375.85721	
269.376	370.85588	
269.832	348.34526	
270.289	275.75879	
270.745	353.34828	
271.202	325.82698	
271.658	343.34186	
272.114	343.34186	
272.571	350.84681	
273.027	315.81639	
273.483	340.84002	
273.939	265.74056	
274.395	380.85816	
274.851	323.32448	
275.307	415.85434	
275.763	333.33392	
276.219	365.85418	
276.675	318.31918	
277.131	305.80428	
277.587	290.78326	
278.042	295.79065	
278.498	260.73087	
278.954	428.34855	
279.409	360.8521	
279.865	323.32448	
280.32	325.82698	
280.776	368.35508	
281.231	358.35092	
281.687	313.31351	
282.142	355.84965	
282.597	350.84681	
283.052	413.35522	
283.508	388.35888	
283.963	400.85822	
284.418	290.78326	
284.873	318.31918	
285.328	295.79065	
285.783	398.35854	
286.238	383.35849	
286.693	338.33808	
287.147	293.287	
287.602	270.74987	
288.057	358.35092	
288.512	280.76733	
288.966	333.33392	
289.421	310.81053	
289.875	358.35092	
290.33	328.32939	
290.784	323.32448	
291.239	340.84002	
291.693	293.287	
292.147	298.2942	
292.602	343.34186	
293.056	345.8436	
293.51	468.31447	
293.964	355.84965	
294.418	368.35508	
294.872	405.8573	
295.326	380.85816	
295.78	413.35522	
296.234	400.85822	
296.688	388.35888	
297.142	410.85601	
297.595	328.32939	
298.049	385.85874	
298.503	418.35337	
298.956	458.3252	
299.41	413.35522	
299.863	383.35849	
300.317	410.85601	
300.77	418.35337	
301.224	463.32002	
301.677	420.8523	
302.13	470.81156	
302.584	448.33447	
303.037	453.33002	
303.49	375.85721	
303.943	413.35522	
304.396	408.3567	
304.849	338.33808	
305.302	380.85816	
305.755	410.85601	
306.208	520.73405	
306.661	433.34558	
307.114	388.35888	
307.566	443.33854	
308.019	408.3567	
308.472	463.32002	
308.924	445.83655	
309.377	443.33854	
309.829	410.85601	
310.282	413.35522	
310.734	490.78494	
311.187	455.82766	
311.639	415.85434	
312.091	373.35659	
312.543	480.79898	
312.995	498.27345	
313.448	400.85822	
313.9	480.79898	
314.352	480.79898	
314.804	528.21927	
315.256	518.23879	
315.708	383.35849	
316.159	523.22921	
316.611	398.35854	
317.063	523.22921	
317.515	478.30226	
317.966	480.79898	
318.418	500.76944	
318.87	553.16414	
319.321	550.67006	
319.773	458.3252	
320.224	513.248	
320.675	508.25685	
321.127	480.79898	
321.578	573.11354	
322.029	558.15203	
322.48	480.79898	
322.932	538.19831	
323.383	568.12673	
323.834	465.81729	
324.285	493.2812	
324.736	503.26533	
325.187	543.18728	
325.638	518.23879	
326.088	510.75247	
326.539	505.76114	
326.99	465.81729	
327.441	550.67006	
327.891	503.26533	
328.342	508.25685	
328.792	540.69284	
329.243	545.68163	
329.693	493.2812	
330.144	505.76114	
330.594	443.33854	
331.044	533.20897	
331.495	575.60681	
331.945	585.57899	
332.395	475.80545	
332.845	590.56454	
333.295	495.77737	
333.745	540.69284	
334.195	500.76944	
334.645	550.67006	
335.095	553.16414	
335.545	500.76944	
335.995	578.09999	
336.444	632.92731	
336.894	458.3252	
337.344	615.48693	
337.793	523.22921	
338.243	657.83459	
338.692	625.45339	
339.142	593.05718	
339.591	590.56454	
340.041	590.56454	
340.49	632.92731	
340.939	485.79214	
341.388	525.72429	
341.838	523.22921	
342.287	593.05718	
342.736	600.53457	
343.185	595.54973	
343.634	560.64584	
344.083	635.41844	
344.532	500.76944	
344.981	518.23879	
345.429	575.60681	
345.878	483.29561	
346.327	565.63319	
346.776	543.18728	
347.224	548.17589	
347.673	515.74344	
348.121	455.82766	
348.57	575.60681	
349.018	555.65813	
349.467	573.11354	
349.915	560.64584	
350.363	595.54973	
350.811	570.62018	
351.26	570.62018	
351.708	485.79214	
352.156	493.2812	
352.604	500.76944	
353.052	583.08608	
353.5	538.19831	
353.948	570.62018	
354.396	490.78494	
354.843	513.248	
355.291	475.80545	
355.739	538.19831	
356.186	498.27345	
356.634	543.18728	
357.082	450.83229	
357.529	595.54973	
357.977	603.02685	
358.424	468.31447	
358.871	515.74344	
359.319	553.16414	
359.766	560.64584	
360.213	585.57899	
360.661	508.25685	
361.108	565.63319	
361.555	525.72429	
362.002	538.19831	
362.449	515.74344	
362.896	612.99509	
363.343	540.69284	
363.79	595.54973	
364.236	528.21927	
364.683	550.67006	
365.13	520.73405	
365.577	553.16414	
366.023	490.78494	
366.47	553.16414	
366.916	632.92731	
367.363	498.27345	
367.809	495.77737	
368.256	503.26533	
368.702	525.72429	
369.148	565.63319	
369.594	483.29561	
370.041	525.72429	
370.487	450.83229	
370.933	540.69284	
371.379	605.51905	
371.825	515.74344	
372.271	585.57899	
372.717	583.08608	
373.163	583.08608	
373.608	515.74344	
374.054	640.40042	
374.5	575.60681	
374.946	580.59308	
375.391	570.62018	
375.837	535.70369	
376.282	538.19831	
376.728	515.74344	
377.173	493.2812	
377.618	533.20897	
378.064	525.72429	
378.509	548.17589	
378.954	495.77737	
379.4	525.72429	
379.845	585.57899	
380.29	430.84711	
380.735	528.21927	
381.18	525.72429	
381.625	580.59308	
382.07	600.53457	
382.514	553.16414	
382.959	543.18728	
383.404	555.65813	
383.849	548.17589	
384.293	543.18728	
384.738	560.64584	
385.183	505.76114	
385.627	605.51905	
386.072	513.248	
386.516	510.75247	
386.96	513.248	
387.405	520.73405	
387.849	495.77737	
388.293	570.62018	
388.737	553.16414	
389.181	625.45339	
389.626	488.28859	
390.07	510.75247	
390.514	528.21927	
390.957	525.72429	
391.401	485.79214	
391.845	423.35114	
392.289	443.33854	
392.733	508.25685	
393.176	510.75247	
393.62	510.75247	
394.064	425.84989	
394.507	410.85601	
394.951	488.28859	
395.394	543.18728	
395.838	528.21927	
396.281	650.36334	
396.724	573.11354	
397.168	608.01115	
397.611	600.53457	
398.054	558.15203	
398.497	548.17589	
398.94	585.57899	
399.383	583.08608	
399.826	468.31447	
400.269	528.21927	
400.712	438.34225	
401.155	550.67006	
401.597	510.75247	
402.04	503.26533	
402.483	538.19831	
402.925	488.28859	
403.368	558.15203	
403.811	458.3252	
404.253	495.77737	
404.696	543.18728	
405.138	433.34558	
405.58	553.16414	
406.023	533.20897	
406.465	565.63319	
406.907	565.63319	
407.349	505.76114	
407.791	570.62018	
408.233	525.72429	
408.675	500.76944	
409.117	660.32484	
409.559	725.04033	
410.001	896.50235	
410.443	829.45688	
410.885	632.92731	
411.326	593.05718	
411.768	520.73405	
412.21	603.02685	
412.651	533.20897	
413.093	490.78494	
413.534	455.82766	
413.975	448.33447	
414.417	520.73405	
414.858	460.82266	
415.299	433.34558	
415.741	475.80545	
416.182	463.32002	
416.623	503.26533	
417.064	423.35114	
417.505	510.75247	
417.946	435.84396	
418.387	500.76944	
418.828	445.83655	
419.269	525.72429	
419.709	493.2812	
420.15	485.79214	
420.591	483.29561	
421.031	400.85822	
421.472	485.79214	
421.913	455.82766	
422.353	375.85721	
422.794	545.68163	
423.234	433.34558	
423.674	410.85601	
424.115	405.8573	
424.555	490.78494	
424.995	440.84044	
425.435	430.84711	
425.875	468.31447	
426.315	455.82766	
426.755	443.33854	
427.195	448.33447	
427.635	463.32002	
428.075	488.28859	
428.515	500.76944	
428.955	405.8573	
429.394	378.35773	
429.834	485.79214	
430.274	403.3578	
430.713	468.31447	
431.153	485.79214	
431.592	493.2812	
432.031	460.82266	
432.471	545.68163	
432.91	881.60867	
433.349	1423.33807	
433.789	1762.81616	
434.228	1617.84709	
434.667	1280.23504	
435.106	978.36386	
435.545	851.81222	
435.984	670.28493	
436.423	538.19831	
436.862	455.82766	
437.301	423.35114	
437.739	410.85601	
438.178	493.2812	
438.617	513.248	
439.055	465.81729	
439.494	480.79898	
439.932	423.35114	
440.371	485.79214	
440.809	515.74344	
441.248	505.76114	
441.686	513.248	
442.124	505.76114	
442.563	525.72429	
443.001	445.83655	
443.439	375.85721	
443.877	510.75247	
444.315	440.84044	
444.753	540.69284	
445.191	460.82266	
445.629	480.79898	
446.067	433.34558	
446.504	503.26533	
446.942	538.19831	
447.38	453.33002	
447.817	473.30855	
448.255	415.85434	
448.693	420.8523	
449.13	448.33447	
449.568	445.83655	
450.005	535.70369	
450.442	510.75247	
450.88	463.32002	
451.317	453.33002	
451.754	495.77737	
452.191	505.76114	
452.628	473.30855	
453.065	415.85434	
453.502	400.85822	
453.939	440.84044	
454.376	440.84044	
454.813	325.82698	
455.25	445.83655	
455.686	428.34855	
456.123	398.35854	
456.56	413.35522	
456.996	525.72429	
457.433	485.79214	
457.869	518.23879	
458.306	508.25685	
458.742	460.82266	
459.179	455.82766	
459.615	460.82266	
460.051	363.35319	
460.487	363.35319	
460.924	523.22921	
461.36	420.8523	
461.796	443.33854	
462.232	455.82766	
462.668	525.72429	
463.104	460.82266	
463.539	518.23879	
463.975	480.79898	
464.411	500.76944	
464.847	420.8523	
465.282	453.33002	
465.718	368.35508	
466.153	443.33854	
466.589	518.23879	
467.024	468.31447	
467.46	460.82266	
467.895	458.3252	
468.33	410.85601	
468.766	448.33447	
469.201	393.3589	
469.636	418.35337	
470.071	473.30855	
470.506	438.34225	
470.941	418.35337	
471.376	395.85876	
471.811	423.35114	
472.246	500.76944	
472.681	508.25685	
473.115	408.3567	
473.55	380.85816	
473.985	405.8573	
474.419	413.35522	
474.854	458.3252	
475.288	413.35522	
475.723	458.3252	
476.157	520.73405	
476.592	415.85434	
477.026	358.35092	
477.46	445.83655	
477.894	523.22921	
478.329	483.29561	
478.763	540.69284	
479.197	443.33854	
479.631	540.69284	
480.065	410.85601	
480.499	425.84989	
480.932	453.33002	
481.366	610.50317	
481.8	493.2812	
482.234	488.28859	
482.667	410.85601	
483.101	475.80545	
483.535	498.27345	
483.968	570.62018	
484.401	583.08608	
484.835	1356.75316	
485.268	7106.68166	
485.702	13181.62118	
486.135	14601.17106	
486.568	10070.76686	
487.001	6026.28722	
487.434	4136.22576	
487.867	2821.99672	
488.3	1875.67142	
488.733	1260.47636	
489.166	747.4281	
489.599	545.68163	
490.032	503.26533	
490.464	478.30226	
490.897	505.76114	
491.33	523.22921	
491.762	480.79898	
492.195	475.80545	
492.627	473.30855	
493.06	595.54973	
493.492	545.68163	
493.925	513.248	
494.357	540.69284	
494.789	405.8573	
495.221	525.72429	
495.653	455.82766	
496.086	480.79898	
496.518	458.3252	
496.95	495.77737	
497.382	480.79898	
497.813	525.72429	
498.245	513.248	
498.677	443.33854	
499.109	470.81156	
499.54	533.20897	
499.972	455.82766	
500.404	465.81729	
500.835	535.70369	
501.267	463.32002	
501.698	455.82766	
502.129	435.84396	
502.561	490.78494	
502.992	525.72429	
503.423	375.85721	
503.855	430.84711	
504.286	445.83655	
504.717	493.2812	
505.148	500.76944	
505.579	480.79898	
506.01	498.27345	
506.441	455.82766	
506.871	445.83655	
507.302	468.31447	
507.733	533.20897	
508.163	468.31447	
508.594	380.85816	
509.025	455.82766	
509.455	453.33002	
509.886	530.71417	
510.316	403.3578	
510.746	393.3589	
511.177	485.79214	
511.607	455.82766	
512.037	478.30226	
512.467	365.85418	
512.898	445.83655	
513.328	435.84396	
513.758	365.85418	
514.188	483.29561	
514.617	485.79214	
515.047	450.83229	
515.477	450.83229	
515.907	390.85894	
516.337	410.85601	
516.766	445.83655	
517.196	453.33002	
517.625	448.33447	
518.055	403.3578	
518.484	353.34828	
518.914	420.8523	
519.343	425.84989	
519.772	463.32002	
520.202	415.85434	
520.631	460.82266	
521.06	413.35522	
521.489	430.84711	
521.918	485.79214	
522.347	485.79214	
522.776	448.33447	
523.205	415.85434	
523.634	463.32002	
524.063	475.80545	
524.491	420.8523	
524.92	498.27345	
525.349	470.81156	
525.777	385.85874	
526.206	460.82266	
526.634	438.34225	
527.063	413.35522	
527.491	443.33854	
527.919	405.8573	
528.348	413.35522	
528.776	403.3578	
529.204	445.83655	
529.632	420.8523	
530.06	480.79898	
530.488	425.84989	
530.916	440.84044	
531.344	390.85894	
531.772	453.33002	
532.2	403.3578	
532.627	455.82766	
533.055	503.26533	
533.483	418.35337	
533.91	470.81156	
534.338	390.85894	
534.765	470.81156	
535.193	520.73405	
535.62	423.35114	
536.048	433.34558	
536.475	503.26533	
536.902	508.25685	
537.329	468.31447	
537.757	455.82766	
538.184	395.85876	
538.611	425.84989	
539.038	448.33447	
539.465	438.34225	
539.892	425.84989	
540.318	425.84989	
540.745	445.83655	
541.172	483.29561	
541.599	478.30226	
542.025	430.84711	
542.452	485.79214	
542.878	370.85588	
543.305	490.78494	
543.731	398.35854	
544.158	453.33002	
544.584	445.83655	
545.01	418.35337	
545.436	428.34855	
545.862	508.25685	
546.289	500.76944	
546.715	540.69284	
547.141	373.35659	
547.567	488.28859	
547.993	438.34225	
548.418	448.33447	
548.844	438.34225	
549.27	415.85434	
549.696	428.34855	
550.121	448.33447	
550.547	423.35114	
550.972	428.34855	
551.398	420.8523	
551.823	443.33854	
552.249	413.35522	
552.674	415.85434	
553.099	398.35854	
553.525	378.35773	
553.95	420.8523	
554.375	385.85874	
554.8	380.85816	
555.225	508.25685	
555.65	463.32002	
556.075	433.34558	
556.5	420.8523	
556.925	443.33854	
557.349	473.30855	
557.774	500.76944	
558.199	395.85876	
558.623	448.33447	
559.048	405.8573	
559.472	425.84989	
559.897	413.35522	
560.321	445.83655	
560.746	403.3578	
561.17	415.85434	
561.594	450.83229	
562.018	340.84002	
562.443	450.83229	
562.867	460.82266	
563.291	400.85822	
563.715	448.33447	
564.139	403.3578	
564.562	403.3578	
564.986	343.34186	
565.41	458.3252	
565.834	463.32002	
566.257	515.74344	
566.681	425.84989	
567.105	455.82766	
567.528	423.35114	
567.952	460.82266	
568.375	480.79898	
568.798	515.74344	
569.222	550.67006	
569.645	555.65813	
570.068	473.30855	
570.491	543.18728	
570.914	490.78494	
571.337	528.21927	
571.76	470.81156	
572.183	485.79214	
572.606	565.63319	
573.029	662.81499	
573.452	627.94479	
573.875	528.21927	
574.297	460.82266	
574.72	410.85601	
575.143	425.84989	
575.565	593.05718	
575.988	548.17589	
576.41	543.18728	
576.832	513.248	
577.255	470.81156	
577.677	540.69284	
578.099	612.99509	
578.521	575.60681	
578.943	560.64584	
579.365	593.05718	
579.787	558.15203	
580.209	530.71417	
580.631	640.40042	
581.053	807.09465	
581.475	859.26247	
581.897	657.83459	
582.318	598.04219	
582.74	548.17589	
583.162	578.09999	
583.583	617.97868	
584.005	622.96191	
584.426	508.25685	
584.847	408.3567	
585.269	493.2812	
585.69	443.33854	
586.111	505.76114	
586.532	583.08608	
586.954	528.21927	
587.375	655.34426	
587.796	530.71417	
588.217	625.45339	
588.637	545.68163	
589.058	657.83459	
589.479	445.83655	
589.9	498.27345	
590.32	475.80545	
590.741	525.72429	
591.162	523.22921	
591.582	575.60681	
592.003	543.18728	
592.423	555.65813	
592.844	665.30506	
593.264	610.50317	
593.684	705.13417	
594.104	585.57899	
594.524	605.51905	
594.945	510.75247	
595.365	558.15203	
595.785	535.70369	
596.205	540.69284	
596.625	555.65813	
597.044	617.97868	
597.464	558.15203	
597.884	655.34426	
598.304	603.02685	
598.723	605.51905	
599.143	578.09999	
599.562	488.28859	
599.982	515.74344	
600.401	540.69284	
600.821	515.74344	
601.24	563.13956	
601.659	722.55236	
602.078	645.38206	
602.498	707.62274	
602.917	675.26444	
603.336	625.45339	
603.755	600.53457	
604.174	630.43609	
604.593	478.30226	
605.011	645.38206	
605.43	535.70369	
605.849	478.30226	
606.268	478.30226	
606.686	563.13956	
607.105	545.68163	
607.523	550.67006	
607.942	568.12673	
608.36	548.17589	
608.779	560.64584	
609.197	565.63319	
609.615	523.22921	
610.033	518.23879	
610.451	513.248	
610.87	478.30226	
611.288	505.76114	
611.706	510.75247	
612.124	513.248	
612.541	545.68163	
612.959	622.96191	
613.377	580.59308	
613.795	578.09999	
614.212	430.84711	
614.63	480.79898	
615.048	525.72429	
615.465	418.35337	
615.883	473.30855	
616.3	368.35508	
616.717	463.32002	
617.135	420.8523	
617.552	498.27345	
617.969	405.8573	
618.386	488.28859	
618.803	460.82266	
619.22	493.2812	
619.637	563.13956	
620.054	540.69284	
620.471	458.3252	
620.888	458.3252	
621.305	350.84681	
621.721	435.84396	
622.138	488.28859	
622.555	498.27345	
622.971	438.34225	
623.388	458.3252	
623.804	455.82766	
624.221	438.34225	
624.637	423.35114	
625.053	368.35508	
625.47	428.34855	
625.886	360.8521	
626.302	468.31447	
626.718	445.83655	
627.134	403.3578	
627.55	433.34558	
627.966	503.26533	
628.382	413.35522	
628.797	430.84711	
629.213	445.83655	
629.629	380.85816	
630.045	460.82266	
630.46	365.85418	
630.876	348.34526	
631.291	495.77737	
631.707	513.248	
632.122	448.33447	
632.537	495.77737	
632.953	448.33447	
633.368	485.79214	
633.783	480.79898	
634.198	398.35854	
634.613	415.85434	
635.028	298.2942	
635.443	395.85876	
635.858	358.35092	
636.273	398.35854	
636.688	390.85894	
637.102	413.35522	
637.517	435.84396	
637.932	478.30226	
638.346	363.35319	
638.761	408.3567	
639.175	405.8573	
639.59	395.85876	
640.004	453.33002	
640.418	380.85816	
640.832	413.35522	
641.247	395.85876	
641.661	385.85874	
642.075	350.84681	
642.489	398.35854	
642.903	450.83229	
643.317	385.85874	
643.731	355.84965	
644.145	403.3578	
644.558	378.35773	
644.972	358.35092	
645.386	405.8573	
645.799	390.85894	
646.213	400.85822	
646.626	438.34225	
647.04	473.30855	
647.453	435.84396	
647.866	448.33447	
648.28	378.35773	
648.693	433.34558	
649.106	290.78326	
649.519	510.75247	
649.932	433.34558	
650.345	413.35522	
650.758	460.82266	
651.171	438.34225	
651.584	488.28859	
651.997	470.81156	
652.41	490.78494	
652.822	558.15203	
653.235	538.19831	
653.647	588.07181	
654.06	727.5282	
654.472	762.34939	
654.885	1799.63312	
655.297	18146.43324	
655.71	53629.47838	
656.122	65497.23178	
656.534	59185.52329	
656.946	35374.63127	
657.358	23036.5636	
657.77	15072.20107	
658.182	10242.15546	
658.594	6724.90832	
659.006	4464.11202	
659.418	2809.86185	
659.83	1526.80549	
660.241	938.68474	
660.653	690.20088	
661.065	605.51905	
661.476	533.20897	
661.888	415.85434	
662.299	373.35659	
662.71	493.2812	
663.122	435.84396	
663.533	430.84711	
663.944	460.82266	
664.355	440.84044	
664.767	340.84002	
665.178	360.8521	
665.589	408.3567	
666	398.35854	
666.41	363.35319	
666.821	368.35508	
667.232	383.35849	
667.643	408.3567	
668.053	413.35522	
668.464	390.85894	
668.875	353.34828	
669.285	310.81053	
669.696	423.35114	
670.106	405.8573	
670.516	388.35888	
670.927	440.84044	
671.337	443.33854	
671.747	375.85721	
672.157	375.85721	
672.567	408.3567	
672.977	358.35092	
673.387	420.8523	
673.797	365.85418	
674.207	405.8573	
674.617	343.34186	
675.027	353.34828	
675.436	418.35337	
675.846	435.84396	
676.256	330.83171	
676.665	340.84002	
677.075	320.82188	
677.484	358.35092	
677.893	440.84044	
678.303	398.35854	
678.712	298.2942	
679.121	293.287	
679.53	343.34186	
679.939	358.35092	
680.348	413.35522	
680.757	388.35888	
681.166	370.85588	
681.575	440.84044	
681.984	458.3252	
682.393	380.85816	
682.802	308.30745	
683.21	448.33447	
683.619	318.31918	
684.027	423.35114	
684.436	358.35092	
684.844	373.35659	
685.253	368.35508	
685.661	283.27146	
686.069	350.84681	
686.477	343.34186	
686.886	385.85874	
687.294	403.3578	
687.702	335.83605	
688.11	438.34225	
688.518	380.85816	
688.926	345.8436	
689.333	295.79065	
689.741	370.85588	
690.149	403.3578	
690.557	358.35092	
690.964	395.85876	
691.372	405.8573	
691.779	473.30855	
692.187	375.85721	
692.594	403.3578	
693.001	380.85816	
693.409	425.84989	
693.816	320.82188	
694.223	370.85588	
694.63	370.85588	
695.037	358.35092	
695.444	420.8523	
695.851	373.35659	
696.258	348.34526	
696.665	343.34186	
697.072	308.30745	
697.479	388.35888	
697.885	365.85418	
698.292	368.35508	
698.698	375.85721	
699.105	363.35319	
699.511	378.35773	
699.918	340.84002	
700.324	333.33392	
700.73	310.81053	
701.137	335.83605	
701.543	323.32448	
701.949	318.31918	
702.355	405.8573	
702.761	398.35854	
703.167	455.82766	
703.573	350.84681	
703.979	423.35114	
704.385	365.85418	
704.79	298.2942	
705.196	325.82698	
705.602	398.35854	
706.007	390.85894	
706.413	415.85434	
706.818	343.34186	
707.224	365.85418	
707.629	358.35092	
708.034	403.3578	
708.439	385.85874	
708.845	320.82188	
709.25	365.85418	
709.655	443.33854	
710.06	380.85816	
710.465	365.85418	
710.87	373.35659	
711.275	355.84965	
711.679	380.85816	
712.084	318.31918	
712.489	420.8523	
712.893	370.85588	
713.298	315.81639	
713.702	323.32448	
714.107	403.3578	
714.511	368.35508	
714.916	303.30102	
715.32	335.83605	
715.724	360.8521	
716.128	390.85894	
716.533	318.31918	
716.937	445.83655	
717.341	375.85721	
717.745	343.34186	
718.149	363.35319	
718.552	343.34186	
718.956	375.85721	
719.36	415.85434	
719.764	365.85418	
720.167	350.84681	
720.571	390.85894	
720.974	320.82188	
721.378	330.83171	
721.781	385.85874	
722.185	388.35888	
722.588	388.35888	
722.991	468.31447	
723.394	338.33808	
723.797	395.85876	
724.2	353.34828	
724.603	363.35319	
725.006	348.34526	
725.409	488.28859	
725.812	430.84711	
726.215	430.84711	
726.618	360.8521	
727.02	403.3578	
727.423	333.33392	
727.826	393.3589	
728.228	403.3578	
728.631	443.33854	
729.033	410.85601	
729.435	370.85588	
729.838	380.85816	
730.24	375.85721	
730.642	360.8521	
731.044	393.3589	
731.446	403.3578	
731.848	358.35092	
732.25	395.85876	
732.652	458.3252	
733.054	340.84002	
733.456	410.85601	
733.857	418.35337	
734.259	400.85822	
734.661	478.30226	
735.062	393.3589	
735.464	323.32448	
735.865	438.34225	
736.267	378.35773	
736.668	348.34526	
737.069	395.85876	
737.47	395.85876	
737.872	388.35888	
738.273	348.34526	
738.674	358.35092	
739.075	310.81053	
739.476	405.8573	
739.877	328.32939	
740.278	363.35319	
740.678	373.35659	
741.079	363.35319	
741.48	330.83171	
741.88	453.33002	
742.281	320.82188	
742.681	355.84965	
743.082	395.85876	
743.482	363.35319	
743.882	390.85894	
744.283	318.31918	
744.683	375.85721	
745.083	450.83229	
745.483	360.8521	
745.883	298.2942	
746.283	368.35508	
746.683	405.8573	
747.083	358.35092	
747.483	418.35337	
747.883	413.35522	
748.282	298.2942	
748.682	395.85876	
749.082	358.35092	
749.481	333.33392	
749.881	460.82266	
750.28	298.2942	
750.679	295.79065	
751.079	368.35508	
751.478	310.81053	
751.877	363.35319	
752.276	328.32939	
752.675	420.8523	
753.074	398.35854	
753.473	413.35522	
753.872	385.85874	
754.271	353.34828	
754.67	298.2942	
755.069	353.34828	
755.467	340.84002	
755.866	435.84396	
756.265	365.85418	
756.663	393.3589	
757.062	365.85418	
757.46	378.35773	
757.858	390.85894	
758.257	340.84002	
758.655	490.78494	
759.053	375.85721	
759.451	423.35114	
759.849	433.34558	
760.247	383.35849	
760.645	323.32448	
761.043	305.80428	
761.441	275.75879	
761.839	390.85894	
762.237	300.79766	
762.634	380.85816	
763.032	400.85822	
763.429	320.82188	
763.827	323.32448	
764.224	368.35508	
764.622	368.35508	
765.019	363.35319	
765.416	368.35508	
765.814	325.82698	
766.211	368.35508	
766.608	368.35508	
767.005	360.8521	
767.402	323.32448	
767.799	350.84681	
768.196	318.31918	
768.593	338.33808	
768.989	443.33854	
769.386	345.8436	
769.783	433.34558	
770.179	363.35319	
770.576	338.33808	
770.972	370.85588	
771.369	320.82188	
771.765	355.84965	
772.161	405.8573	
772.558	408.3567	
772.954	353.34828	
773.35	343.34186	
773.746	335.83605	
774.142	335.83605	
774.538	348.34526	
774.934	370.85588	
775.33	295.79065	
775.726	390.85894	
776.121	420.8523	
776.517	403.3578	
776.913	353.34828	
777.308	350.84681	
777.704	358.35092	
778.099	368.35508	
778.495	290.78326	
778.89	325.82698	
779.285	348.34526	
779.68	348.34526	
780.076	368.35508	
780.471	338.33808	
780.866	370.85588	
781.261	323.32448	
781.656	413.35522	
782.051	403.3578	
782.445	408.3567	
782.84	363.35319	
783.235	340.84002	
783.63	290.78326	
784.024	385.85874	
784.419	433.34558	
784.813	375.85721	
785.208	363.35319	
785.602	358.35092	
785.996	315.81639	
786.391	390.85894	
786.785	260.73087	
787.179	315.81639	
787.573	338.33808	
787.967	385.85874	
788.361	363.35319	
788.755	348.34526	
789.149	405.8573	
789.543	383.35849	
789.936	370.85588	
790.33	390.85894	
790.724	358.35092	
791.117	390.85894	
791.511	365.85418	
791.904	318.31918	
792.298	373.35659	
792.691	303.30102	
793.084	328.32939	
793.477	430.84711	
793.871	333.33392	
794.264	320.82188	
794.657	415.85434	
795.05	378.35773	
795.443	413.35522	
795.836	395.85876	
796.228	313.31351	
796.621	290.78326	
797.014	393.3589	
797.406	385.85874	
797.799	315.81639	
798.192	385.85874	
798.584	353.34828	
798.976	420.8523	
799.369	360.8521	
799.761	425.84989	
800.153	340.84002	
800.546	425.84989	
800.938	358.35092	
801.33	433.34558	
801.722	385.85874	
802.114	398.35854	
802.506	295.79065	
802.897	323.32448	
803.289	360.8521	
803.681	370.85588	
804.073	398.35854	
804.464	475.80545	
804.856	370.85588	
805.247	398.35854	
805.639	393.3589	
806.03	313.31351	
806.421	370.85588	
806.813	333.33392	
807.204	323.32448	
807.595	400.85822	
807.986	380.85816	
808.377	333.33392	
808.768	395.85876	
809.159	420.8523	
809.55	368.35508	
809.941	338.33808	
810.331	315.81639	
810.722	385.85874	
811.113	303.30102	
811.503	383.35849	
811.894	443.33854	
812.284	310.81053	
812.675	360.8521	
813.065	360.8521	
813.455	385.85874	
813.846	375.85721	
814.236	373.35659	
814.626	318.31918	
815.016	373.35659	
815.406	365.85418	
815.796	375.85721	
816.186	335.83605	
816.575	368.35508	
816.965	315.81639	
817.355	350.84681	
817.745	405.8573	
818.134	290.78326	
818.524	338.33808	
818.913	380.85816	
819.303	348.34526	
819.692	430.84711	
820.081	313.31351	
820.47	393.3589	
820.86	338.33808	
821.249	288.27942	
821.638	348.34526	
822.027	370.85588	
822.416	370.85588	
822.805	318.31918	
823.193	358.35092	
823.582	383.35849	
823.971	333.33392	
824.36	358.35092	
824.748	353.34828	
825.137	368.35508	
825.525	345.8436	
825.914	410.85601	
826.302	378.35773	
826.69	360.8521	
827.079	383.35849	
827.467	420.8523	
827.855	333.33392	
828.243	343.34186	
828.631	398.35854	
829.019	340.84002	
829.407	333.33392	
829.795	300.79766	
830.182	300.79766	
830.57	413.35522	
830.958	283.27146	
831.345	345.8436	
831.733	403.3578	
832.12	418.35337	
832.508	410.85601	
832.895	385.85874	
833.283	365.85418	
833.67	380.85816	
834.057	438.34225	
834.444	388.35888	
834.831	345.8436	
835.218	340.84002	
835.605	358.35092	
835.992	313.31351	
836.379	378.35773	
836.766	405.8573	
837.152	373.35659	
837.539	328.32939	
837.926	285.77549	
838.312	393.3589	
838.699	335.83605	
839.085	385.85874	
839.472	358.35092	
839.858	390.85894	
840.244	385.85874	
840.63	260.73087	
841.017	410.85601	
841.403	373.35659	
841.789	408.3567	
842.175	385.85874	
842.561	398.35854	
842.946	348.34526	
843.332	370.85588	
843.718	383.35849	
844.104	425.84989	
844.489	283.27146	
844.875	373.35659	
845.26	398.35854	
845.646	365.85418	
846.031	325.82698	
846.416	325.82698	
846.802	385.85874	
847.187	318.31918	
847.572	365.85418	
847.957	300.79766	
848.342	380.85816	
848.727	435.84396	
849.112	363.35319	
849.497	365.85418	
849.882	353.34828	
850.266	273.25438	
850.651	360.8521	
851.036	370.85588	
851.42	425.84989	
851.805	400.85822	
852.189	360.8521	
852.574	388.35888	
852.958	388.35888	
853.342	315.81639	
853.726	348.34526	
854.11	363.35319	
854.495	373.35659	
854.879	388.35888	
855.263	315.81639	
855.646	318.31918	
856.03	395.85876	
856.414	410.85601	
856.798	363.35319	
857.181	325.82698	
857.565	368.35508	
857.949	430.84711	
858.332	373.35659	
858.716	325.82698	
859.099	310.81053	
859.482	298.2942	
859.866	273.25438	
860.249	425.84989	
860.632	335.83605	
861.015	338.33808	
861.398	323.32448	
861.781	370.85588	
862.164	375.85721	
862.547	350.84681	
862.929	293.287	
863.312	295.79065	
863.695	343.34186	
864.077	380.85816	
864.46	418.35337	
864.842	330.83171	
865.225	350.84681	
865.607	305.80428	
865.99	343.34186	
866.372	358.35092	
866.754	403.3578	
867.136	378.35773	
867.518	395.85876	
867.9	430.84711	
868.282	283.27146	
868.664	390.85894	
869.046	338.33808	
869.428	380.85816	
869.809	333.33392	
870.191	370.85588	
870.573	368.35508	
870.954	378.35773	
871.336	298.2942	
871.717	335.83605	
872.099	298.2942	
872.48	328.32939	
872.861	408.3567	
873.242	338.33808	
873.623	355.84965	
874.004	298.2942	
874.385	428.34855	
874.766	303.30102	
875.147	403.3578	
875.528	380.85816	
875.909	368.35508	
876.29	388.35888	
876.67	320.82188	
877.051	370.85588	
877.431	403.3578	
877.812	408.3567	
878.192	388.35888	
878.573	353.34828	
878.953	363.35319	
879.333	430.84711	
879.713	373.35659	
880.093	388.35888	
880.473	295.79065	
880.853	345.8436	
881.233	358.35092	
881.613	335.83605	
881.993	408.3567	
882.373	335.83605	
882.753	345.8436	
883.132	403.3578	
883.512	310.81053	
883.891	373.35659	
884.271	420.8523	
884.65	400.85822	
885.029	375.85721	
885.409	343.34186	
885.788	390.85894	
886.167	373.35659	
886.546	323.32448	
886.925	395.85876	
887.304	360.8521	
887.683	383.35849	
888.062	335.83605	
888.441	340.84002	
888.82	390.85894	
889.198	393.3589	
889.577	325.82698	
889.955	405.8573	
890.334	348.34526	
890.712	328.32939	
891.091	315.81639	
891.469	410.85601	
891.847	400.85822	
892.226	353.34828	
892.604	338.33808	
892.982	415.85434	
893.36	353.34828	
893.738	438.34225	
894.116	275.75879	
894.493	383.35849	
894.871	285.77549	
895.249	360.8521	
895.627	368.35508	
896.004	375.85721	
896.382	315.81639	
896.759	395.85876	
897.137	308.30745	
897.514	353.34828	
897.891	370.85588	
898.269	380.85816	
898.646	350.84681	
899.023	378.35773	
899.4	345.8436	
899.777	343.34186	
900.154	363.35319	
900.531	373.35659	
900.908	403.3578	
901.284	290.78326	
901.661	375.85721	
902.038	345.8436	
902.414	345.8436	
902.791	365.85418	
903.167	288.27942	
903.544	380.85816	
903.92	350.84681	
904.296	335.83605	
904.672	340.84002	
905.049	328.32939	
905.425	308.30745	
905.801	393.3589	
906.177	370.85588	
906.553	333.33392	
906.929	318.31918	
907.304	353.34828	
907.68	310.81053	
908.056	388.35888	
908.431	340.84002	
908.807	413.35522	
909.182	385.85874	
909.558	358.35092	
909.933	373.35659	
910.309	323.32448	
910.684	400.85822	
911.059	315.81639	
911.434	328.32939	
911.809	390.85894	
912.184	290.78326	
912.559	288.27942	
912.934	305.80428	
913.309	363.35319	
913.684	318.31918	
914.058	388.35888	
914.433	323.32448	
914.808	300.79766	
915.182	370.85588	
915.557	368.35508	
915.931	368.35508	
916.305	345.8436	
916.68	378.35773	
917.054	348.34526	
917.428	328.32939	
917.802	323.32448	
918.176	325.82698	
918.55	383.35849	
918.924	343.34186	
919.298	333.33392	
919.672	320.82188	
920.045	335.83605	
920.419	410.85601	
920.793	395.85876	
921.166	340.84002	
921.54	348.34526	
921.913	335.83605	
922.287	358.35092	
922.66	355.84965	
923.033	363.35319	
923.406	393.3589	
923.78	400.85822	
924.153	293.287	
924.526	340.84002	
924.899	295.79065	
925.271	305.80428	
925.644	298.2942	
926.017	390.85894	
926.39	378.35773	
926.762	370.85588	
927.135	345.8436	
927.508	313.31351	
927.88	368.35508	
928.252	363.35319	
928.625	408.3567	
928.997	350.84681	
929.369	370.85588	
929.741	343.34186	
930.114	345.8436	
930.486	383.35849	
930.858	388.35888	
931.229	343.34186	
931.601	390.85894	
931.973	400.85822	
932.345	335.83605	
932.717	338.33808	
933.088	300.79766	
933.46	313.31351	
933.831	323.32448	
934.203	360.8521	
934.574	388.35888	
934.945	363.35319	
935.317	340.84002	
935.688	330.83171	
936.059	373.35659	
936.43	273.25438	
936.801	310.81053	
937.172	333.33392	
937.543	358.35092	
937.914	340.84002	
938.284	380.85816	
938.655	368.35508	
939.026	340.84002	
939.396	343.34186	
939.767	368.35508	
940.137	393.3589	
940.508	333.33392	
940.878	363.35319	
941.248	385.85874	
941.618	423.35114	
941.989	430.84711	
942.359	375.85721	
942.729	310.81053	
943.099	385.85874	
943.469	345.8436	
943.838	323.32448	
944.208	365.85418	
944.578	358.35092	
944.948	265.74056	
945.317	375.85721	
945.687	300.79766	
946.056	355.84965	
946.426	378.35773	
946.795	385.85874	
947.164	405.8573	
947.533	328.32939	
947.903	385.85874	
948.272	368.35508	
948.641	315.81639	
949.01	420.8523	
949.379	403.3578	
949.748	465.81729	
950.116	278.26311	
950.485	355.84965	
950.854	388.35888	
951.222	300.79766	
951.591	425.84989	
951.959	318.31918	
952.328	385.85874	
952.696	318.31918	
953.065	353.34828	
953.433	335.83605	
953.801	303.30102	
954.169	315.81639	
954.537	308.30745	
954.905	390.85894	
955.273	325.82698	
955.641	295.79065	
956.009	315.81639	
956.377	308.30745	
956.744	348.34526	
957.112	350.84681	
957.479	390.85894	
957.847	365.85418	
958.214	383.35849	
958.582	293.287	
958.949	428.34855	
959.316	363.35319	
959.684	385.85874	
960.051	385.85874	
960.418	420.8523	
960.785	358.35092	
961.152	410.85601	
961.519	315.81639	
961.885	330.83171	
962.252	343.34186	
962.619	398.35854	
962.986	388.35888	
963.352	365.85418	
963.719	388.35888	
964.085	350.84681	
964.452	318.31918	
964.818	378.35773	
965.184	330.83171	
965.55	403.3578	
965.916	378.35773	
966.283	368.35508	
966.649	348.34526	
967.015	308.30745	
967.38	375.85721	
967.746	363.35319	
968.112	308.30745	
968.478	308.30745	
968.843	338.33808	
969.209	370.85588	
969.575	430.84711	
969.94	343.34186	
970.305	408.3567	
970.671	328.32939	
971.036	363.35319	
971.401	343.34186	
971.766	345.8436	
972.132	293.287	
972.497	378.35773	
972.862	355.84965	
973.227	335.83605	
973.591	360.8521	
973.956	365.85418	
974.321	303.30102	
974.686	360.8521	
975.05	375.85721	
975.415	348.34526	
975.779	290.78326	
976.144	335.83605	
976.508	378.35773	
976.872	340.84002	
977.236	453.33002	
977.601	433.34558	
977.965	300.79766	
978.329	393.3589	
978.693	323.32448	
979.057	305.80428	
979.421	400.85822	
979.784	408.3567	
980.148	345.8436	
980.512	330.83171	
980.875	365.85418	
981.239	323.32448	
981.602	303.30102	
981.966	365.85418	
982.329	413.35522	
982.692	355.84965	
983.056	285.77549	
983.419	410.85601	
983.782	395.85876	
984.145	335.83605	
984.508	335.83605	
984.871	385.85874	
985.234	333.33392	
985.597	360.8521	
985.959	395.85876	
986.322	405.8573	
986.685	375.85721	
987.047	360.8521	
987.41	298.2942	
987.772	340.84002	
988.134	385.85874	
988.497	315.81639	
988.859	438.34225	
989.221	363.35319	
989.583	318.31918	
989.945	285.77549	
990.307	345.8436	
990.669	343.34186	
991.031	285.77549	
991.393	348.34526	
991.755	405.8573	
992.116	265.74056	
992.478	300.79766	
992.839	335.83605	
993.201	393.3589	
993.562	360.8521	
993.924	365.85418	
994.285	323.32448	
994.646	270.74987	
995.007	420.8523	
995.369	328.32939	
995.73	400.85822	
996.091	340.84002	
996.451	378.35773	
996.812	303.30102	
997.173	283.27146	
997.534	418.35337	
997.895	388.35888	
998.255	323.32448	
998.616	310.81053	
998.976	255.72079	
999.337	368.35508	
999.697	363.35319	
1000.057	385.85874	
1000.418	363.35319	
1000.778	395.85876	
1001.138	333.33392	
1001.498	365.85418	
1001.858	365.85418	
1002.218	365.85418	
1002.578	355.84965	
1002.937	400.85822	
1003.297	380.85816	
1003.657	405.8573	
1004.016	375.85721	
1004.376	355.84965	
1004.735	398.35854	
1005.095	388.35888	
1005.454	325.82698	
1005.813	340.84002	
1006.173	355.84965	
1006.532	283.27146	
1006.891	308.30745	
1007.25	310.81053	
1007.609	328.32939	
1007.968	315.81639	
1008.327	330.83171	
1008.686	373.35659	
1009.044	383.35849	
1009.403	383.35849	
1009.762	315.81639	
1010.12	383.35849	
1010.479	355.84965	
1010.837	330.83171	
1011.195	360.8521	
1011.554	345.8436	
1011.912	300.79766	
1012.27	280.76733	
1012.628	378.35773	
1012.986	358.35092	
1013.344	335.83605	
1013.702	323.32448	
1014.06	408.3567	
1014.418	233.17066	
1014.775	373.35659	
1015.133	370.85588	
1015.491	420.8523	
1015.848	348.34526	
1016.206	385.85874	
1016.563	400.85822	
1016.92	373.35659	
1017.278	388.35888	
1017.635	383.35849	
1017.992	355.84965	
1018.349	333.33392	
1018.706	340.84002	
1019.063	298.2942	
1019.42	335.83605	
1019.777	435.84396	
1020.134	365.85418	
1020.49	318.31918	
1020.847	303.30102	
1021.203	390.85894	
1021.56	360.8521	
1021.916	365.85418	
1022.273	313.31351	
1022.629	375.85721	
1022.985	343.34186	
1023.342	328.32939	
1023.698	350.84681	
1024.054	390.85894	
1024.41	385.85874	
1024.766	370.85588	
1025.122	278.26311	
1025.477	318.31918	
1025.833	363.35319	
1026.189	300.79766	
1026.545	408.3567	
1026.9	338.33808	
1027.256	313.31351	
1027.611	380.85816	
1027.966	388.35888	
1028.322	358.35092	
1028.677	393.3589	
1029.032	350.84681	
1029.387	403.3578	
1029.742	353.34828	
1030.097	388.35888	
1030.452	290.78326	
1030.807	363.35319	
1031.162	380.85816	
1031.517	370.85588	
1031.871	318.31918	
1032.226	388.35888	
1032.581	388.35888	
1032.935	388.35888	
