FLMS05510_1:101		
187.856	40.38804	
188.32	40.38804	
188.785	40.38804	
189.249	-98.01557	
189.713	-77.86471	
190.178	-140.85839	
190.642	-22.48412	
191.106	-123.21355	
191.57	-95.49634	
192.034	-60.23818	
192.498	-50.16816	
192.963	-17.452	
193.427	-12.42029	
193.89	-22.48412	
194.354	85.61675	
194.818	25.30452	
195.282	130.81299	
195.746	-2.35809	
196.21	57.98086	
196.673	113.24051	
197.137	133.32294	
197.601	160.92594	
198.064	173.46881	
198.528	218.60286	
198.991	226.12214	
199.454	266.2102	
199.918	271.21947	
200.381	221.10939	
200.844	293.75644	
201.308	283.74097	
201.771	393.82763	
202.234	381.32698	
202.697	321.29112	
203.16	361.32106	
203.623	311.27985	
204.086	381.32698	
204.549	351.31585	
205.012	376.32606	
205.475	411.32462	
205.938	426.3184	
206.4	386.32752	
206.863	396.32748	
207.326	393.82763	
207.788	381.32698	
208.251	468.78268	
208.714	453.79833	
209.176	383.8273	
209.639	411.32462	
210.101	401.3269	
210.563	453.79833	
211.026	371.32477	
211.488	416.32292	
211.95	326.29619	
212.412	416.32292	
212.874	446.30492	
213.337	396.32748	
213.799	408.82533	
214.261	348.81431	
214.723	368.82399	
215.184	413.82381	
215.646	358.8199	
216.108	393.82763	
216.57	398.82723	
217.032	403.82647	
217.493	381.32698	
217.955	403.82647	
218.417	376.32606	
218.878	348.81431	
219.34	316.28567	
219.801	381.32698	
220.263	376.32606	
220.724	318.78845	
221.185	318.78845	
221.647	323.7937	
222.108	331.30088	
222.569	323.7937	
223.03	258.69557	
223.491	338.8072	
223.952	396.32748	
224.413	346.31267	
224.874	396.32748	
225.335	323.7937	
225.796	288.7489	
226.257	393.82763	
226.718	413.82381	
227.179	343.81094	
227.639	366.32311	
228.1	353.81729	
228.561	361.32106	
229.021	341.30912	
229.482	291.25272	
229.942	323.7937	
230.403	396.32748	
230.863	356.31864	
231.323	331.30088	
231.784	371.32477	
232.244	251.18007	
232.704	403.82647	
233.164	383.8273	
233.625	361.32106	
234.085	341.30912	
234.545	356.31864	
235.005	266.2102	
235.465	381.32698	
235.925	346.31267	
236.384	331.30088	
236.844	418.82193	
237.304	343.81094	
237.764	421.32084	
238.223	318.78845	
238.683	306.27364	
239.143	363.82213	
239.602	396.32748	
240.062	336.30519	
240.521	373.82546	
240.98	413.82381	
241.44	416.32292	
241.899	383.8273	
242.358	303.77039	
242.818	336.30519	
243.277	346.31267	
243.736	368.82399	
244.195	436.3124	
244.654	341.30912	
245.113	363.82213	
245.572	388.82765	
246.031	348.81431	
246.49	383.8273	
246.949	361.32106	
247.408	361.32106	
247.866	288.7489	
248.325	338.8072	
248.784	351.31585	
249.242	416.32292	
249.701	386.32752	
250.159	408.82533	
250.618	328.79858	
251.076	301.26704	
251.534	358.8199	
251.993	368.82399	
252.451	348.81431	
252.909	418.82193	
253.368	351.31585	
253.826	343.81094	
254.284	318.78845	
254.742	293.75644	
255.2	383.8273	
255.658	426.3184	
256.116	401.3269	
256.574	298.76361	
257.031	321.29112	
257.489	341.30912	
257.947	343.81094	
258.405	341.30912	
258.862	338.8072	
259.32	416.32292	
259.777	406.32594	
260.235	341.30912	
260.692	416.32292	
261.15	433.81404	
261.607	358.8199	
262.065	348.81431	
262.522	441.30884	
262.979	398.82723	
263.436	361.32106	
263.893	353.81729	
264.351	348.81431	
264.808	286.24498	
265.265	368.82399	
265.722	406.32594	
266.178	426.3184	
266.635	363.82213	
267.092	383.8273	
267.549	328.79858	
268.006	323.7937	
268.462	338.8072	
268.919	391.32769	
269.376	311.27985	
269.832	503.7333	
270.289	381.32698	
270.745	458.79348	
271.202	361.32106	
271.658	351.31585	
272.114	356.31864	
272.571	366.32311	
273.027	418.82193	
273.483	371.32477	
273.939	356.31864	
274.395	368.82399	
274.851	343.81094	
275.307	433.81404	
275.763	336.30519	
276.219	358.8199	
276.675	423.81967	
277.131	361.32106	
277.587	346.31267	
278.042	388.82765	
278.498	363.82213	
278.954	391.32769	
279.409	346.31267	
279.865	393.82763	
280.32	378.82657	
280.776	361.32106	
281.231	386.32752	
281.687	388.82765	
282.142	326.29619	
282.597	343.81094	
283.052	421.32084	
283.508	463.78827	
283.963	368.82399	
284.418	378.82657	
284.873	356.31864	
285.328	341.30912	
285.783	306.27364	
286.238	353.81729	
286.693	428.81704	
287.147	383.8273	
287.602	366.32311	
288.057	343.81094	
288.512	376.32606	
288.966	423.81967	
289.421	326.29619	
289.875	388.82765	
290.33	391.32769	
290.784	373.82546	
291.239	451.30062	
291.693	378.82657	
292.147	413.82381	
292.602	441.30884	
293.056	421.32084	
293.51	371.32477	
293.964	363.82213	
294.418	461.29092	
294.872	391.32769	
295.326	401.3269	
295.78	356.31864	
296.234	351.31585	
296.688	391.32769	
297.142	321.29112	
297.595	331.30088	
298.049	403.82647	
298.503	361.32106	
298.956	441.30884	
299.41	341.30912	
299.863	426.3184	
300.317	386.32752	
300.77	371.32477	
301.224	421.32084	
301.677	411.32462	
302.13	418.82193	
302.584	388.82765	
303.037	411.32462	
303.49	386.32752	
303.943	426.3184	
304.396	328.79858	
304.849	378.82657	
305.302	396.32748	
305.755	383.8273	
306.208	378.82657	
306.661	408.82533	
307.114	433.81404	
307.566	398.82723	
308.019	396.32748	
308.472	398.82723	
308.924	308.77679	
309.377	366.32311	
309.829	383.8273	
310.282	333.80308	
310.734	318.78845	
311.187	373.82546	
311.639	343.81094	
312.091	421.32084	
312.543	381.32698	
312.995	468.78268	
313.448	376.32606	
313.9	396.32748	
314.352	341.30912	
314.804	416.32292	
315.256	378.82657	
315.708	373.82546	
316.159	418.82193	
316.611	356.31864	
317.063	348.81431	
317.515	348.81431	
317.966	486.26023	
318.418	353.81729	
318.87	398.82723	
319.321	438.81067	
319.773	343.81094	
320.224	433.81404	
320.675	386.32752	
321.127	408.82533	
321.578	418.82193	
322.029	391.32769	
322.48	376.32606	
322.932	393.82763	
323.383	323.7937	
323.834	413.82381	
324.285	361.32106	
324.736	368.82399	
325.187	406.32594	
325.638	386.32752	
326.088	416.32292	
326.539	456.29595	
326.99	413.82381	
327.441	428.81704	
327.891	388.82765	
328.342	373.82546	
328.792	408.82533	
329.243	376.32606	
329.693	438.81067	
330.144	373.82546	
330.594	396.32748	
331.044	373.82546	
331.495	363.82213	
331.945	493.74924	
332.395	406.32594	
332.845	423.81967	
333.295	436.3124	
333.745	351.31585	
334.195	376.32606	
334.645	303.77039	
335.095	461.29092	
335.545	353.81729	
335.995	396.32748	
336.444	428.81704	
336.894	461.29092	
337.344	366.32311	
337.793	406.32594	
338.243	328.79858	
338.692	458.79348	
339.142	336.30519	
339.591	453.79833	
340.041	323.7937	
340.49	368.82399	
340.939	393.82763	
341.388	388.82765	
341.838	411.32462	
342.287	401.3269	
342.736	368.82399	
343.185	321.29112	
343.634	393.82763	
344.083	461.29092	
344.532	341.30912	
344.981	368.82399	
345.429	341.30912	
345.878	391.32769	
346.327	381.32698	
346.776	356.31864	
347.224	458.79348	
347.673	426.3184	
348.121	401.3269	
348.57	466.28552	
349.018	378.82657	
349.467	363.82213	
349.915	423.81967	
350.363	506.22909	
350.811	468.78268	
351.26	383.8273	
351.708	311.27985	
352.156	406.32594	
352.604	378.82657	
353.052	428.81704	
353.5	426.3184	
353.948	441.30884	
354.396	428.81704	
354.843	393.82763	
355.291	388.82765	
355.739	398.82723	
356.186	401.3269	
356.634	393.82763	
357.082	441.30884	
357.529	373.82546	
357.977	413.82381	
358.424	516.21132	
358.871	376.32606	
359.319	436.3124	
359.766	421.32084	
360.213	446.30492	
360.661	413.82381	
361.108	318.78845	
361.555	343.81094	
362.002	376.32606	
362.449	363.82213	
362.896	461.29092	
363.343	428.81704	
363.79	401.3269	
364.236	398.82723	
364.683	411.32462	
365.13	391.32769	
365.577	388.82765	
366.023	356.31864	
366.47	413.82381	
366.916	401.3269	
367.363	366.32311	
367.809	388.82765	
368.256	423.81967	
368.702	401.3269	
369.148	411.32462	
369.594	383.8273	
370.041	428.81704	
370.487	331.30088	
370.933	411.32462	
371.379	391.32769	
371.825	381.32698	
372.271	373.82546	
372.717	406.32594	
373.163	316.28567	
373.608	396.32748	
374.054	371.32477	
374.5	381.32698	
374.946	408.82533	
375.391	398.82723	
375.837	433.81404	
376.282	416.32292	
376.728	351.31585	
377.173	368.82399	
377.618	403.82647	
378.064	356.31864	
378.509	423.81967	
378.954	331.30088	
379.4	388.82765	
379.845	381.32698	
380.29	388.82765	
380.735	376.32606	
381.18	391.32769	
381.625	418.82193	
382.07	436.3124	
382.514	373.82546	
382.959	413.82381	
383.404	421.32084	
383.849	413.82381	
384.293	423.81967	
384.738	456.29595	
385.183	381.32698	
385.627	446.30492	
386.072	436.3124	
386.516	371.32477	
386.96	363.82213	
387.405	431.31558	
387.849	313.78281	
388.293	353.81729	
388.737	386.32752	
389.181	436.3124	
389.626	406.32594	
390.07	461.29092	
390.514	416.32292	
390.957	408.82533	
391.401	388.82765	
391.845	398.82723	
392.289	426.3184	
392.733	373.82546	
393.176	433.81404	
393.62	378.82657	
394.064	418.82193	
394.507	373.82546	
394.951	456.29595	
395.394	461.29092	
395.838	418.82193	
396.281	408.82533	
396.724	381.32698	
397.168	393.82763	
397.611	406.32594	
398.054	428.81704	
398.497	343.81094	
398.94	481.26711	
399.383	371.32477	
399.826	403.82647	
400.269	408.82533	
400.712	326.29619	
401.155	341.30912	
401.597	396.32748	
402.04	356.31864	
402.483	363.82213	
402.925	383.8273	
403.368	426.3184	
403.811	433.81404	
404.253	368.82399	
404.696	346.31267	
405.138	411.32462	
405.58	393.82763	
406.023	416.32292	
406.465	378.82657	
406.907	393.82763	
407.349	426.3184	
407.791	421.32084	
408.233	388.82765	
408.675	453.79833	
409.117	411.32462	
409.559	348.81431	
410.001	451.30062	
410.443	523.69705	
410.885	376.32606	
411.326	446.30492	
411.768	448.80281	
412.21	416.32292	
412.651	371.32477	
413.093	418.82193	
413.534	398.82723	
413.975	403.82647	
414.417	408.82533	
414.858	466.28552	
415.299	423.81967	
415.741	418.82193	
416.182	451.30062	
416.623	358.8199	
417.064	428.81704	
417.505	441.30884	
417.946	453.79833	
418.387	411.32462	
418.828	338.8072	
419.269	428.81704	
419.709	366.32311	
420.15	396.32748	
420.591	396.32748	
421.031	393.82763	
421.472	433.81404	
421.913	388.82765	
422.353	373.82546	
422.794	448.80281	
423.234	406.32594	
423.674	476.27361	
424.115	448.80281	
424.555	366.32311	
424.995	388.82765	
425.435	368.82399	
425.875	533.67674	
426.315	343.81094	
426.755	428.81704	
427.195	348.81431	
427.635	383.8273	
428.075	431.31558	
428.515	431.31558	
428.955	413.82381	
429.394	413.82381	
429.834	396.32748	
430.274	396.32748	
430.713	401.3269	
431.153	401.3269	
431.592	476.27361	
432.031	368.82399	
432.471	353.81729	
432.91	376.32606	
433.349	351.31585	
433.789	418.82193	
434.228	388.82765	
434.667	426.3184	
435.106	408.82533	
435.545	481.26711	
435.984	443.80693	
436.423	358.8199	
436.862	393.82763	
437.301	448.80281	
437.739	411.32462	
438.178	331.30088	
438.617	428.81704	
439.055	376.32606	
439.494	423.81967	
439.932	391.32769	
440.371	366.32311	
440.809	353.81729	
441.248	318.78845	
441.686	291.25272	
442.124	356.31864	
442.563	408.82533	
443.001	441.30884	
443.439	483.76372	
443.877	366.32311	
444.315	443.80693	
444.753	418.82193	
445.191	361.32106	
445.629	351.31585	
446.067	488.75666	
446.504	386.32752	
446.942	333.80308	
447.38	381.32698	
447.817	456.29595	
448.255	448.80281	
448.693	433.81404	
449.13	396.32748	
449.568	381.32698	
450.005	358.8199	
450.442	498.74145	
450.88	441.30884	
451.317	443.80693	
451.754	501.23742	
452.191	378.82657	
452.628	478.7704	
453.065	371.32477	
453.502	386.32752	
453.939	426.3184	
454.376	403.82647	
454.813	423.81967	
455.25	446.30492	
455.686	418.82193	
456.123	373.82546	
456.56	456.29595	
456.996	391.32769	
457.433	408.82533	
457.869	393.82763	
458.306	296.26007	
458.742	448.80281	
459.179	451.30062	
459.615	443.80693	
460.051	346.31267	
460.487	398.82723	
460.924	453.79833	
461.36	421.32084	
461.796	351.31585	
462.232	463.78827	
462.668	428.81704	
463.104	326.29619	
463.539	406.32594	
463.975	366.32311	
464.411	451.30062	
464.847	408.82533	
465.282	453.79833	
465.718	388.82765	
466.153	448.80281	
466.589	411.32462	
467.024	313.78281	
467.46	421.32084	
467.895	383.8273	
468.33	418.82193	
468.766	416.32292	
469.201	411.32462	
469.636	366.32311	
470.071	391.32769	
470.506	428.81704	
470.941	373.82546	
471.376	401.3269	
471.811	428.81704	
472.246	351.31585	
472.681	433.81404	
473.115	481.26711	
473.55	356.31864	
473.985	403.82647	
474.419	366.32311	
474.854	311.27985	
475.288	391.32769	
475.723	378.82657	
476.157	406.32594	
476.592	423.81967	
477.026	381.32698	
477.46	416.32292	
477.894	433.81404	
478.329	413.82381	
478.763	446.30492	
479.197	326.29619	
479.631	383.8273	
480.065	401.3269	
480.499	451.30062	
480.932	428.81704	
481.366	418.82193	
481.8	346.31267	
482.234	476.27361	
482.667	401.3269	
483.101	443.80693	
483.535	398.82723	
483.968	413.82381	
484.401	443.80693	
484.835	386.32752	
485.268	406.32594	
485.702	393.82763	
486.135	436.3124	
486.568	371.32477	
487.001	408.82533	
487.434	378.82657	
487.867	396.32748	
488.3	398.82723	
488.733	431.31558	
489.166	488.75666	
489.599	443.80693	
490.032	443.80693	
490.464	413.82381	
490.897	471.27975	
491.33	473.77673	
491.762	416.32292	
492.195	371.32477	
492.627	441.30884	
493.06	456.29595	
493.492	396.32748	
493.925	428.81704	
494.357	356.31864	
494.789	371.32477	
495.221	408.82533	
495.653	388.82765	
496.086	383.8273	
496.518	483.76372	
496.95	396.32748	
497.382	403.82647	
497.813	408.82533	
498.245	491.253	
498.677	396.32748	
499.109	403.82647	
499.54	386.32752	
499.972	423.81967	
500.404	436.3124	
500.835	328.79858	
501.267	351.31585	
501.698	418.82193	
502.129	436.3124	
502.561	358.8199	
502.992	413.82381	
503.423	371.32477	
503.855	408.82533	
504.286	393.82763	
504.717	378.82657	
505.148	426.3184	
505.579	436.3124	
506.01	373.82546	
506.441	416.32292	
506.871	388.82765	
507.302	403.82647	
507.733	393.82763	
508.163	371.32477	
508.594	413.82381	
509.025	403.82647	
509.455	381.32698	
509.886	401.3269	
510.316	426.3184	
510.746	456.29595	
511.177	426.3184	
511.607	406.32594	
512.037	431.31558	
512.467	303.77039	
512.898	443.80693	
513.328	418.82193	
513.758	418.82193	
514.188	451.30062	
514.617	426.3184	
515.047	401.3269	
515.477	383.8273	
515.907	358.8199	
516.337	466.28552	
516.766	418.82193	
517.196	401.3269	
517.625	381.32698	
518.055	398.82723	
518.484	388.82765	
518.914	398.82723	
519.343	366.32311	
519.772	441.30884	
520.202	403.82647	
520.631	373.82546	
521.06	418.82193	
521.489	383.8273	
521.918	451.30062	
522.347	351.31585	
522.776	391.32769	
523.205	373.82546	
523.634	436.3124	
524.063	436.3124	
524.491	351.31585	
524.92	416.32292	
525.349	386.32752	
525.777	443.80693	
526.206	333.80308	
526.634	391.32769	
527.063	443.80693	
527.491	468.78268	
527.919	411.32462	
528.348	441.30884	
528.776	426.3184	
529.204	371.32477	
529.632	383.8273	
530.06	371.32477	
530.488	451.30062	
530.916	458.79348	
531.344	506.22909	
531.772	371.32477	
532.2	396.32748	
532.627	436.3124	
533.055	423.81967	
533.483	333.80308	
533.91	436.3124	
534.338	428.81704	
534.765	408.82533	
535.193	456.29595	
535.62	481.26711	
536.048	363.82213	
536.475	448.80281	
536.902	403.82647	
537.329	358.8199	
537.757	426.3184	
538.184	476.27361	
538.611	408.82533	
539.038	366.32311	
539.465	393.82763	
539.892	398.82723	
540.318	443.80693	
540.745	373.82546	
541.172	428.81704	
541.599	386.32752	
542.025	398.82723	
542.452	436.3124	
542.878	391.32769	
543.305	338.8072	
543.731	423.81967	
544.158	443.80693	
544.584	378.82657	
545.01	431.31558	
545.436	353.81729	
545.862	426.3184	
546.289	456.29595	
546.715	453.79833	
547.141	406.32594	
547.567	381.32698	
547.993	398.82723	
548.418	458.79348	
548.844	461.29092	
549.27	428.81704	
549.696	441.30884	
550.121	398.82723	
550.547	338.8072	
550.972	421.32084	
551.398	403.82647	
551.823	476.27361	
552.249	473.77673	
552.674	388.82765	
553.099	351.31585	
553.525	476.27361	
553.95	338.8072	
554.375	426.3184	
554.8	368.82399	
555.225	366.32311	
555.65	393.82763	
556.075	378.82657	
556.5	398.82723	
556.925	453.79833	
557.349	413.82381	
557.774	406.32594	
558.199	438.81067	
558.623	408.82533	
559.048	441.30884	
559.472	401.3269	
559.897	428.81704	
560.321	418.82193	
560.746	383.8273	
561.17	426.3184	
561.594	396.32748	
562.018	423.81967	
562.443	383.8273	
562.867	361.32106	
563.291	408.82533	
563.715	463.78827	
564.139	436.3124	
564.562	386.32752	
564.986	441.30884	
565.41	398.82723	
565.834	386.32752	
566.257	348.81431	
566.681	383.8273	
567.105	426.3184	
567.528	383.8273	
567.952	433.81404	
568.375	423.81967	
568.798	411.32462	
569.222	368.82399	
569.645	351.31585	
570.068	376.32606	
570.491	446.30492	
570.914	396.32748	
571.337	408.82533	
571.76	411.32462	
572.183	333.80308	
572.606	433.81404	
573.029	368.82399	
573.452	463.78827	
573.875	396.32748	
574.297	366.32311	
574.72	446.30492	
575.143	478.7704	
575.565	341.30912	
575.988	333.80308	
576.41	348.81431	
576.832	413.82381	
577.255	458.79348	
577.677	371.32477	
578.099	366.32311	
578.521	473.77673	
578.943	366.32311	
579.365	423.81967	
579.787	466.28552	
580.209	373.82546	
580.631	346.31267	
581.053	463.78827	
581.475	351.31585	
581.897	403.82647	
582.318	441.30884	
582.74	388.82765	
583.162	421.32084	
583.583	386.32752	
584.005	351.31585	
584.426	426.3184	
584.847	403.82647	
585.269	381.32698	
585.69	438.81067	
586.111	406.32594	
586.532	403.82647	
586.954	401.3269	
587.375	401.3269	
587.796	433.81404	
588.217	493.74924	
588.637	411.32462	
589.058	461.29092	
589.479	421.32084	
589.9	431.31558	
590.32	501.23742	
590.741	416.32292	
591.162	441.30884	
591.582	426.3184	
592.003	391.32769	
592.423	396.32748	
592.844	433.81404	
593.264	451.30062	
593.684	393.82763	
594.104	401.3269	
594.524	458.79348	
594.945	436.3124	
595.365	341.30912	
595.785	416.32292	
596.205	421.32084	
596.625	453.79833	
597.044	408.82533	
597.464	416.32292	
597.884	418.82193	
598.304	336.30519	
598.723	366.32311	
599.143	378.82657	
599.562	398.82723	
599.982	403.82647	
600.401	398.82723	
600.821	483.76372	
601.24	453.79833	
601.659	383.8273	
602.078	451.30062	
602.498	418.82193	
602.917	401.3269	
603.336	426.3184	
603.755	431.31558	
604.174	421.32084	
604.593	448.80281	
605.011	346.31267	
605.43	373.82546	
605.849	376.32606	
606.268	356.31864	
606.686	313.78281	
607.105	403.82647	
607.523	466.28552	
607.942	388.82765	
608.36	408.82533	
608.779	406.32594	
609.197	431.31558	
609.615	318.78845	
610.033	433.81404	
610.451	418.82193	
610.87	373.82546	
611.288	386.32752	
611.706	423.81967	
612.124	386.32752	
612.541	433.81404	
612.959	361.32106	
613.377	358.8199	
613.795	436.3124	
614.212	353.81729	
614.63	426.3184	
615.048	436.3124	
615.465	448.80281	
615.883	398.82723	
616.3	451.30062	
616.717	428.81704	
617.135	433.81404	
617.552	413.82381	
617.969	428.81704	
618.386	361.32106	
618.803	428.81704	
619.22	451.30062	
619.637	371.32477	
620.054	353.81729	
620.471	351.31585	
620.888	373.82546	
621.305	441.30884	
621.721	371.32477	
622.138	416.32292	
622.555	376.32606	
622.971	331.30088	
623.388	396.32748	
623.804	366.32311	
624.221	308.77679	
624.637	373.82546	
625.053	486.26023	
625.47	403.82647	
625.886	418.82193	
626.302	413.82381	
626.718	436.3124	
627.134	378.82657	
627.55	386.32752	
627.966	413.82381	
628.382	451.30062	
628.797	488.75666	
629.213	413.82381	
629.629	428.81704	
630.045	406.32594	
630.46	456.29595	
630.876	408.82533	
631.291	461.29092	
631.707	373.82546	
632.122	418.82193	
632.537	438.81067	
632.953	418.82193	
633.368	431.31558	
633.783	411.32462	
634.198	358.8199	
634.613	413.82381	
635.028	413.82381	
635.443	421.32084	
635.858	461.29092	
636.273	348.81431	
636.688	401.3269	
637.102	391.32769	
637.517	411.32462	
637.932	396.32748	
638.346	468.78268	
638.761	441.30884	
639.175	356.31864	
639.59	361.32106	
640.004	468.78268	
640.418	363.82213	
640.832	371.32477	
641.247	308.77679	
641.661	351.31585	
642.075	363.82213	
642.489	471.27975	
642.903	371.32477	
643.317	378.82657	
643.731	376.32606	
644.145	426.3184	
644.558	381.32698	
644.972	376.32606	
645.386	403.82647	
645.799	438.81067	
646.213	368.82399	
646.626	441.30884	
647.04	483.76372	
647.453	411.32462	
647.866	338.8072	
648.28	348.81431	
648.693	411.32462	
649.106	361.32106	
649.519	401.3269	
649.932	338.8072	
650.345	368.82399	
650.758	436.3124	
651.171	366.32311	
651.584	351.31585	
651.997	398.82723	
652.41	373.82546	
652.822	353.81729	
653.235	453.79833	
653.647	401.3269	
654.06	348.81431	
654.472	431.31558	
654.885	371.32477	
655.297	406.32594	
655.71	336.30519	
656.122	413.82381	
656.534	401.3269	
656.946	361.32106	
657.358	413.82381	
657.77	428.81704	
658.182	381.32698	
658.594	351.31585	
659.006	351.31585	
659.418	391.32769	
659.83	403.82647	
660.241	396.32748	
660.653	351.31585	
661.065	336.30519	
661.476	481.26711	
661.888	406.32594	
662.299	383.8273	
662.71	416.32292	
663.122	383.8273	
663.533	436.3124	
663.944	398.82723	
664.355	456.29595	
664.767	393.82763	
665.178	396.32748	
665.589	303.77039	
666	443.80693	
666.41	388.82765	
666.821	421.32084	
667.232	428.81704	
667.643	416.32292	
668.053	441.30884	
668.464	438.81067	
668.875	406.32594	
669.285	363.82213	
669.696	388.82765	
670.106	451.30062	
670.516	413.82381	
670.927	443.80693	
671.337	391.32769	
671.747	473.77673	
672.157	441.30884	
672.567	431.31558	
672.977	366.32311	
673.387	361.32106	
673.797	441.30884	
674.207	456.29595	
674.617	441.30884	
675.027	468.78268	
675.436	466.28552	
675.846	386.32752	
676.256	373.82546	
676.665	426.3184	
677.075	378.82657	
677.484	498.74145	
677.893	418.82193	
678.303	386.32752	
678.712	408.82533	
679.121	423.81967	
679.53	448.80281	
679.939	383.8273	
680.348	368.82399	
680.757	388.82765	
681.166	416.32292	
681.575	388.82765	
681.984	351.31585	
682.393	428.81704	
682.802	378.82657	
683.21	398.82723	
683.619	388.82765	
684.027	461.29092	
684.436	458.79348	
684.844	393.82763	
685.253	453.79833	
685.661	398.82723	
686.069	416.32292	
686.477	403.82647	
686.886	396.32748	
687.294	416.32292	
687.702	328.79858	
688.11	413.82381	
688.518	386.32752	
688.926	413.82381	
689.333	383.8273	
689.741	418.82193	
690.149	421.32084	
690.557	378.82657	
690.964	381.32698	
691.372	406.32594	
691.779	378.82657	
692.187	381.32698	
692.594	398.82723	
693.001	391.32769	
693.409	428.81704	
693.816	413.82381	
694.223	436.3124	
694.63	308.77679	
695.037	361.32106	
695.444	458.79348	
695.851	396.32748	
696.258	368.82399	
696.665	373.82546	
697.072	421.32084	
697.479	378.82657	
697.885	483.76372	
698.292	338.8072	
698.698	436.3124	
699.105	416.32292	
699.511	353.81729	
699.918	351.31585	
700.324	373.82546	
700.73	338.8072	
701.137	438.81067	
701.543	366.32311	
701.949	451.30062	
702.355	391.32769	
702.761	443.80693	
703.167	393.82763	
703.573	338.8072	
703.979	456.29595	
704.385	446.30492	
704.79	436.3124	
705.196	421.32084	
705.602	323.7937	
706.007	333.80308	
706.413	438.81067	
706.818	428.81704	
707.224	331.30088	
707.629	406.32594	
708.034	381.32698	
708.439	393.82763	
708.845	413.82381	
709.25	411.32462	
709.655	373.82546	
710.06	431.31558	
710.465	421.32084	
710.87	451.30062	
711.275	461.29092	
711.679	381.32698	
712.084	426.3184	
712.489	401.3269	
712.893	351.31585	
713.298	411.32462	
713.702	416.32292	
714.107	483.76372	
714.511	451.30062	
714.916	411.32462	
715.32	441.30884	
715.724	373.82546	
716.128	376.32606	
716.533	356.31864	
716.937	421.32084	
717.341	396.32748	
717.745	331.30088	
718.149	408.82533	
718.552	378.82657	
718.956	326.29619	
719.36	348.81431	
719.764	456.29595	
720.167	398.82723	
720.571	398.82723	
720.974	403.82647	
721.378	358.8199	
721.781	438.81067	
722.185	343.81094	
722.588	373.82546	
722.991	426.3184	
723.394	378.82657	
723.797	423.81967	
724.2	456.29595	
724.603	326.29619	
725.006	413.82381	
725.409	423.81967	
725.812	386.32752	
726.215	348.81431	
726.618	343.81094	
727.02	321.29112	
727.423	416.32292	
727.826	453.79833	
728.228	378.82657	
728.631	326.29619	
729.033	436.3124	
729.435	378.82657	
729.838	361.32106	
730.24	408.82533	
730.642	398.82723	
731.044	358.8199	
731.446	413.82381	
731.848	406.32594	
732.25	433.81404	
732.652	338.8072	
733.054	348.81431	
733.456	426.3184	
733.857	468.78268	
734.259	401.3269	
734.661	368.82399	
735.062	343.81094	
735.464	388.82765	
735.865	433.81404	
736.267	406.32594	
736.668	388.82765	
737.069	371.32477	
737.47	368.82399	
737.872	441.30884	
738.273	478.7704	
738.674	473.77673	
739.075	426.3184	
739.476	398.82723	
739.877	421.32084	
740.278	403.82647	
740.678	466.28552	
741.079	433.81404	
741.48	413.82381	
741.88	366.32311	
742.281	381.32698	
742.681	328.79858	
743.082	411.32462	
743.482	486.26023	
743.882	473.77673	
744.283	391.32769	
744.683	483.76372	
745.083	441.30884	
745.483	408.82533	
745.883	456.29595	
746.283	406.32594	
746.683	411.32462	
747.083	481.26711	
747.483	343.81094	
747.883	433.81404	
748.282	428.81704	
748.682	406.32594	
749.082	391.32769	
749.481	396.32748	
749.881	406.32594	
750.28	378.82657	
750.679	468.78268	
751.079	396.32748	
751.478	413.82381	
751.877	383.8273	
752.276	303.77039	
752.675	413.82381	
753.074	408.82533	
753.473	371.32477	
753.872	396.32748	
754.271	351.31585	
754.67	431.31558	
755.069	413.82381	
755.467	401.3269	
755.866	393.82763	
756.265	371.32477	
756.663	346.31267	
757.062	451.30062	
757.46	381.32698	
757.858	406.32594	
758.257	436.3124	
758.655	358.8199	
759.053	451.30062	
759.451	426.3184	
759.849	458.79348	
760.247	443.80693	
760.645	393.82763	
761.043	401.3269	
761.441	428.81704	
761.839	433.81404	
762.237	386.32752	
762.634	451.30062	
763.032	331.30088	
763.429	368.82399	
763.827	381.32698	
764.224	368.82399	
764.622	436.3124	
765.019	416.32292	
765.416	393.82763	
765.814	346.31267	
766.211	388.82765	
766.608	398.82723	
767.005	413.82381	
767.402	441.30884	
767.799	323.7937	
768.196	398.82723	
768.593	418.82193	
768.989	326.29619	
769.386	381.32698	
769.783	381.32698	
770.179	493.74924	
770.576	428.81704	
770.972	363.82213	
771.369	421.32084	
771.765	386.32752	
772.161	426.3184	
772.558	408.82533	
772.954	391.32769	
773.35	376.32606	
773.746	423.81967	
774.142	403.82647	
774.538	438.81067	
774.934	426.3184	
775.33	443.80693	
775.726	421.32084	
776.121	491.253	
776.517	433.81404	
776.913	453.79833	
777.308	421.32084	
777.704	471.27975	
778.099	341.30912	
778.495	411.32462	
778.89	421.32084	
779.285	431.31558	
779.68	426.3184	
780.076	416.32292	
780.471	466.28552	
780.866	421.32084	
781.261	411.32462	
781.656	443.80693	
782.051	308.77679	
782.445	343.81094	
782.84	316.28567	
783.235	406.32594	
783.63	341.30912	
784.024	478.7704	
784.419	411.32462	
784.813	343.81094	
785.208	388.82765	
785.602	346.31267	
785.996	428.81704	
786.391	416.32292	
786.785	426.3184	
787.179	418.82193	
787.573	378.82657	
787.967	418.82193	
788.361	353.81729	
788.755	403.82647	
789.149	453.79833	
789.543	453.79833	
789.936	413.82381	
790.33	391.32769	
790.724	361.32106	
791.117	356.31864	
791.511	391.32769	
791.904	466.28552	
792.298	446.30492	
792.691	406.32594	
793.084	443.80693	
793.477	356.31864	
793.871	348.81431	
794.264	373.82546	
794.657	363.82213	
795.05	456.29595	
795.443	398.82723	
795.836	378.82657	
796.228	386.32752	
796.621	446.30492	
797.014	403.82647	
797.406	383.8273	
797.799	443.80693	
798.192	428.81704	
798.584	408.82533	
798.976	456.29595	
799.369	396.32748	
799.761	341.30912	
800.153	278.73266	
800.546	423.81967	
800.938	458.79348	
801.33	453.79833	
801.722	431.31558	
802.114	428.81704	
802.506	436.3124	
802.897	428.81704	
803.289	401.3269	
803.681	406.32594	
804.073	323.7937	
804.464	403.82647	
804.856	358.8199	
805.247	396.32748	
805.639	433.81404	
806.03	401.3269	
806.421	391.32769	
806.813	423.81967	
807.204	413.82381	
807.595	361.32106	
807.986	446.30492	
808.377	411.32462	
808.768	426.3184	
809.159	481.26711	
809.55	361.32106	
809.941	303.77039	
810.331	416.32292	
810.722	368.82399	
811.113	451.30062	
811.503	421.32084	
811.894	431.31558	
812.284	458.79348	
812.675	463.78827	
813.065	376.32606	
813.455	376.32606	
813.846	411.32462	
814.236	418.82193	
814.626	381.32698	
815.016	373.82546	
815.406	418.82193	
815.796	376.32606	
816.186	358.8199	
816.575	411.32462	
816.965	386.32752	
817.355	433.81404	
817.745	433.81404	
818.134	428.81704	
818.524	421.32084	
818.913	403.82647	
819.303	451.30062	
819.692	406.32594	
820.081	363.82213	
820.47	391.32769	
820.86	341.30912	
821.249	426.3184	
821.638	403.82647	
822.027	436.3124	
822.416	476.27361	
822.805	406.32594	
823.193	473.77673	
823.582	336.30519	
823.971	468.78268	
824.36	453.79833	
824.748	343.81094	
825.137	531.18195	
825.525	438.81067	
825.914	433.81404	
826.302	416.32292	
826.69	466.28552	
827.079	416.32292	
827.467	368.82399	
827.855	381.32698	
828.243	423.81967	
828.631	418.82193	
829.019	328.79858	
829.407	443.80693	
829.795	391.32769	
830.182	396.32748	
830.57	433.81404	
830.958	418.82193	
831.345	311.27985	
831.733	431.31558	
832.12	498.74145	
832.508	476.27361	
832.895	398.82723	
833.283	381.32698	
833.67	381.32698	
834.057	443.80693	
834.444	398.82723	
834.831	393.82763	
835.218	376.32606	
835.605	381.32698	
835.992	446.30492	
836.379	443.80693	
836.766	401.3269	
837.152	448.80281	
837.539	371.32477	
837.926	478.7704	
838.312	351.31585	
838.699	386.32752	
839.085	358.8199	
839.472	441.30884	
839.858	373.82546	
840.244	366.32311	
840.63	438.81067	
841.017	383.8273	
841.403	491.253	
841.789	381.32698	
842.175	473.77673	
842.561	433.81404	
842.946	391.32769	
843.332	406.32594	
843.718	411.32462	
844.104	391.32769	
844.489	411.32462	
844.875	381.32698	
845.26	338.8072	
845.646	416.32292	
846.031	426.3184	
846.416	421.32084	
846.802	401.3269	
847.187	293.75644	
847.572	368.82399	
847.957	368.82399	
848.342	421.32084	
848.727	356.31864	
849.112	341.30912	
849.497	398.82723	
849.882	403.82647	
850.266	371.32477	
850.651	398.82723	
851.036	466.28552	
851.42	368.82399	
851.805	361.32106	
852.189	376.32606	
852.574	428.81704	
852.958	433.81404	
853.342	338.8072	
853.726	421.32084	
854.11	453.79833	
854.495	453.79833	
854.879	361.32106	
855.263	453.79833	
855.646	381.32698	
856.03	441.30884	
856.414	481.26711	
856.798	466.28552	
857.181	396.32748	
857.565	421.32084	
857.949	431.31558	
858.332	491.253	
858.716	388.82765	
859.099	388.82765	
859.482	291.25272	
859.866	381.32698	
860.249	461.29092	
860.632	448.80281	
861.015	388.82765	
861.398	426.3184	
861.781	396.32748	
862.164	411.32462	
862.547	368.82399	
862.929	363.82213	
863.312	358.8199	
863.695	328.79858	
864.077	426.3184	
864.46	488.75666	
864.842	436.3124	
865.225	353.81729	
865.607	453.79833	
865.99	418.82193	
866.372	423.81967	
866.754	373.82546	
867.136	451.30062	
867.518	351.31585	
867.9	358.8199	
868.282	381.32698	
868.664	371.32477	
869.046	341.30912	
869.428	341.30912	
869.809	543.65498	
870.191	356.31864	
870.573	371.32477	
870.954	376.32606	
871.336	401.3269	
871.717	381.32698	
872.099	388.82765	
872.48	381.32698	
872.861	398.82723	
873.242	386.32752	
873.623	391.32769	
874.004	363.82213	
874.385	376.32606	
874.766	398.82723	
875.147	328.79858	
875.528	421.32084	
875.909	386.32752	
876.29	393.82763	
876.67	408.82533	
877.051	408.82533	
877.431	441.30884	
877.812	318.78845	
878.192	406.32594	
878.573	373.82546	
878.953	398.82723	
879.333	351.31585	
879.713	353.81729	
880.093	408.82533	
880.473	426.3184	
880.853	388.82765	
881.233	371.32477	
881.613	316.28567	
881.993	348.81431	
882.373	393.82763	
882.753	468.78268	
883.132	421.32084	
883.512	323.7937	
883.891	363.82213	
884.271	376.32606	
884.65	393.82763	
885.029	421.32084	
885.409	406.32594	
885.788	376.32606	
886.167	388.82765	
886.546	446.30492	
886.925	356.31864	
887.304	298.76361	
887.683	433.81404	
888.062	338.8072	
888.441	338.8072	
888.82	463.78827	
889.198	443.80693	
889.577	431.31558	
889.955	368.82399	
890.334	358.8199	
890.712	466.28552	
891.091	386.32752	
891.469	351.31585	
891.847	338.8072	
892.226	383.8273	
892.604	433.81404	
892.982	348.81431	
893.36	336.30519	
893.738	378.82657	
894.116	421.32084	
894.493	421.32084	
894.871	398.82723	
895.249	378.82657	
895.627	328.79858	
896.004	381.32698	
896.382	436.3124	
896.759	388.82765	
897.137	428.81704	
897.514	403.82647	
897.891	411.32462	
898.269	443.80693	
898.646	353.81729	
899.023	413.82381	
899.4	386.32752	
899.777	371.32477	
900.154	396.32748	
900.531	471.27975	
900.908	376.32606	
901.284	388.82765	
901.661	351.31585	
902.038	423.81967	
902.414	411.32462	
902.791	473.77673	
903.167	388.82765	
903.544	431.31558	
903.92	391.32769	
904.296	411.32462	
904.672	406.32594	
905.049	358.8199	
905.425	431.31558	
905.801	461.29092	
906.177	461.29092	
906.553	403.82647	
906.929	408.82533	
907.304	356.31864	
907.68	351.31585	
908.056	326.29619	
908.431	461.29092	
908.807	343.81094	
909.182	443.80693	
909.558	396.32748	
909.933	438.81067	
910.309	401.3269	
910.684	401.3269	
911.059	446.30492	
911.434	403.82647	
911.809	478.7704	
912.184	416.32292	
912.559	441.30884	
912.934	333.80308	
913.309	381.32698	
913.684	378.82657	
914.058	363.82213	
914.433	451.30062	
914.808	476.27361	
915.182	411.32462	
915.557	433.81404	
915.931	416.32292	
916.305	386.32752	
916.68	433.81404	
917.054	416.32292	
917.428	371.32477	
917.802	343.81094	
918.176	403.82647	
918.55	406.32594	
918.924	393.82763	
919.298	366.32311	
919.672	376.32606	
920.045	391.32769	
920.419	428.81704	
920.793	416.32292	
921.166	473.77673	
921.54	433.81404	
921.913	401.3269	
922.287	398.82723	
922.66	348.81431	
923.033	396.32748	
923.406	426.3184	
923.78	366.32311	
924.153	428.81704	
924.526	373.82546	
924.899	428.81704	
925.271	358.8199	
925.644	363.82213	
926.017	438.81067	
926.39	421.32084	
926.762	383.8273	
927.135	408.82533	
927.508	471.27975	
927.88	438.81067	
928.252	336.30519	
928.625	456.29595	
928.997	398.82723	
929.369	426.3184	
929.741	443.80693	
930.114	453.79833	
930.486	363.82213	
930.858	373.82546	
931.229	463.78827	
931.601	346.31267	
931.973	416.32292	
932.345	436.3124	
932.717	301.26704	
933.088	416.32292	
933.46	428.81704	
933.831	408.82533	
934.203	328.79858	
934.574	401.3269	
934.945	418.82193	
935.317	328.79858	
935.688	378.82657	
936.059	343.81094	
936.43	386.32752	
936.801	453.79833	
937.172	348.81431	
937.543	378.82657	
937.914	421.32084	
938.284	423.81967	
938.655	411.32462	
939.026	388.82765	
939.396	408.82533	
939.767	421.32084	
940.137	361.32106	
940.508	311.27985	
940.878	383.8273	
941.248	368.82399	
941.618	396.32748	
941.989	371.32477	
942.359	376.32606	
942.729	371.32477	
943.099	398.82723	
943.469	318.78845	
943.838	371.32477	
944.208	413.82381	
944.578	306.27364	
944.948	473.77673	
945.317	463.78827	
945.687	366.32311	
946.056	396.32748	
946.426	373.82546	
946.795	361.32106	
947.164	461.29092	
947.533	313.78281	
947.903	388.82765	
948.272	381.32698	
948.641	381.32698	
949.01	436.3124	
949.379	371.32477	
949.748	353.81729	
950.116	406.32594	
950.485	376.32606	
950.854	423.81967	
951.222	391.32769	
951.591	386.32752	
951.959	368.82399	
952.328	373.82546	
952.696	346.31267	
953.065	356.31864	
953.433	408.82533	
953.801	448.80281	
954.169	371.32477	
954.537	398.82723	
954.905	313.78281	
955.273	373.82546	
955.641	358.8199	
956.009	421.32084	
956.377	388.82765	
956.744	396.32748	
957.112	406.32594	
957.479	378.82657	
957.847	336.30519	
958.214	358.8199	
958.582	353.81729	
958.949	428.81704	
959.316	363.82213	
959.684	348.81431	
960.051	363.82213	
960.418	376.32606	
960.785	398.82723	
961.152	336.30519	
961.519	403.82647	
961.885	456.29595	
962.252	473.77673	
962.619	368.82399	
962.986	493.74924	
963.352	426.3184	
963.719	388.82765	
964.085	376.32606	
964.452	413.82381	
964.818	506.22909	
965.184	373.82546	
965.55	398.82723	
965.916	388.82765	
966.283	336.30519	
966.649	343.81094	
967.015	406.32594	
967.38	473.77673	
967.746	423.81967	
968.112	463.78827	
968.478	411.32462	
968.843	438.81067	
969.209	371.32477	
969.575	421.32084	
969.94	406.32594	
970.305	391.32769	
970.671	383.8273	
971.036	321.29112	
971.401	391.32769	
971.766	378.82657	
972.132	371.32477	
972.497	411.32462	
972.862	486.26023	
973.227	421.32084	
973.591	393.82763	
973.956	456.29595	
974.321	331.30088	
974.686	363.82213	
975.05	396.32748	
975.415	391.32769	
975.779	398.82723	
976.144	421.32084	
976.508	416.32292	
976.872	403.82647	
977.236	386.32752	
977.601	308.77679	
977.965	416.32292	
978.329	408.82533	
978.693	336.30519	
979.057	343.81094	
979.421	368.82399	
979.784	443.80693	
980.148	378.82657	
980.512	388.82765	
980.875	356.31864	
981.239	398.82723	
981.602	336.30519	
981.966	368.82399	
982.329	408.82533	
982.692	348.81431	
983.056	368.82399	
983.419	388.82765	
983.782	483.76372	
984.145	443.80693	
984.508	423.81967	
984.871	413.82381	
985.234	373.82546	
985.597	426.3184	
985.959	291.25272	
986.322	396.32748	
986.685	376.32606	
987.047	431.31558	
987.41	308.77679	
987.772	351.31585	
988.134	403.82647	
988.497	358.8199	
988.859	391.32769	
989.221	388.82765	
989.583	356.31864	
989.945	386.32752	
990.307	388.82765	
990.669	456.29595	
991.031	468.78268	
991.393	438.81067	
991.755	393.82763	
992.116	313.78281	
992.478	383.8273	
992.839	418.82193	
993.201	398.82723	
993.562	411.32462	
993.924	386.32752	
994.285	431.31558	
994.646	438.81067	
995.007	368.82399	
995.369	396.32748	
995.73	443.80693	
996.091	396.32748	
996.451	358.8199	
996.812	388.82765	
997.173	413.82381	
997.534	426.3184	
997.895	413.82381	
998.255	448.80281	
998.616	478.7704	
998.976	326.29619	
999.337	418.82193	
999.697	371.32477	
1000.057	383.8273	
1000.418	393.82763	
1000.778	423.81967	
1001.138	313.78281	
1001.498	326.29619	
1001.858	406.32594	
1002.218	381.32698	
1002.578	381.32698	
1002.937	406.32594	
1003.297	363.82213	
1003.657	353.81729	
1004.016	336.30519	
1004.376	446.30492	
1004.735	403.82647	
1005.095	361.32106	
1005.454	416.32292	
1005.813	373.82546	
1006.173	443.80693	
1006.532	346.31267	
1006.891	431.31558	
1007.25	418.82193	
1007.609	491.253	
1007.968	401.3269	
1008.327	303.77039	
1008.686	416.32292	
1009.044	448.80281	
1009.403	411.32462	
1009.762	361.32106	
1010.12	426.3184	
1010.479	403.82647	
1010.837	368.82399	
1011.195	366.32311	
1011.554	296.26007	
1011.912	368.82399	
1012.27	421.32084	
1012.628	418.82193	
1012.986	433.81404	
1013.344	458.79348	
1013.702	388.82765	
1014.06	436.3124	
1014.418	378.82657	
1014.775	396.32748	
1015.133	373.82546	
1015.491	373.82546	
1015.848	398.82723	
1016.206	413.82381	
1016.563	433.81404	
1016.92	401.3269	
1017.278	456.29595	
1017.635	383.8273	
1017.992	406.32594	
1018.349	476.27361	
1018.706	391.32769	
1019.063	368.82399	
1019.42	391.32769	
1019.777	368.82399	
1020.134	473.77673	
1020.49	426.3184	
1020.847	373.82546	
1021.203	381.32698	
1021.56	468.78268	
1021.916	381.32698	
1022.273	428.81704	
1022.629	416.32292	
1022.985	451.30062	
1023.342	433.81404	
1023.698	406.32594	
1024.054	418.82193	
1024.41	498.74145	
1024.766	391.32769	
1025.122	381.32698	
1025.477	348.81431	
1025.833	413.82381	
1026.189	418.82193	
1026.545	416.32292	
1026.9	406.32594	
1027.256	353.81729	
1027.611	341.30912	
1027.966	383.8273	
1028.322	373.82546	
1028.677	313.78281	
1029.032	366.32311	
1029.387	396.32748	
1029.742	426.3184	
1030.097	371.32477	
1030.452	426.3184	
1030.807	398.82723	
1031.162	423.81967	
1031.517	488.75666	
1031.871	401.3269	
1032.226	413.82381	
1032.581	413.82381	
1032.935	413.82381	
