FLMS05510_1:101		
187.856	-23.74222	
188.32	-23.74222	
188.785	-23.74222	
189.249	-64.01487	
189.713	-41.35825	
190.178	-167.33536	
190.642	-41.35825	
191.106	-89.19875	
191.57	-76.60551	
192.034	-149.68275	
192.498	-46.39233	
192.963	-43.87524	
193.427	-38.84137	
193.89	13.98949	
194.354	41.64483	
194.818	34.10368	
195.282	114.49585	
195.746	117.00645	
196.21	64.26281	
196.673	157.1626	
197.137	109.47434	
197.601	199.80086	
198.064	119.51695	
198.528	194.78606	
198.991	264.95782	
199.454	212.33614	
199.918	227.37526	
200.381	267.46255	
200.844	335.05415	
201.308	209.82928	
201.771	332.55199	
202.234	320.0398	
202.697	315.03425	
203.16	400.07708	
203.623	332.55199	
204.086	312.53134	
204.549	267.46255	
205.012	385.07742	
205.475	342.56004	
205.938	357.56928	
206.4	372.57513	
206.863	310.02833	
207.326	295.00827	
207.788	347.5635	
208.251	405.07622	
208.714	317.53707	
209.176	347.5635	
209.639	360.07049	
210.101	330.04974	
210.563	400.07708	
211.026	345.06182	
211.488	345.06182	
211.95	357.56928	
212.412	317.53707	
212.874	377.57633	
213.337	340.05817	
213.799	279.98477	
214.261	305.02202	
214.723	335.05415	
215.184	375.07578	
215.646	272.47173	
216.108	332.55199	
216.57	315.03425	
217.032	310.02833	
217.493	279.98477	
217.955	327.5474	
218.417	347.5635	
218.878	320.0398	
219.34	372.57513	
219.801	377.57633	
220.263	284.99299	
220.724	264.95782	
221.185	337.55621	
221.647	307.52522	
222.108	284.99299	
222.569	290.00082	
223.03	380.07679	
223.491	284.99299	
223.952	335.05415	
224.413	320.0398	
224.874	317.53707	
225.335	317.53707	
225.796	315.03425	
226.257	345.06182	
226.718	282.48893	
227.179	300.01534	
227.639	380.07679	
228.1	259.94807	
228.561	284.99299	
229.021	302.51873	
229.482	327.5474	
229.942	282.48893	
230.403	317.53707	
230.863	345.06182	
231.323	292.50459	
231.784	269.96719	
232.244	382.57715	
232.704	315.03425	
233.164	375.07578	
233.625	342.56004	
234.085	337.55621	
234.545	272.47173	
235.005	310.02833	
235.465	410.07498	
235.925	317.53707	
236.384	350.06509	
236.844	287.49695	
237.304	297.51185	
237.764	267.46255	
238.223	300.01534	
238.683	317.53707	
239.143	249.9274	
239.602	335.05415	
240.062	315.03425	
240.521	307.52522	
240.98	310.02833	
241.44	322.54242	
241.899	315.03425	
242.358	335.05415	
242.818	335.05415	
243.277	367.57356	
243.736	342.56004	
244.195	340.05817	
244.654	345.06182	
245.113	259.94807	
245.572	335.05415	
246.031	357.56928	
246.49	322.54242	
246.949	345.06182	
247.408	332.55199	
247.866	405.07622	
248.325	335.05415	
248.784	282.48893	
249.242	425.06904	
249.701	327.5474	
250.159	300.01534	
250.618	305.02202	
251.076	347.5635	
251.534	355.06798	
251.993	340.05817	
252.451	307.52522	
252.909	405.07622	
253.368	370.07439	
253.826	345.06182	
254.284	347.5635	
254.742	310.02833	
255.2	350.06509	
255.658	307.52522	
256.116	340.05817	
256.574	320.0398	
257.031	342.56004	
257.489	287.49695	
257.947	375.07578	
258.405	342.56004	
258.862	322.54242	
259.32	382.57715	
259.777	340.05817	
260.235	249.9274	
260.692	372.57513	
261.15	342.56004	
261.607	317.53707	
262.065	367.57356	
262.522	382.57715	
262.979	372.57513	
263.436	352.56658	
263.893	390.07768	
264.351	330.04974	
264.808	362.57161	
265.265	367.57356	
265.722	322.54242	
266.178	332.55199	
266.635	382.57715	
267.092	317.53707	
267.549	405.07622	
268.006	347.5635	
268.462	402.57669	
268.919	337.55621	
269.376	355.06798	
269.832	360.07049	
270.289	400.07708	
270.745	342.56004	
271.202	259.94807	
271.658	325.04496	
272.114	387.5776	
272.571	322.54242	
273.027	427.56773	
273.483	317.53707	
273.939	310.02833	
274.395	400.07708	
274.851	372.57513	
275.307	315.03425	
275.763	310.02833	
276.219	382.57715	
276.675	317.53707	
277.131	357.56928	
277.587	415.07337	
278.042	337.55621	
278.498	327.5474	
278.954	320.0398	
279.409	410.07498	
279.865	300.01534	
280.32	325.04496	
280.776	325.04496	
281.231	282.48893	
281.687	337.55621	
282.142	367.57356	
282.597	420.0714	
283.052	420.0714	
283.508	322.54242	
283.963	310.02833	
284.418	335.05415	
284.873	307.52522	
285.328	337.55621	
285.783	352.56658	
286.238	332.55199	
286.693	360.07049	
287.147	355.06798	
287.602	395.07757	
288.057	292.50459	
288.512	402.57669	
288.966	377.57633	
289.421	325.04496	
289.875	315.03425	
290.33	377.57633	
290.784	337.55621	
291.239	390.07768	
291.693	370.07439	
292.147	259.94807	
292.602	320.0398	
293.056	385.07742	
293.51	407.57565	
293.964	382.57715	
294.418	377.57633	
294.872	407.57565	
295.326	355.06798	
295.78	385.07742	
296.234	337.55621	
296.688	305.02202	
297.142	395.07757	
297.595	335.05415	
298.049	360.07049	
298.503	395.07757	
298.956	290.00082	
299.41	345.06182	
299.863	345.06182	
300.317	362.57161	
300.77	380.07679	
301.224	377.57633	
301.677	315.03425	
302.13	365.07263	
302.584	282.48893	
303.037	327.5474	
303.49	365.07263	
303.943	370.07439	
304.396	310.02833	
304.849	372.57513	
305.302	385.07742	
305.755	310.02833	
306.208	332.55199	
306.661	302.51873	
307.114	322.54242	
307.566	400.07708	
308.019	307.52522	
308.472	342.56004	
308.924	407.57565	
309.377	357.56928	
309.829	362.57161	
310.282	320.0398	
310.734	357.56928	
311.187	400.07708	
311.639	295.00827	
312.091	337.55621	
312.543	417.57243	
312.995	410.07498	
313.448	472.52825	
313.9	310.02833	
314.352	335.05415	
314.804	254.93793	
315.256	397.57737	
315.708	402.57669	
316.159	332.55199	
316.611	405.07622	
317.063	410.07498	
317.515	480.01877	
317.966	716.79861	
318.418	920.54307	
318.87	903.1725	
319.321	781.46275	
319.773	552.38475	
320.224	485.01199	
320.675	432.56482	
321.127	340.05817	
321.578	327.5474	
322.029	382.57715	
322.48	295.00827	
322.932	337.55621	
323.383	427.56773	
323.834	355.06798	
324.285	357.56928	
324.736	345.06182	
325.187	365.07263	
325.638	295.00827	
326.088	345.06182	
326.539	360.07049	
326.99	310.02833	
327.441	320.0398	
327.891	380.07679	
328.342	360.07049	
328.792	337.55621	
329.243	387.5776	
329.693	342.56004	
330.144	452.54949	
330.594	342.56004	
331.044	279.98477	
331.495	340.05817	
331.945	332.55199	
332.395	367.57356	
332.845	312.53134	
333.295	357.56928	
333.745	362.57161	
334.195	382.57715	
334.645	420.0714	
335.095	342.56004	
335.545	310.02833	
335.995	262.45299	
336.444	377.57633	
336.894	367.57356	
337.344	397.57737	
337.793	362.57161	
338.243	312.53134	
338.692	335.05415	
339.142	375.07578	
339.591	370.07439	
340.041	377.57633	
340.49	427.56773	
340.939	310.02833	
341.388	310.02833	
341.838	432.56482	
342.287	335.05415	
342.736	320.0398	
343.185	407.57565	
343.634	417.57243	
344.083	422.57027	
344.532	325.04496	
344.981	312.53134	
345.429	390.07768	
345.878	380.07679	
346.327	447.55388	
346.776	385.07742	
347.224	347.5635	
347.673	347.5635	
348.121	397.57737	
348.57	390.07768	
349.018	365.07263	
349.467	360.07049	
349.915	450.05173	
350.363	310.02833	
350.811	352.56658	
351.26	365.07263	
351.708	467.53411	
352.156	407.57565	
352.604	262.45299	
353.052	327.5474	
353.5	370.07439	
353.948	330.04974	
354.396	370.07439	
354.843	357.56928	
355.291	470.03123	
355.739	417.57243	
356.186	337.55621	
356.634	437.56154	
357.082	405.07622	
357.529	352.56658	
357.977	410.07498	
358.424	415.07337	
358.871	360.07049	
359.319	395.07757	
359.766	452.54949	
360.213	417.57243	
360.661	400.07708	
361.108	467.53411	
361.555	435.06323	
362.002	387.5776	
362.449	345.06182	
362.896	382.57715	
363.343	365.07263	
363.79	290.00082	
364.236	375.07578	
364.683	355.06798	
365.13	362.57161	
365.577	385.07742	
366.023	342.56004	
366.47	375.07578	
366.916	350.06509	
367.363	387.5776	
367.809	315.03425	
368.256	412.57423	
368.702	320.0398	
369.148	347.5635	
369.594	385.07742	
370.041	415.07337	
370.487	397.57737	
370.933	377.57633	
371.379	370.07439	
371.825	375.07578	
372.271	380.07679	
372.717	385.07742	
373.163	430.06632	
373.608	407.57565	
374.054	375.07578	
374.5	362.57161	
374.946	430.06632	
375.391	352.56658	
375.837	455.04716	
376.282	325.04496	
376.728	387.5776	
377.173	277.48052	
377.618	352.56658	
378.064	370.07439	
378.509	335.05415	
378.954	380.07679	
379.4	365.07263	
379.845	317.53707	
380.29	322.54242	
380.735	370.07439	
381.18	467.53411	
381.625	480.01877	
382.07	465.0369	
382.514	457.54473	
382.959	487.50846	
383.404	385.07742	
383.849	412.57423	
384.293	450.05173	
384.738	385.07742	
385.183	375.07578	
385.627	395.07757	
386.072	407.57565	
386.516	497.49343	
386.96	778.97675	
387.405	1476.7819	
387.849	5197.14037	
388.293	11856.07923	
388.737	13858.5129	
389.181	10674.69005	
389.626	5968.92372	
390.07	3681.54895	
390.514	2361.47366	
390.957	1543.26809	
391.401	858.48644	
391.845	567.34751	
392.289	542.40778	
392.733	425.06904	
393.176	462.53961	
393.62	417.57243	
394.064	385.07742	
394.507	352.56658	
394.951	455.04716	
395.394	497.49343	
395.838	589.78557	
396.281	699.379	
396.724	587.29281	
397.168	599.75571	
397.611	450.05173	
398.054	392.57767	
398.497	457.54473	
398.94	350.06509	
399.383	352.56658	
399.826	392.57767	
400.269	342.56004	
400.712	390.07768	
401.155	422.57027	
401.597	622.18331	
402.04	930.46727	
402.483	1103.92748	
402.925	975.10973	
403.368	617.20002	
403.811	522.44948	
404.253	512.46816	
404.696	450.05173	
405.138	380.07679	
405.58	340.05817	
406.023	387.5776	
406.465	342.56004	
406.907	352.56658	
407.349	402.57669	
407.791	467.53411	
408.233	345.06182	
408.675	362.57161	
409.117	392.57767	
409.559	447.55388	
410.001	360.07049	
410.443	420.0714	
410.885	392.57767	
411.326	412.57423	
411.768	410.07498	
412.21	517.459	
412.651	427.56773	
413.093	367.57356	
413.534	387.5776	
413.975	497.49343	
414.417	425.06904	
414.858	450.05173	
415.299	430.06632	
415.741	395.07757	
416.182	380.07679	
416.623	340.05817	
417.064	367.57356	
417.505	407.57565	
417.946	345.06182	
418.387	402.57669	
418.828	377.57633	
419.269	410.07498	
419.709	440.05977	
420.15	310.02833	
420.591	347.5635	
421.031	400.07708	
421.472	442.5579	
421.913	397.57737	
422.353	407.57565	
422.794	415.07337	
423.234	342.56004	
423.674	402.57669	
424.115	380.07679	
424.555	405.07622	
424.995	325.04496	
425.435	352.56658	
425.875	402.57669	
426.315	402.57669	
426.755	370.07439	
427.195	325.04496	
427.635	327.5474	
428.075	347.5635	
428.515	422.57027	
428.955	377.57633	
429.394	410.07498	
429.834	345.06182	
430.274	305.02202	
430.713	352.56658	
431.153	360.07049	
431.592	422.57027	
432.031	425.06904	
432.471	385.07742	
432.91	377.57633	
433.349	387.5776	
433.789	397.57737	
434.228	385.07742	
434.667	335.05415	
435.106	420.0714	
435.545	335.05415	
435.984	315.03425	
436.423	370.07439	
436.862	425.06904	
437.301	387.5776	
437.739	395.07757	
438.178	524.94459	
438.617	562.36028	
439.055	455.04716	
439.494	455.04716	
439.932	350.06509	
440.371	430.06632	
440.809	397.57737	
441.248	305.02202	
441.686	375.07578	
442.124	377.57633	
442.563	407.57565	
443.001	410.07498	
443.439	360.07049	
443.877	380.07679	
444.315	499.98945	
444.753	475.02518	
445.191	472.52825	
445.629	662.03683	
446.067	1562.95735	
446.504	3655.07173	
446.942	4449.02485	
447.38	4034.76495	
447.817	2580.68469	
448.255	1725.21574	
448.693	1316.49781	
449.13	870.90197	
449.568	709.33359	
450.005	537.41875	
450.442	380.07679	
450.88	437.56154	
451.317	467.53411	
451.754	382.57715	
452.191	370.07439	
452.628	477.52202	
453.065	435.06323	
453.502	475.02518	
453.939	402.57669	
454.376	437.56154	
454.813	430.06632	
455.25	360.07049	
455.686	395.07757	
456.123	362.57161	
456.56	390.07768	
456.996	347.5635	
457.433	312.53134	
457.869	385.07742	
458.306	347.5635	
458.742	342.56004	
459.179	325.04496	
459.615	357.56928	
460.051	410.07498	
460.487	375.07578	
460.924	402.57669	
461.36	350.06509	
461.796	405.07622	
462.232	392.57767	
462.668	375.07578	
463.104	457.54473	
463.539	307.52522	
463.975	370.07439	
464.411	367.57356	
464.847	380.07679	
465.282	360.07049	
465.718	340.05817	
466.153	422.57027	
466.589	380.07679	
467.024	322.54242	
467.46	387.5776	
467.895	352.56658	
468.33	362.57161	
468.766	452.54949	
469.201	352.56658	
469.636	490.00484	
470.071	482.51542	
470.506	965.1915	
470.941	1306.62364	
471.376	1444.75065	
471.811	1118.77697	
472.246	786.4345	
472.681	639.62201	
473.115	547.39645	
473.55	507.47695	
473.985	352.56658	
474.419	385.07742	
474.854	302.51873	
475.288	335.05415	
475.723	420.0714	
476.157	422.57027	
476.592	340.05817	
477.026	387.5776	
477.46	390.07768	
477.894	422.57027	
478.329	417.57243	
478.763	352.56658	
479.197	320.0398	
479.631	412.57423	
480.065	377.57633	
480.499	390.07768	
480.932	342.56004	
481.366	387.5776	
481.8	317.53707	
482.234	350.06509	
482.667	347.5635	
483.101	322.54242	
483.535	350.06509	
483.968	330.04974	
484.401	377.57633	
484.835	355.06798	
485.268	417.57243	
485.702	442.5579	
486.135	357.56928	
486.568	355.06798	
487.001	430.06632	
487.434	360.07049	
487.867	382.57715	
488.3	350.06509	
488.733	410.07498	
489.166	397.57737	
489.599	437.56154	
490.032	422.57027	
490.464	402.57669	
490.897	492.50113	
491.33	1457.07186	
491.762	2519.84374	
492.195	2843.0775	
492.627	2127.07643	
493.06	1326.37075	
493.492	1081.64781	
493.925	836.13315	
494.357	686.93381	
494.789	514.96363	
495.221	447.55388	
495.653	420.0714	
496.086	350.06509	
496.518	360.07049	
496.95	405.07622	
497.382	425.06904	
497.813	412.57423	
498.245	412.57423	
498.677	397.57737	
499.109	465.0369	
499.54	430.06632	
499.972	447.55388	
500.404	1281.93282	
500.835	5746.88603	
501.267	9110.88297	
501.698	9628.02565	
502.129	6138.72502	
502.561	3758.53673	
502.992	2573.38583	
503.423	1769.4137	
503.855	1380.64996	
504.286	1197.92574	
504.717	1019.72544	
505.148	803.83291	
505.579	537.41875	
506.01	544.90216	
506.441	457.54473	
506.871	397.57737	
507.302	400.07708	
507.733	405.07622	
508.163	420.0714	
508.594	365.07263	
509.025	350.06509	
509.455	352.56658	
509.886	350.06509	
510.316	407.57565	
510.746	405.07622	
511.177	347.5635	
511.607	377.57633	
512.037	332.55199	
512.467	375.07578	
512.898	440.05977	
513.328	425.06904	
513.758	305.02202	
514.188	432.56482	
514.617	410.07498	
515.047	387.5776	
515.477	415.07337	
515.907	300.01534	
516.337	462.53961	
516.766	447.55388	
517.196	330.04974	
517.625	395.07757	
518.055	337.55621	
518.484	447.55388	
518.914	410.07498	
519.343	377.57633	
519.772	325.04496	
520.202	385.07742	
520.631	345.06182	
521.06	362.57161	
521.489	445.05593	
521.918	420.0714	
522.347	345.06182	
522.776	395.07757	
523.205	322.54242	
523.634	400.07708	
524.063	377.57633	
524.491	430.06632	
524.92	395.07757	
525.349	432.56482	
525.777	347.5635	
526.206	370.07439	
526.634	382.57715	
527.063	455.04716	
527.491	372.57513	
527.919	375.07578	
528.348	327.5474	
528.776	402.57669	
529.204	330.04974	
529.632	427.56773	
530.06	360.07049	
530.488	315.03425	
530.916	382.57715	
531.344	337.55621	
531.772	345.06182	
532.2	352.56658	
532.627	430.06632	
533.055	357.56928	
533.483	410.07498	
533.91	370.07439	
534.338	317.53707	
534.765	337.55621	
535.193	435.06323	
535.62	417.57243	
536.048	362.57161	
536.475	380.07679	
536.902	330.04974	
537.329	305.02202	
537.757	370.07439	
538.184	402.57669	
538.611	357.56928	
539.038	422.57027	
539.465	360.07049	
539.892	377.57633	
540.318	367.57356	
540.745	365.07263	
541.172	362.57161	
541.599	412.57423	
542.025	375.07578	
542.452	390.07768	
542.878	380.07679	
543.305	342.56004	
543.731	442.5579	
544.158	274.97617	
544.584	397.57737	
545.01	442.5579	
545.436	317.53707	
545.862	357.56928	
546.289	415.07337	
546.715	365.07263	
547.141	422.57027	
547.567	350.06509	
547.993	460.04221	
548.418	340.05817	
548.844	380.07679	
549.27	412.57423	
549.696	367.57356	
550.121	417.57243	
550.547	387.5776	
550.972	387.5776	
551.398	382.57715	
551.823	400.07708	
552.249	370.07439	
552.674	395.07757	
553.099	370.07439	
553.525	337.55621	
553.95	377.57633	
554.375	322.54242	
554.8	370.07439	
555.225	372.57513	
555.65	375.07578	
556.075	360.07049	
556.5	397.57737	
556.925	437.56154	
557.349	407.57565	
557.774	340.05817	
558.199	442.5579	
558.623	370.07439	
559.048	425.06904	
559.472	405.07622	
559.897	317.53707	
560.321	392.57767	
560.746	397.57737	
561.17	325.04496	
561.594	325.04496	
562.018	325.04496	
562.443	392.57767	
562.867	315.03425	
563.291	340.05817	
563.715	360.07049	
564.139	305.02202	
564.562	417.57243	
564.986	345.06182	
565.41	382.57715	
565.834	407.57565	
566.257	350.06509	
566.681	355.06798	
567.105	385.07742	
567.528	357.56928	
567.952	385.07742	
568.375	367.57356	
568.798	355.06798	
569.222	415.07337	
569.645	375.07578	
570.068	410.07498	
570.491	430.06632	
570.914	325.04496	
571.337	370.07439	
571.76	415.07337	
572.183	432.56482	
572.606	427.56773	
573.029	300.01534	
573.452	412.57423	
573.875	425.06904	
574.297	367.57356	
574.72	405.07622	
575.143	312.53134	
575.565	357.56928	
575.988	445.05593	
576.41	370.07439	
576.832	435.06323	
577.255	422.57027	
577.677	400.07708	
578.099	440.05977	
578.521	422.57027	
578.943	470.03123	
579.365	377.57633	
579.787	407.57565	
580.209	402.57669	
580.631	502.48537	
581.053	387.5776	
581.475	455.04716	
581.897	475.02518	
582.318	367.57356	
582.74	362.57161	
583.162	430.06632	
583.583	445.05593	
584.005	534.9241	
584.426	485.01199	
584.847	432.56482	
585.269	552.38475	
585.69	639.62201	
586.111	927.98635	
586.532	5519.70753	
586.954	38480.18204	
587.375	56068.68348	
587.796	57207.17276	
588.217	33669.3865	
588.637	18931.00716	
589.058	11953.16922	
589.479	7731.17728	
589.9	5190.01515	
590.32	3249.87163	
590.741	2046.362	
591.162	1170.72752	
591.582	801.34768	
592.003	574.82767	
592.423	497.49343	
592.844	499.98945	
593.264	405.07622	
593.684	457.54473	
594.104	395.07757	
594.524	494.99733	
594.945	407.57565	
595.365	400.07708	
595.785	395.07757	
596.205	340.05817	
596.625	365.07263	
597.044	385.07742	
597.464	452.54949	
597.884	330.04974	
598.304	337.55621	
598.723	380.07679	
599.143	370.07439	
599.562	347.5635	
599.982	357.56928	
600.401	430.06632	
600.821	402.57669	
601.24	362.57161	
601.659	360.07049	
602.078	340.05817	
602.498	382.57715	
602.917	472.52825	
603.336	357.56928	
603.755	382.57715	
604.174	392.57767	
604.593	437.56154	
605.011	402.57669	
605.43	345.06182	
605.849	407.57565	
606.268	332.55199	
606.686	450.05173	
607.105	387.5776	
607.523	360.07049	
607.942	380.07679	
608.36	372.57513	
608.779	312.53134	
609.197	385.07742	
609.615	362.57161	
610.033	407.57565	
610.451	397.57737	
610.87	412.57423	
611.288	320.0398	
611.706	412.57423	
612.124	430.06632	
612.541	425.06904	
612.959	462.53961	
613.377	372.57513	
613.795	292.50459	
614.212	262.45299	
614.63	415.07337	
615.048	362.57161	
615.465	402.57669	
615.883	357.56928	
616.3	352.56658	
616.717	410.07498	
617.135	412.57423	
617.552	427.56773	
617.969	370.07439	
618.386	347.5635	
618.803	462.53961	
619.22	377.57633	
619.637	400.07708	
620.054	442.5579	
620.471	445.05593	
620.888	337.55621	
621.305	400.07708	
621.721	357.56928	
622.138	342.56004	
622.555	340.05817	
622.971	315.03425	
623.388	332.55199	
623.804	435.06323	
624.221	422.57027	
624.637	372.57513	
625.053	380.07679	
625.47	312.53134	
625.886	350.06509	
626.302	317.53707	
626.718	407.57565	
627.134	332.55199	
627.55	367.57356	
627.966	397.57737	
628.382	315.03425	
628.797	365.07263	
629.213	382.57715	
629.629	420.0714	
630.045	405.07622	
630.46	360.07049	
630.876	440.05977	
631.291	337.55621	
631.707	402.57669	
632.122	330.04974	
632.537	452.54949	
632.953	367.57356	
633.368	385.07742	
633.783	382.57715	
634.198	357.56928	
634.613	372.57513	
635.028	370.07439	
635.443	375.07578	
635.858	347.5635	
636.273	350.06509	
636.688	302.51873	
637.102	362.57161	
637.517	355.06798	
637.932	370.07439	
638.346	407.57565	
638.761	347.5635	
639.175	332.55199	
639.59	370.07439	
640.004	392.57767	
640.418	420.0714	
640.832	340.05817	
641.247	332.55199	
641.661	397.57737	
642.075	377.57633	
642.489	287.49695	
642.903	402.57669	
643.317	372.57513	
643.731	395.07757	
644.145	430.06632	
644.558	430.06632	
644.972	377.57633	
645.386	382.57715	
645.799	315.03425	
646.213	347.5635	
646.626	417.57243	
647.04	410.07498	
647.453	417.57243	
647.866	340.05817	
648.28	420.0714	
648.693	355.06798	
649.106	357.56928	
649.519	350.06509	
649.932	442.5579	
650.345	342.56004	
650.758	365.07263	
651.171	375.07578	
651.584	357.56928	
651.997	347.5635	
652.41	447.55388	
652.822	390.07768	
653.235	380.07679	
653.647	380.07679	
654.06	430.06632	
654.472	390.07768	
654.885	427.56773	
655.297	412.57423	
655.71	407.57565	
656.122	407.57565	
656.534	292.50459	
656.946	355.06798	
657.358	382.57715	
657.77	320.0398	
658.182	355.06798	
658.594	382.57715	
659.006	405.07622	
659.418	387.5776	
659.83	377.57633	
660.241	365.07263	
660.653	377.57633	
661.065	370.07439	
661.476	410.07498	
661.888	335.05415	
662.299	325.04496	
662.71	385.07742	
663.122	392.57767	
663.533	432.56482	
663.944	345.06182	
664.355	370.07439	
664.767	425.06904	
665.178	392.57767	
665.589	442.5579	
666	539.91331	
666.41	647.09441	
666.821	3998.77438	
667.232	12444.47278	
667.643	16002.04518	
668.053	14551.5387	
668.464	8741.91456	
668.875	5862.67914	
669.285	4058.75219	
669.696	2910.99079	
670.106	2105.07063	
670.516	1400.3787	
670.927	977.58908	
671.337	686.93381	
671.747	537.41875	
672.157	455.04716	
672.567	405.07622	
672.977	402.57669	
673.387	420.0714	
673.797	425.06904	
674.207	325.04496	
674.617	370.07439	
675.027	307.52522	
675.436	377.57633	
675.846	360.07049	
676.256	380.07679	
676.665	377.57633	
677.075	375.07578	
677.484	390.07768	
677.893	377.57633	
678.303	427.56773	
678.712	350.06509	
679.121	400.07708	
679.53	377.57633	
679.939	320.0398	
680.348	360.07049	
680.757	322.54242	
681.166	327.5474	
681.575	390.07768	
681.984	407.57565	
682.393	377.57633	
682.802	362.57161	
683.21	375.07578	
683.619	412.57423	
684.027	340.05817	
684.436	400.07708	
684.844	422.57027	
685.253	305.02202	
685.661	362.57161	
686.069	367.57356	
686.477	302.51873	
686.886	402.57669	
687.294	410.07498	
687.702	392.57767	
688.11	365.07263	
688.518	342.56004	
688.926	442.5579	
689.333	292.50459	
689.741	367.57356	
690.149	335.05415	
690.557	392.57767	
690.964	367.57356	
691.372	392.57767	
691.779	420.0714	
692.187	380.07679	
692.594	387.5776	
693.001	360.07049	
693.409	387.5776	
693.816	372.57513	
694.223	347.5635	
694.63	360.07049	
695.037	387.5776	
695.444	375.07578	
695.851	422.57027	
696.258	425.06904	
696.665	322.54242	
697.072	375.07578	
697.479	279.98477	
697.885	322.54242	
698.292	315.03425	
698.698	407.57565	
699.105	405.07622	
699.511	402.57669	
699.918	412.57423	
700.324	435.06323	
700.73	290.00082	
701.137	365.07263	
701.543	407.57565	
701.949	382.57715	
702.355	405.07622	
702.761	457.54473	
703.167	395.07757	
703.573	375.07578	
703.979	427.56773	
704.385	450.05173	
704.79	450.05173	
705.196	967.67118	
705.602	5292.10282	
706.007	10335.04543	
706.413	12196.75721	
706.818	9609.67233	
707.224	6065.6447	
707.629	4272.01266	
708.034	3213.61673	
708.439	2251.67479	
708.845	1695.7376	
709.25	1108.87763	
709.655	769.03187	
710.06	594.77082	
710.465	450.05173	
710.87	400.07708	
711.275	482.51542	
711.679	412.57423	
712.084	355.06798	
712.489	442.5579	
712.893	342.56004	
713.298	327.5474	
713.702	357.56928	
714.107	425.06904	
714.511	347.5635	
714.916	437.56154	
715.32	405.07622	
715.724	335.05415	
716.128	395.07757	
716.533	300.01534	
716.937	365.07263	
717.341	405.07622	
717.745	400.07708	
718.149	345.06182	
718.552	257.44305	
718.956	380.07679	
719.36	410.07498	
719.764	342.56004	
720.167	335.05415	
720.571	360.07049	
720.974	367.57356	
721.378	382.57715	
721.781	402.57669	
722.185	460.04221	
722.588	337.55621	
722.991	335.05415	
723.394	342.56004	
723.797	372.57513	
724.2	362.57161	
724.603	390.07768	
725.006	410.07498	
725.409	407.57565	
725.812	352.56658	
726.215	372.57513	
726.618	412.57423	
727.02	811.2881	
727.423	1953.32709	
727.826	2473.57853	
728.228	2371.22726	
728.631	1744.86212	
729.033	1252.29358	
729.435	1029.63644	
729.838	875.86759	
730.24	744.16366	
730.642	599.75571	
731.044	485.01199	
731.446	477.52202	
731.848	375.07578	
732.25	370.07439	
732.652	287.49695	
733.054	395.07757	
733.456	400.07708	
733.857	360.07049	
734.259	347.5635	
734.661	340.05817	
735.062	400.07708	
735.464	367.57356	
735.865	312.53134	
736.267	400.07708	
736.668	432.56482	
737.069	407.57565	
737.47	345.06182	
737.872	387.5776	
738.273	327.5474	
738.674	382.57715	
739.075	400.07708	
739.476	370.07439	
739.877	410.07498	
740.278	340.05817	
740.678	387.5776	
741.079	267.46255	
741.48	382.57715	
741.88	332.55199	
742.281	362.57161	
742.681	405.07622	
743.082	440.05977	
743.482	362.57161	
743.882	322.54242	
744.283	342.56004	
744.683	350.06509	
745.083	352.56658	
745.483	367.57356	
745.883	347.5635	
746.283	387.5776	
746.683	377.57633	
747.083	422.57027	
747.483	405.07622	
747.883	355.06798	
748.282	415.07337	
748.682	300.01534	
749.082	392.57767	
749.481	435.06323	
749.881	395.07757	
750.28	390.07768	
750.679	367.57356	
751.079	427.56773	
751.478	385.07742	
751.877	380.07679	
752.276	372.57513	
752.675	325.04496	
753.074	410.07498	
753.473	350.06509	
753.872	362.57161	
754.271	367.57356	
754.67	365.07263	
755.069	347.5635	
755.467	332.55199	
755.866	377.57633	
756.265	380.07679	
756.663	400.07708	
757.062	305.02202	
757.46	397.57737	
757.858	375.07578	
758.257	322.54242	
758.655	367.57356	
759.053	380.07679	
759.451	410.07498	
759.849	440.05977	
760.247	417.57243	
760.645	385.07742	
761.043	367.57356	
761.441	402.57669	
761.839	452.54949	
762.237	370.07439	
762.634	395.07757	
763.032	325.04496	
763.429	367.57356	
763.827	457.54473	
764.224	227.37526	
764.622	350.06509	
765.019	264.95782	
765.416	380.07679	
765.814	460.04221	
766.211	385.07742	
766.608	357.56928	
767.005	375.07578	
767.402	362.57161	
767.799	327.5474	
768.196	370.07439	
768.593	395.07757	
768.989	305.02202	
769.386	347.5635	
769.783	345.06182	
770.179	417.57243	
770.576	375.07578	
770.972	405.07622	
771.369	335.05415	
771.765	335.05415	
772.161	385.07742	
772.558	390.07768	
772.954	390.07768	
773.35	335.05415	
773.746	440.05977	
774.142	365.07263	
774.538	352.56658	
774.934	402.57669	
775.33	415.07337	
775.726	427.56773	
776.121	345.06182	
776.517	412.57423	
776.913	427.56773	
777.308	405.07622	
777.704	310.02833	
778.099	315.03425	
778.495	372.57513	
778.89	350.06509	
779.285	410.07498	
779.68	322.54242	
780.076	300.01534	
780.471	382.57715	
780.866	342.56004	
781.261	427.56773	
781.656	407.57565	
782.051	372.57513	
782.445	312.53134	
782.84	407.57565	
783.235	375.07578	
783.63	430.06632	
784.024	412.57423	
784.419	347.5635	
784.813	345.06182	
785.208	425.06904	
785.602	352.56658	
785.996	412.57423	
786.391	300.01534	
786.785	340.05817	
787.179	445.05593	
787.573	342.56004	
787.967	327.5474	
788.361	332.55199	
788.755	442.5579	
789.149	380.07679	
789.543	392.57767	
789.936	395.07757	
790.33	347.5635	
790.724	342.56004	
791.117	387.5776	
791.511	462.53961	
791.904	335.05415	
792.298	330.04974	
792.691	407.57565	
793.084	400.07708	
793.477	337.55621	
793.871	345.06182	
794.264	397.57737	
794.657	385.07742	
795.05	357.56928	
795.443	380.07679	
795.836	365.07263	
796.228	440.05977	
796.621	385.07742	
797.014	305.02202	
797.406	422.57027	
797.799	385.07742	
798.192	362.57161	
798.584	375.07578	
798.976	435.06323	
799.369	462.53961	
799.761	340.05817	
800.153	357.56928	
800.546	415.07337	
800.938	315.03425	
801.33	427.56773	
801.722	337.55621	
802.114	405.07622	
802.506	360.07049	
802.897	365.07263	
803.289	390.07768	
803.681	380.07679	
804.073	335.05415	
804.464	372.57513	
804.856	385.07742	
805.247	397.57737	
805.639	332.55199	
806.03	320.0398	
806.421	392.57767	
806.813	295.00827	
807.204	325.04496	
807.595	312.53134	
807.986	392.57767	
808.377	347.5635	
808.768	310.02833	
809.159	405.07622	
809.55	427.56773	
809.941	382.57715	
810.331	350.06509	
810.722	392.57767	
811.113	264.95782	
811.503	310.02833	
811.894	307.52522	
812.284	342.56004	
812.675	402.57669	
813.065	450.05173	
813.455	367.57356	
813.846	340.05817	
814.236	362.57161	
814.626	337.55621	
815.016	347.5635	
815.406	284.99299	
815.796	387.5776	
816.186	312.53134	
816.575	325.04496	
816.965	330.04974	
817.355	390.07768	
817.745	325.04496	
818.134	332.55199	
818.524	340.05817	
818.913	367.57356	
819.303	407.57565	
819.692	445.05593	
820.081	342.56004	
820.47	287.49695	
820.86	355.06798	
821.249	420.0714	
821.638	335.05415	
822.027	317.53707	
822.416	300.01534	
822.805	400.07708	
823.193	392.57767	
823.582	365.07263	
823.971	375.07578	
824.36	292.50459	
824.748	337.55621	
825.137	302.51873	
825.525	335.05415	
825.914	330.04974	
826.302	382.57715	
826.69	360.07049	
827.079	292.50459	
827.467	400.07708	
827.855	457.54473	
828.243	347.5635	
828.631	337.55621	
829.019	422.57027	
829.407	402.57669	
829.795	400.07708	
830.182	340.05817	
830.57	330.04974	
830.958	352.56658	
831.345	327.5474	
831.733	347.5635	
832.12	387.5776	
832.508	397.57737	
832.895	402.57669	
833.283	330.04974	
833.67	355.06798	
834.057	385.07742	
834.444	365.07263	
834.831	412.57423	
835.218	387.5776	
835.605	410.07498	
835.992	310.02833	
836.379	345.06182	
836.766	317.53707	
837.152	385.07742	
837.539	367.57356	
837.926	377.57633	
838.312	305.02202	
838.699	400.07708	
839.085	390.07768	
839.472	410.07498	
839.858	335.05415	
840.244	365.07263	
840.63	417.57243	
841.017	352.56658	
841.403	427.56773	
841.789	455.04716	
842.175	390.07768	
842.561	385.07742	
842.946	327.5474	
843.332	375.07578	
843.718	400.07708	
844.104	407.57565	
844.489	370.07439	
844.875	380.07679	
845.26	405.07622	
845.646	307.52522	
846.031	430.06632	
846.416	322.54242	
846.802	452.54949	
847.187	425.06904	
847.572	375.07578	
847.957	357.56928	
848.342	277.48052	
848.727	387.5776	
849.112	405.07622	
849.497	295.00827	
849.882	330.04974	
850.266	300.01534	
850.651	410.07498	
851.036	400.07708	
851.42	330.04974	
851.805	387.5776	
852.189	427.56773	
852.574	342.56004	
852.958	307.52522	
853.342	382.57715	
853.726	259.94807	
854.11	345.06182	
854.495	452.54949	
854.879	325.04496	
855.263	327.5474	
855.646	377.57633	
856.03	375.07578	
856.414	367.57356	
856.798	380.07679	
857.181	330.04974	
857.565	279.98477	
857.949	340.05817	
858.332	335.05415	
858.716	407.57565	
859.099	387.5776	
859.482	422.57027	
859.866	382.57715	
860.249	375.07578	
860.632	355.06798	
861.015	340.05817	
861.398	432.56482	
861.781	367.57356	
862.164	360.07049	
862.547	420.0714	
862.929	402.57669	
863.312	377.57633	
863.695	410.07498	
864.077	357.56928	
864.46	362.57161	
864.842	392.57767	
865.225	355.06798	
865.607	307.52522	
865.99	445.05593	
866.372	422.57027	
866.754	407.57565	
867.136	335.05415	
867.518	365.07263	
867.9	325.04496	
868.282	387.5776	
868.664	310.02833	
869.046	315.03425	
869.428	350.06509	
869.809	385.07742	
870.191	400.07708	
870.573	252.43271	
870.954	380.07679	
871.336	277.48052	
871.717	395.07757	
872.099	392.57767	
872.48	307.52522	
872.861	367.57356	
873.242	410.07498	
873.623	380.07679	
874.004	447.55388	
874.385	375.07578	
874.766	345.06182	
875.147	392.57767	
875.528	352.56658	
875.909	415.07337	
876.29	420.0714	
876.67	380.07679	
877.051	307.52522	
877.431	372.57513	
877.812	405.07622	
878.192	397.57737	
878.573	337.55621	
878.953	400.07708	
879.333	307.52522	
879.713	365.07263	
880.093	365.07263	
880.473	380.07679	
880.853	352.56658	
881.233	340.05817	
881.613	410.07498	
881.993	365.07263	
882.373	422.57027	
882.753	397.57737	
883.132	367.57356	
883.512	367.57356	
883.891	315.03425	
884.271	342.56004	
884.65	330.04974	
885.029	290.00082	
885.409	350.06509	
885.788	340.05817	
886.167	347.5635	
886.546	352.56658	
886.925	357.56928	
887.304	377.57633	
887.683	412.57423	
888.062	350.06509	
888.441	417.57243	
888.82	385.07742	
889.198	345.06182	
889.577	267.46255	
889.955	262.45299	
890.334	385.07742	
890.712	330.04974	
891.091	365.07263	
891.469	320.0398	
891.847	347.5635	
892.226	330.04974	
892.604	407.57565	
892.982	355.06798	
893.36	377.57633	
893.738	340.05817	
894.116	352.56658	
894.493	325.04496	
894.871	350.06509	
895.249	335.05415	
895.627	382.57715	
896.004	402.57669	
896.382	274.97617	
896.759	332.55199	
897.137	365.07263	
897.514	297.51185	
897.891	372.57513	
898.269	375.07578	
898.646	352.56658	
899.023	375.07578	
899.4	375.07578	
899.777	467.53411	
900.154	365.07263	
900.531	437.56154	
900.908	305.02202	
901.284	380.07679	
901.661	375.07578	
902.038	355.06798	
902.414	375.07578	
902.791	380.07679	
903.167	392.57767	
903.544	375.07578	
903.92	355.06798	
904.296	310.02833	
904.672	352.56658	
905.049	312.53134	
905.425	365.07263	
905.801	400.07708	
906.177	352.56658	
906.553	412.57423	
906.929	337.55621	
907.304	365.07263	
907.68	322.54242	
908.056	287.49695	
908.431	392.57767	
908.807	400.07708	
909.182	360.07049	
909.558	317.53707	
909.933	340.05817	
910.309	322.54242	
910.684	387.5776	
911.059	327.5474	
911.434	405.07622	
911.809	372.57513	
912.184	347.5635	
912.559	330.04974	
912.934	365.07263	
913.309	345.06182	
913.684	417.57243	
914.058	370.07439	
914.433	282.48893	
914.808	415.07337	
915.182	325.04496	
915.557	435.06323	
915.931	312.53134	
916.305	402.57669	
916.68	325.04496	
917.054	350.06509	
917.428	375.07578	
917.802	337.55621	
918.176	432.56482	
918.55	420.0714	
918.924	372.57513	
919.298	345.06182	
919.672	385.07742	
920.045	427.56773	
920.419	382.57715	
920.793	307.52522	
921.166	355.06798	
921.54	340.05817	
921.913	415.07337	
922.287	327.5474	
922.66	315.03425	
923.033	370.07439	
923.406	337.55621	
923.78	325.04496	
924.153	385.07742	
924.526	295.00827	
924.899	402.57669	
925.271	330.04974	
925.644	345.06182	
926.017	370.07439	
926.39	410.07498	
926.762	357.56928	
927.135	307.52522	
927.508	345.06182	
927.88	337.55621	
928.252	377.57633	
928.625	375.07578	
928.997	360.07049	
929.369	400.07708	
929.741	310.02833	
930.114	300.01534	
930.486	300.01534	
930.858	387.5776	
931.229	347.5635	
931.601	332.55199	
931.973	392.57767	
932.345	397.57737	
932.717	370.07439	
933.088	305.02202	
933.46	417.57243	
933.831	302.51873	
934.203	380.07679	
934.574	352.56658	
934.945	330.04974	
935.317	345.06182	
935.688	277.48052	
936.059	372.57513	
936.43	312.53134	
936.801	372.57513	
937.172	345.06182	
937.543	295.00827	
937.914	407.57565	
938.284	372.57513	
938.655	392.57767	
939.026	385.07742	
939.396	395.07757	
939.767	400.07708	
940.137	387.5776	
940.508	362.57161	
940.878	400.07708	
941.248	345.06182	
941.618	322.54242	
941.989	390.07768	
942.359	337.55621	
942.729	297.51185	
943.099	390.07768	
943.469	407.57565	
943.838	297.51185	
944.208	290.00082	
944.578	345.06182	
944.948	397.57737	
945.317	335.05415	
945.687	395.07757	
946.056	347.5635	
946.426	355.06798	
946.795	425.06904	
947.164	440.05977	
947.533	315.03425	
947.903	370.07439	
948.272	410.07498	
948.641	355.06798	
949.01	322.54242	
949.379	440.05977	
949.748	402.57669	
950.116	412.57423	
950.485	410.07498	
950.854	377.57633	
951.222	382.57715	
951.591	352.56658	
951.959	422.57027	
952.328	422.57027	
952.696	350.06509	
953.065	362.57161	
953.433	367.57356	
953.801	372.57513	
954.169	322.54242	
954.537	332.55199	
954.905	402.57669	
955.273	395.07757	
955.641	362.57161	
956.009	307.52522	
956.377	342.56004	
956.744	362.57161	
957.112	420.0714	
957.479	322.54242	
957.847	405.07622	
958.214	302.51873	
958.582	342.56004	
958.949	377.57633	
959.316	432.56482	
959.684	340.05817	
960.051	397.57737	
960.418	362.57161	
960.785	290.00082	
961.152	372.57513	
961.519	337.55621	
961.885	320.0398	
962.252	332.55199	
962.619	327.5474	
962.986	362.57161	
963.352	395.07757	
963.719	352.56658	
964.085	397.57737	
964.452	405.07622	
964.818	312.53134	
965.184	315.03425	
965.55	342.56004	
965.916	375.07578	
966.283	360.07049	
966.649	392.57767	
967.015	330.04974	
967.38	372.57513	
967.746	380.07679	
968.112	352.56658	
968.478	432.56482	
968.843	392.57767	
969.209	297.51185	
969.575	407.57565	
969.94	352.56658	
970.305	302.51873	
970.671	362.57161	
971.036	380.07679	
971.401	425.06904	
971.766	397.57737	
972.132	357.56928	
972.497	402.57669	
972.862	312.53134	
973.227	290.00082	
973.591	375.07578	
973.956	375.07578	
974.321	307.52522	
974.686	382.57715	
975.05	387.5776	
975.415	340.05817	
975.779	340.05817	
976.144	350.06509	
976.508	362.57161	
976.872	390.07768	
977.236	347.5635	
977.601	287.49695	
977.965	382.57715	
978.329	407.57565	
978.693	347.5635	
979.057	460.04221	
979.421	385.07742	
979.784	317.53707	
980.148	335.05415	
980.512	375.07578	
980.875	357.56928	
981.239	455.04716	
981.602	385.07742	
981.966	305.02202	
982.329	335.05415	
982.692	365.07263	
983.056	400.07708	
983.419	355.06798	
983.782	320.0398	
984.145	345.06182	
984.508	420.0714	
984.871	382.57715	
985.234	365.07263	
985.597	377.57633	
985.959	320.0398	
986.322	292.50459	
986.685	252.43271	
987.047	390.07768	
987.41	300.01534	
987.772	412.57423	
988.134	357.56928	
988.497	392.57767	
988.859	422.57027	
989.221	372.57513	
989.583	292.50459	
989.945	320.0398	
990.307	342.56004	
990.669	342.56004	
991.031	317.53707	
991.393	342.56004	
991.755	387.5776	
992.116	307.52522	
992.478	427.56773	
992.839	340.05817	
993.201	372.57513	
993.562	365.07263	
993.924	390.07768	
994.285	345.06182	
994.646	387.5776	
995.007	392.57767	
995.369	440.05977	
995.73	352.56658	
996.091	365.07263	
996.451	340.05817	
996.812	322.54242	
997.173	357.56928	
997.534	392.57767	
997.895	360.07049	
998.255	332.55199	
998.616	322.54242	
998.976	284.99299	
999.337	332.55199	
999.697	347.5635	
1000.057	362.57161	
1000.418	437.56154	
1000.778	405.07622	
1001.138	347.5635	
1001.498	360.07049	
1001.858	372.57513	
1002.218	415.07337	
1002.578	320.0398	
1002.937	350.06509	
1003.297	347.5635	
1003.657	377.57633	
1004.016	345.06182	
1004.376	352.56658	
1004.735	332.55199	
1005.095	360.07049	
1005.454	350.06509	
1005.813	410.07498	
1006.173	377.57633	
1006.532	352.56658	
1006.891	347.5635	
1007.25	372.57513	
1007.609	397.57737	
1007.968	405.07622	
1008.327	387.5776	
1008.686	370.07439	
1009.044	357.56928	
1009.403	355.06798	
1009.762	325.04496	
1010.12	340.05817	
1010.479	382.57715	
1010.837	430.06632	
1011.195	330.04974	
1011.554	385.07742	
1011.912	397.57737	
1012.27	367.57356	
1012.628	427.56773	
1012.986	307.52522	
1013.344	350.06509	
1013.702	390.07768	
1014.06	355.06798	
1014.418	300.01534	
1014.775	405.07622	
1015.133	377.57633	
1015.491	407.57565	
1015.848	410.07498	
1016.206	267.46255	
1016.563	395.07757	
1016.92	370.07439	
1017.278	300.01534	
1017.635	317.53707	
1017.992	355.06798	
1018.349	315.03425	
1018.706	267.46255	
1019.063	302.51873	
1019.42	335.05415	
1019.777	335.05415	
1020.134	345.06182	
1020.49	259.94807	
1020.847	332.55199	
1021.203	355.06798	
1021.56	365.07263	
1021.916	430.06632	
1022.273	352.56658	
1022.629	437.56154	
1022.985	370.07439	
1023.342	335.05415	
1023.698	327.5474	
1024.054	382.57715	
1024.41	350.06509	
1024.766	392.57767	
1025.122	355.06798	
1025.477	360.07049	
1025.833	327.5474	
1026.189	367.57356	
1026.545	362.57161	
1026.9	375.07578	
1027.256	412.57423	
1027.611	430.06632	
1027.966	355.06798	
1028.322	327.5474	
1028.677	455.04716	
1029.032	302.51873	
1029.387	317.53707	
1029.742	340.05817	
1030.097	355.06798	
1030.452	380.07679	
1030.807	412.57423	
1031.162	345.06182	
1031.517	322.54242	
1031.871	370.07439	
1032.226	347.5635	
1032.581	347.5635	
1032.935	347.5635	
