FLMS05510_1:101		
187.856	37.87437	
188.32	37.87437	
188.785	37.87437	
189.249	-70.30986	
189.713	-65.27382	
190.178	-148.42204	
190.642	-135.81648	
191.106	-67.79179	
191.57	-30.03308	
192.034	-42.61673	
192.498	-25.00034	
192.963	22.79025	
193.427	-4.87349	
193.89	-25.00034	
194.354	-22.48412	
194.818	-17.452	
195.282	105.70795	
195.746	83.10489	
196.21	68.03168	
196.673	128.30293	
197.137	110.72976	
197.601	173.46881	
198.064	155.9081	
198.528	158.41707	
198.991	203.5617	
199.454	211.08272	
199.918	261.20054	
200.381	283.74097	
200.844	313.78281	
201.308	241.15806	
201.771	286.24498	
202.234	276.22836	
202.697	351.31585	
203.16	416.32292	
203.623	376.32606	
204.086	358.8199	
204.549	323.7937	
205.012	371.32477	
205.475	358.8199	
205.938	453.79833	
206.4	373.82546	
206.863	356.31864	
207.326	356.31864	
207.788	413.82381	
208.251	356.31864	
208.714	381.32698	
209.176	328.79858	
209.639	423.81967	
210.101	361.32106	
210.563	328.79858	
211.026	266.2102	
211.488	338.8072	
211.95	391.32769	
212.412	361.32106	
212.874	358.8199	
213.337	268.71488	
213.799	318.78845	
214.261	301.26704	
214.723	331.30088	
215.184	353.81729	
215.646	378.82657	
216.108	338.8072	
216.57	316.28567	
217.032	356.31864	
217.493	361.32106	
217.955	338.8072	
218.417	348.81431	
218.878	323.7937	
219.34	293.75644	
219.801	341.30912	
220.263	358.8199	
220.724	288.7489	
221.185	311.27985	
221.647	371.32477	
222.108	291.25272	
222.569	323.7937	
223.03	358.8199	
223.491	381.32698	
223.952	341.30912	
224.413	391.32769	
224.874	361.32106	
225.335	323.7937	
225.796	391.32769	
226.257	301.26704	
226.718	391.32769	
227.179	286.24498	
227.639	341.30912	
228.1	296.26007	
228.561	376.32606	
229.021	306.27364	
229.482	323.7937	
229.942	271.21947	
230.403	263.70542	
230.863	363.82213	
231.323	378.82657	
231.784	331.30088	
232.244	321.29112	
232.704	286.24498	
233.164	311.27985	
233.625	198.54719	
234.085	326.29619	
234.545	361.32106	
235.005	308.77679	
235.465	316.28567	
235.925	298.76361	
236.384	338.8072	
236.844	316.28567	
237.304	363.82213	
237.764	388.82765	
238.223	363.82213	
238.683	388.82765	
239.143	433.81404	
239.602	321.29112	
240.062	323.7937	
240.521	291.25272	
240.98	378.82657	
241.44	331.30088	
241.899	366.32311	
242.358	296.26007	
242.818	356.31864	
243.277	318.78845	
243.736	341.30912	
244.195	318.78845	
244.654	338.8072	
245.113	318.78845	
245.572	308.77679	
246.031	301.26704	
246.49	358.8199	
246.949	338.8072	
247.408	333.80308	
247.866	368.82399	
248.325	361.32106	
248.784	353.81729	
249.242	393.82763	
249.701	376.32606	
250.159	353.81729	
250.618	276.22836	
251.076	301.26704	
251.534	336.30519	
251.993	353.81729	
252.451	336.30519	
252.909	303.77039	
253.368	326.29619	
253.826	383.8273	
254.284	376.32606	
254.742	278.73266	
255.2	381.32698	
255.658	398.82723	
256.116	331.30088	
256.574	308.77679	
257.031	388.82765	
257.489	326.29619	
257.947	308.77679	
258.405	361.32106	
258.862	358.8199	
259.32	383.8273	
259.777	393.82763	
260.235	358.8199	
260.692	381.32698	
261.15	363.82213	
261.607	321.29112	
262.065	321.29112	
262.522	413.82381	
262.979	321.29112	
263.436	381.32698	
263.893	381.32698	
264.351	371.32477	
264.808	356.31864	
265.265	376.32606	
265.722	316.28567	
266.178	411.32462	
266.635	391.32769	
267.092	348.81431	
267.549	403.82647	
268.006	318.78845	
268.462	431.31558	
268.919	406.32594	
269.376	373.82546	
269.832	326.29619	
270.289	368.82399	
270.745	356.31864	
271.202	308.77679	
271.658	311.27985	
272.114	408.82533	
272.571	328.79858	
273.027	448.80281	
273.483	388.82765	
273.939	356.31864	
274.395	408.82533	
274.851	353.81729	
275.307	393.82763	
275.763	353.81729	
276.219	343.81094	
276.675	323.7937	
277.131	396.32748	
277.587	346.31267	
278.042	381.32698	
278.498	411.32462	
278.954	391.32769	
279.409	403.82647	
279.865	333.80308	
280.32	376.32606	
280.776	421.32084	
281.231	416.32292	
281.687	451.30062	
282.142	316.28567	
282.597	318.78845	
283.052	341.30912	
283.508	348.81431	
283.963	416.32292	
284.418	398.82723	
284.873	423.81967	
285.328	311.27985	
285.783	403.82647	
286.238	318.78845	
286.693	368.82399	
287.147	391.32769	
287.602	391.32769	
288.057	366.32311	
288.512	433.81404	
288.966	363.82213	
289.421	366.32311	
289.875	386.32752	
290.33	403.82647	
290.784	416.32292	
291.239	361.32106	
291.693	403.82647	
292.147	393.82763	
292.602	346.31267	
293.056	348.81431	
293.51	336.30519	
293.964	366.32311	
294.418	341.30912	
294.872	383.8273	
295.326	333.80308	
295.78	363.82213	
296.234	393.82763	
296.688	331.30088	
297.142	366.32311	
297.595	421.32084	
298.049	366.32311	
298.503	376.32606	
298.956	366.32311	
299.41	338.8072	
299.863	431.31558	
300.317	298.76361	
300.77	288.7489	
301.224	343.81094	
301.677	388.82765	
302.13	341.30912	
302.584	373.82546	
303.037	363.82213	
303.49	351.31585	
303.943	328.79858	
304.396	391.32769	
304.849	301.26704	
305.302	401.3269	
305.755	326.29619	
306.208	368.82399	
306.661	336.30519	
307.114	331.30088	
307.566	366.32311	
308.019	323.7937	
308.472	378.82657	
308.924	443.80693	
309.377	306.27364	
309.829	413.82381	
310.282	346.31267	
310.734	438.81067	
311.187	316.28567	
311.639	338.8072	
312.091	361.32106	
312.543	278.73266	
312.995	453.79833	
313.448	388.82765	
313.9	403.82647	
314.352	316.28567	
314.804	348.81431	
315.256	351.31585	
315.708	303.77039	
316.159	361.32106	
316.611	353.81729	
317.063	363.82213	
317.515	356.31864	
317.966	371.32477	
318.418	411.32462	
318.87	401.3269	
319.321	411.32462	
319.773	363.82213	
320.224	341.30912	
320.675	336.30519	
321.127	361.32106	
321.578	386.32752	
322.029	351.31585	
322.48	456.29595	
322.932	333.80308	
323.383	421.32084	
323.834	323.7937	
324.285	361.32106	
324.736	468.78268	
325.187	336.30519	
325.638	391.32769	
326.088	351.31585	
326.539	386.32752	
326.99	368.82399	
327.441	353.81729	
327.891	396.32748	
328.342	346.31267	
328.792	313.78281	
329.243	398.82723	
329.693	316.28567	
330.144	368.82399	
330.594	313.78281	
331.044	436.3124	
331.495	363.82213	
331.945	353.81729	
332.395	293.75644	
332.845	331.30088	
333.295	368.82399	
333.745	411.32462	
334.195	376.32606	
334.645	391.32769	
335.095	431.31558	
335.545	368.82399	
335.995	281.23686	
336.444	408.82533	
336.894	401.3269	
337.344	396.32748	
337.793	388.82765	
338.243	396.32748	
338.692	358.8199	
339.142	336.30519	
339.591	378.82657	
340.041	343.81094	
340.49	423.81967	
340.939	348.81431	
341.388	333.80308	
341.838	438.81067	
342.287	411.32462	
342.736	386.32752	
343.185	383.8273	
343.634	346.31267	
344.083	393.82763	
344.532	401.3269	
344.981	408.82533	
345.429	456.29595	
345.878	328.79858	
346.327	331.30088	
346.776	361.32106	
347.224	293.75644	
347.673	418.82193	
348.121	383.8273	
348.57	386.32752	
349.018	456.29595	
349.467	386.32752	
349.915	363.82213	
350.363	351.31585	
350.811	358.8199	
351.26	408.82533	
351.708	403.82647	
352.156	301.26704	
352.604	411.32462	
353.052	383.8273	
353.5	403.82647	
353.948	351.31585	
354.396	456.29595	
354.843	356.31864	
355.291	341.30912	
355.739	421.32084	
356.186	391.32769	
356.634	323.7937	
357.082	453.79833	
357.529	421.32084	
357.977	456.29595	
358.424	381.32698	
358.871	396.32748	
359.319	411.32462	
359.766	421.32084	
360.213	433.81404	
360.661	346.31267	
361.108	393.82763	
361.555	366.32311	
362.002	381.32698	
362.449	401.3269	
362.896	378.82657	
363.343	426.3184	
363.79	368.82399	
364.236	421.32084	
364.683	461.29092	
365.13	398.82723	
365.577	433.81404	
366.023	383.8273	
366.47	396.32748	
366.916	286.24498	
367.363	388.82765	
367.809	381.32698	
368.256	396.32748	
368.702	363.82213	
369.148	393.82763	
369.594	308.77679	
370.041	431.31558	
370.487	363.82213	
370.933	366.32311	
371.379	321.29112	
371.825	333.80308	
372.271	346.31267	
372.717	346.31267	
373.163	363.82213	
373.608	381.32698	
374.054	441.30884	
374.5	393.82763	
374.946	478.7704	
375.391	396.32748	
375.837	376.32606	
376.282	406.32594	
376.728	391.32769	
377.173	383.8273	
377.618	463.78827	
378.064	328.79858	
378.509	393.82763	
378.954	396.32748	
379.4	376.32606	
379.845	436.3124	
380.29	408.82533	
380.735	356.31864	
381.18	378.82657	
381.625	358.8199	
382.07	348.81431	
382.514	373.82546	
382.959	368.82399	
383.404	413.82381	
383.849	333.80308	
384.293	338.8072	
384.738	381.32698	
385.183	383.8273	
385.627	411.32462	
386.072	386.32752	
386.516	363.82213	
386.96	311.27985	
387.405	381.32698	
387.849	401.3269	
388.293	398.82723	
388.737	381.32698	
389.181	436.3124	
389.626	441.30884	
390.07	376.32606	
390.514	348.81431	
390.957	366.32311	
391.401	428.81704	
391.845	406.32594	
392.289	423.81967	
392.733	368.82399	
393.176	373.82546	
393.62	378.82657	
394.064	418.82193	
394.507	396.32748	
394.951	338.8072	
395.394	331.30088	
395.838	343.81094	
396.281	408.82533	
396.724	308.77679	
397.168	323.7937	
397.611	426.3184	
398.054	431.31558	
398.497	378.82657	
398.94	393.82763	
399.383	391.32769	
399.826	433.81404	
400.269	336.30519	
400.712	403.82647	
401.155	386.32752	
401.597	356.31864	
402.04	411.32462	
402.483	378.82657	
402.925	361.32106	
403.368	383.8273	
403.811	408.82533	
404.253	401.3269	
404.696	378.82657	
405.138	341.30912	
405.58	361.32106	
406.023	368.82399	
406.465	421.32084	
406.907	458.79348	
407.349	416.32292	
407.791	461.29092	
408.233	313.78281	
408.675	341.30912	
409.117	428.81704	
409.559	413.82381	
410.001	291.25272	
410.443	456.29595	
410.885	341.30912	
411.326	398.82723	
411.768	416.32292	
412.21	386.32752	
412.651	383.8273	
413.093	416.32292	
413.534	438.81067	
413.975	378.82657	
414.417	323.7937	
414.858	421.32084	
415.299	348.81431	
415.741	378.82657	
416.182	388.82765	
416.623	221.10939	
417.064	446.30492	
417.505	398.82723	
417.946	383.8273	
418.387	413.82381	
418.828	331.30088	
419.269	398.82723	
419.709	358.8199	
420.15	346.31267	
420.591	436.3124	
421.031	301.26704	
421.472	358.8199	
421.913	413.82381	
422.353	323.7937	
422.794	408.82533	
423.234	406.32594	
423.674	343.81094	
424.115	341.30912	
424.555	381.32698	
424.995	348.81431	
425.435	453.79833	
425.875	361.32106	
426.315	351.31585	
426.755	506.22909	
427.195	448.80281	
427.635	376.32606	
428.075	361.32106	
428.515	411.32462	
428.955	383.8273	
429.394	433.81404	
429.834	383.8273	
430.274	406.32594	
430.713	381.32698	
431.153	346.31267	
431.592	391.32769	
432.031	456.29595	
432.471	438.81067	
432.91	431.31558	
433.349	428.81704	
433.789	411.32462	
434.228	413.82381	
434.667	443.80693	
435.106	406.32594	
435.545	428.81704	
435.984	391.32769	
436.423	331.30088	
436.862	431.31558	
437.301	393.82763	
437.739	403.82647	
438.178	361.32106	
438.617	341.30912	
439.055	346.31267	
439.494	426.3184	
439.932	401.3269	
440.371	356.31864	
440.809	421.32084	
441.248	463.78827	
441.686	373.82546	
442.124	396.32748	
442.563	388.82765	
443.001	356.31864	
443.439	371.32477	
443.877	346.31267	
444.315	343.81094	
444.753	353.81729	
445.191	453.79833	
445.629	406.32594	
446.067	363.82213	
446.504	341.30912	
446.942	346.31267	
447.38	386.32752	
447.817	398.82723	
448.255	356.31864	
448.693	411.32462	
449.13	363.82213	
449.568	418.82193	
450.005	418.82193	
450.442	383.8273	
450.88	376.32606	
451.317	391.32769	
451.754	413.82381	
452.191	403.82647	
452.628	351.31585	
453.065	453.79833	
453.502	376.32606	
453.939	451.30062	
454.376	366.32311	
454.813	421.32084	
455.25	461.29092	
455.686	388.82765	
456.123	346.31267	
456.56	448.80281	
456.996	451.30062	
457.433	331.30088	
457.869	368.82399	
458.306	363.82213	
458.742	323.7937	
459.179	456.29595	
459.615	381.32698	
460.051	388.82765	
460.487	396.32748	
460.924	321.29112	
461.36	378.82657	
461.796	401.3269	
462.232	348.81431	
462.668	308.77679	
463.104	341.30912	
463.539	428.81704	
463.975	401.3269	
464.411	393.82763	
464.847	398.82723	
465.282	376.32606	
465.718	383.8273	
466.153	421.32084	
466.589	411.32462	
467.024	363.82213	
467.46	378.82657	
467.895	366.32311	
468.33	416.32292	
468.766	416.32292	
469.201	386.32752	
469.636	343.81094	
470.071	348.81431	
470.506	408.82533	
470.941	278.73266	
471.376	443.80693	
471.811	401.3269	
472.246	338.8072	
472.681	418.82193	
473.115	408.82533	
473.55	391.32769	
473.985	366.32311	
474.419	428.81704	
474.854	373.82546	
475.288	328.79858	
475.723	371.32477	
476.157	463.78827	
476.592	378.82657	
477.026	361.32106	
477.46	413.82381	
477.894	361.32106	
478.329	416.32292	
478.763	408.82533	
479.197	311.27985	
479.631	406.32594	
480.065	446.30492	
480.499	383.8273	
480.932	373.82546	
481.366	421.32084	
481.8	448.80281	
482.234	393.82763	
482.667	371.32477	
483.101	421.32084	
483.535	456.29595	
483.968	358.8199	
484.401	376.32606	
484.835	416.32292	
485.268	391.32769	
485.702	418.82193	
486.135	398.82723	
486.568	328.79858	
487.001	378.82657	
487.434	381.32698	
487.867	343.81094	
488.3	443.80693	
488.733	428.81704	
489.166	518.70666	
489.599	416.32292	
490.032	396.32748	
490.464	381.32698	
490.897	403.82647	
491.33	403.82647	
491.762	438.81067	
492.195	408.82533	
492.627	371.32477	
493.06	411.32462	
493.492	361.32106	
493.925	423.81967	
494.357	358.8199	
494.789	391.32769	
495.221	376.32606	
495.653	486.26023	
496.086	411.32462	
496.518	388.82765	
496.95	421.32084	
497.382	383.8273	
497.813	383.8273	
498.245	371.32477	
498.677	343.81094	
499.109	391.32769	
499.54	396.32748	
499.972	311.27985	
500.404	331.30088	
500.835	411.32462	
501.267	341.30912	
501.698	393.82763	
502.129	436.3124	
502.561	341.30912	
502.992	461.29092	
503.423	386.32752	
503.855	371.32477	
504.286	478.7704	
504.717	461.29092	
505.148	396.32748	
505.579	348.81431	
506.01	346.31267	
506.441	413.82381	
506.871	406.32594	
507.302	433.81404	
507.733	388.82765	
508.163	318.78845	
508.594	366.32311	
509.025	383.8273	
509.455	406.32594	
509.886	408.82533	
510.316	443.80693	
510.746	438.81067	
511.177	416.32292	
511.607	433.81404	
512.037	388.82765	
512.467	456.29595	
512.898	388.82765	
513.328	298.76361	
513.758	401.3269	
514.188	333.80308	
514.617	373.82546	
515.047	278.73266	
515.477	373.82546	
515.907	421.32084	
516.337	316.28567	
516.766	411.32462	
517.196	413.82381	
517.625	336.30519	
518.055	331.30088	
518.484	393.82763	
518.914	366.32311	
519.343	376.32606	
519.772	408.82533	
520.202	436.3124	
520.631	406.32594	
521.06	408.82533	
521.489	398.82723	
521.918	378.82657	
522.347	453.79833	
522.776	458.79348	
523.205	403.82647	
523.634	463.78827	
524.063	403.82647	
524.491	331.30088	
524.92	418.82193	
525.349	446.30492	
525.777	426.3184	
526.206	446.30492	
526.634	406.32594	
527.063	478.7704	
527.491	348.81431	
527.919	368.82399	
528.348	408.82533	
528.776	403.82647	
529.204	353.81729	
529.632	398.82723	
530.06	388.82765	
530.488	418.82193	
530.916	396.32748	
531.344	376.32606	
531.772	373.82546	
532.2	408.82533	
532.627	393.82763	
533.055	328.79858	
533.483	453.79833	
533.91	386.32752	
534.338	383.8273	
534.765	341.30912	
535.193	443.80693	
535.62	476.27361	
536.048	428.81704	
536.475	366.32311	
536.902	466.28552	
537.329	426.3184	
537.757	318.78845	
538.184	353.81729	
538.611	393.82763	
539.038	378.82657	
539.465	393.82763	
539.892	393.82763	
540.318	386.32752	
540.745	466.28552	
541.172	403.82647	
541.599	416.32292	
542.025	511.22039	
542.452	453.79833	
542.878	513.7159	
543.305	451.30062	
543.731	473.77673	
544.158	416.32292	
544.584	421.32084	
545.01	441.30884	
545.436	451.30062	
545.862	381.32698	
546.289	388.82765	
546.715	396.32748	
547.141	386.32752	
547.567	391.32769	
547.993	371.32477	
548.418	498.74145	
548.844	348.81431	
549.27	378.82657	
549.696	366.32311	
550.121	361.32106	
550.547	448.80281	
550.972	438.81067	
551.398	393.82763	
551.823	408.82533	
552.249	461.29092	
552.674	388.82765	
553.099	418.82193	
553.525	401.3269	
553.95	378.82657	
554.375	406.32594	
554.8	343.81094	
555.225	388.82765	
555.65	411.32462	
556.075	403.82647	
556.5	423.81967	
556.925	491.253	
557.349	453.79833	
557.774	376.32606	
558.199	401.3269	
558.623	451.30062	
559.048	306.27364	
559.472	321.29112	
559.897	428.81704	
560.321	436.3124	
560.746	416.32292	
561.17	358.8199	
561.594	341.30912	
562.018	383.8273	
562.443	358.8199	
562.867	378.82657	
563.291	348.81431	
563.715	416.32292	
564.139	366.32311	
564.562	358.8199	
564.986	423.81967	
565.41	348.81431	
565.834	333.80308	
566.257	398.82723	
566.681	338.8072	
567.105	401.3269	
567.528	388.82765	
567.952	416.32292	
568.375	348.81431	
568.798	368.82399	
569.222	351.31585	
569.645	338.8072	
570.068	423.81967	
570.491	418.82193	
570.914	443.80693	
571.337	371.32477	
571.76	488.75666	
572.183	351.31585	
572.606	413.82381	
573.029	376.32606	
573.452	426.3184	
573.875	318.78845	
574.297	421.32084	
574.72	466.28552	
575.143	403.82647	
575.565	383.8273	
575.988	378.82657	
576.41	356.31864	
576.832	458.79348	
577.255	376.32606	
577.677	341.30912	
578.099	388.82765	
578.521	343.81094	
578.943	388.82765	
579.365	423.81967	
579.787	321.29112	
580.209	423.81967	
580.631	416.32292	
581.053	398.82723	
581.475	366.32311	
581.897	396.32748	
582.318	286.24498	
582.74	393.82763	
583.162	433.81404	
583.583	333.80308	
584.005	368.82399	
584.426	343.81094	
584.847	466.28552	
585.269	426.3184	
585.69	461.29092	
586.111	393.82763	
586.532	406.32594	
586.954	403.82647	
587.375	298.76361	
587.796	361.32106	
588.217	391.32769	
588.637	323.7937	
589.058	366.32311	
589.479	453.79833	
589.9	311.27985	
590.32	341.30912	
590.741	451.30062	
591.162	378.82657	
591.582	506.22909	
592.003	371.32477	
592.423	401.3269	
592.844	481.26711	
593.264	403.82647	
593.684	408.82533	
594.104	441.30884	
594.524	416.32292	
594.945	386.32752	
595.365	361.32106	
595.785	398.82723	
596.205	246.16926	
596.625	353.81729	
597.044	423.81967	
597.464	426.3184	
597.884	323.7937	
598.304	403.82647	
598.723	356.31864	
599.143	366.32311	
599.562	443.80693	
599.982	346.31267	
600.401	421.32084	
600.821	423.81967	
601.24	378.82657	
601.659	331.30088	
602.078	433.81404	
602.498	466.28552	
602.917	351.31585	
603.336	428.81704	
603.755	431.31558	
604.174	376.32606	
604.593	368.82399	
605.011	396.32748	
605.43	348.81431	
605.849	446.30492	
606.268	383.8273	
606.686	308.77679	
607.105	398.82723	
607.523	388.82765	
607.942	388.82765	
608.36	371.32477	
608.779	348.81431	
609.197	398.82723	
609.615	423.81967	
610.033	388.82765	
610.451	406.32594	
610.87	438.81067	
611.288	458.79348	
611.706	456.29595	
612.124	398.82723	
612.541	393.82763	
612.959	463.78827	
613.377	333.80308	
613.795	388.82765	
614.212	393.82763	
614.63	356.31864	
615.048	436.3124	
615.465	391.32769	
615.883	428.81704	
616.3	456.29595	
616.717	363.82213	
617.135	348.81431	
617.552	341.30912	
617.969	428.81704	
618.386	358.8199	
618.803	386.32752	
619.22	318.78845	
619.637	416.32292	
620.054	413.82381	
620.471	388.82765	
620.888	338.8072	
621.305	328.79858	
621.721	373.82546	
622.138	441.30884	
622.555	393.82763	
622.971	373.82546	
623.388	328.79858	
623.804	391.32769	
624.221	376.32606	
624.637	336.30519	
625.053	356.31864	
625.47	358.8199	
625.886	346.31267	
626.302	338.8072	
626.718	413.82381	
627.134	443.80693	
627.55	378.82657	
627.966	403.82647	
628.382	398.82723	
628.797	366.32311	
629.213	301.26704	
629.629	368.82399	
630.045	336.30519	
630.46	253.68533	
630.876	383.8273	
631.291	411.32462	
631.707	393.82763	
632.122	368.82399	
632.537	351.31585	
632.953	326.29619	
633.368	341.30912	
633.783	296.26007	
634.198	343.81094	
634.613	346.31267	
635.028	348.81431	
635.443	396.32748	
635.858	353.81729	
636.273	371.32477	
636.688	358.8199	
637.102	398.82723	
637.517	393.82763	
637.932	406.32594	
638.346	396.32748	
638.761	438.81067	
639.175	428.81704	
639.59	376.32606	
640.004	353.81729	
640.418	373.82546	
640.832	428.81704	
641.247	373.82546	
641.661	448.80281	
642.075	391.32769	
642.489	441.30884	
642.903	443.80693	
643.317	351.31585	
643.731	373.82546	
644.145	306.27364	
644.558	411.32462	
644.972	351.31585	
645.386	401.3269	
645.799	346.31267	
646.213	363.82213	
646.626	436.3124	
647.04	416.32292	
647.453	436.3124	
647.866	443.80693	
648.28	366.32311	
648.693	418.82193	
649.106	363.82213	
649.519	463.78827	
649.932	386.32752	
650.345	368.82399	
650.758	413.82381	
651.171	411.32462	
651.584	356.31864	
651.997	423.81967	
652.41	468.78268	
652.822	426.3184	
653.235	451.30062	
653.647	368.82399	
654.06	326.29619	
654.472	443.80693	
654.885	383.8273	
655.297	396.32748	
655.71	413.82381	
656.122	368.82399	
656.534	421.32084	
656.946	421.32084	
657.358	378.82657	
657.77	346.31267	
658.182	348.81431	
658.594	351.31585	
659.006	366.32311	
659.418	393.82763	
659.83	408.82533	
660.241	333.80308	
660.653	336.30519	
661.065	378.82657	
661.476	331.30088	
661.888	368.82399	
662.299	356.31864	
662.71	358.8199	
663.122	358.8199	
663.533	366.32311	
663.944	363.82213	
664.355	378.82657	
664.767	348.81431	
665.178	403.82647	
665.589	353.81729	
666	376.32606	
666.41	338.8072	
666.821	303.77039	
667.232	381.32698	
667.643	461.29092	
668.053	408.82533	
668.464	403.82647	
668.875	331.30088	
669.285	371.32477	
669.696	411.32462	
670.106	418.82193	
670.516	416.32292	
670.927	316.28567	
671.337	476.27361	
671.747	341.30912	
672.157	348.81431	
672.567	408.82533	
672.977	383.8273	
673.387	468.78268	
673.797	426.3184	
674.207	388.82765	
674.617	353.81729	
675.027	346.31267	
675.436	393.82763	
675.846	358.8199	
676.256	373.82546	
676.665	421.32084	
677.075	483.76372	
677.484	386.32752	
677.893	358.8199	
678.303	381.32698	
678.712	396.32748	
679.121	401.3269	
679.53	343.81094	
679.939	353.81729	
680.348	416.32292	
680.757	313.78281	
681.166	386.32752	
681.575	376.32606	
681.984	486.26023	
682.393	378.82657	
682.802	366.32311	
683.21	333.80308	
683.619	453.79833	
684.027	388.82765	
684.436	423.81967	
684.844	363.82213	
685.253	431.31558	
685.661	396.32748	
686.069	363.82213	
686.477	411.32462	
686.886	341.30912	
687.294	426.3184	
687.702	338.8072	
688.11	351.31585	
688.518	446.30492	
688.926	351.31585	
689.333	413.82381	
689.741	328.79858	
690.149	391.32769	
690.557	418.82193	
690.964	431.31558	
691.372	416.32292	
691.779	388.82765	
692.187	401.3269	
692.594	363.82213	
693.001	416.32292	
693.409	408.82533	
693.816	348.81431	
694.223	381.32698	
694.63	331.30088	
695.037	378.82657	
695.444	468.78268	
695.851	363.82213	
696.258	381.32698	
696.665	441.30884	
697.072	348.81431	
697.479	418.82193	
697.885	401.3269	
698.292	426.3184	
698.698	386.32752	
699.105	448.80281	
699.511	403.82647	
699.918	391.32769	
700.324	363.82213	
700.73	398.82723	
701.137	408.82533	
701.543	421.32084	
701.949	466.28552	
702.355	411.32462	
702.761	373.82546	
703.167	443.80693	
703.573	371.32477	
703.979	388.82765	
704.385	301.26704	
704.79	416.32292	
705.196	391.32769	
705.602	451.30062	
706.007	323.7937	
706.413	331.30088	
706.818	348.81431	
707.224	346.31267	
707.629	456.29595	
708.034	421.32084	
708.439	331.30088	
708.845	333.80308	
709.25	343.81094	
709.655	363.82213	
710.06	441.30884	
710.465	396.32748	
710.87	286.24498	
711.275	391.32769	
711.679	456.29595	
712.084	391.32769	
712.489	398.82723	
712.893	403.82647	
713.298	406.32594	
713.702	363.82213	
714.107	381.32698	
714.511	348.81431	
714.916	461.29092	
715.32	388.82765	
715.724	401.3269	
716.128	471.27975	
716.533	413.82381	
716.937	351.31585	
717.341	373.82546	
717.745	531.18195	
718.149	426.3184	
718.552	436.3124	
718.956	386.32752	
719.36	401.3269	
719.764	361.32106	
720.167	328.79858	
720.571	388.82765	
720.974	343.81094	
721.378	371.32477	
721.781	381.32698	
722.185	343.81094	
722.588	403.82647	
722.991	366.32311	
723.394	356.31864	
723.797	386.32752	
724.2	371.32477	
724.603	371.32477	
725.006	338.8072	
725.409	353.81729	
725.812	418.82193	
726.215	386.32752	
726.618	376.32606	
727.02	363.82213	
727.423	381.32698	
727.826	363.82213	
728.228	303.77039	
728.631	403.82647	
729.033	376.32606	
729.435	391.32769	
729.838	346.31267	
730.24	401.3269	
730.642	441.30884	
731.044	308.77679	
731.446	386.32752	
731.848	303.77039	
732.25	411.32462	
732.652	341.30912	
733.054	323.7937	
733.456	413.82381	
733.857	356.31864	
734.259	366.32311	
734.661	301.26704	
735.062	416.32292	
735.464	391.32769	
735.865	323.7937	
736.267	333.80308	
736.668	361.32106	
737.069	368.82399	
737.47	406.32594	
737.872	311.27985	
738.273	356.31864	
738.674	331.30088	
739.075	413.82381	
739.476	358.8199	
739.877	406.32594	
740.278	343.81094	
740.678	456.29595	
741.079	431.31558	
741.48	273.72396	
741.88	358.8199	
742.281	356.31864	
742.681	453.79833	
743.082	321.29112	
743.482	406.32594	
743.882	358.8199	
744.283	403.82647	
744.683	426.3184	
745.083	401.3269	
745.483	388.82765	
745.883	293.75644	
746.283	331.30088	
746.683	358.8199	
747.083	366.32311	
747.483	353.81729	
747.883	396.32748	
748.282	376.32606	
748.682	403.82647	
749.082	358.8199	
749.481	416.32292	
749.881	363.82213	
750.28	398.82723	
750.679	396.32748	
751.079	443.80693	
751.478	408.82533	
751.877	391.32769	
752.276	358.8199	
752.675	393.82763	
753.074	366.32311	
753.473	358.8199	
753.872	341.30912	
754.271	383.8273	
754.67	441.30884	
755.069	338.8072	
755.467	358.8199	
755.866	421.32084	
756.265	356.31864	
756.663	346.31267	
757.062	378.82657	
757.46	408.82533	
757.858	396.32748	
758.257	428.81704	
758.655	348.81431	
759.053	358.8199	
759.451	428.81704	
759.849	388.82765	
760.247	368.82399	
760.645	383.8273	
761.043	363.82213	
761.441	343.81094	
761.839	393.82763	
762.237	388.82765	
762.634	376.32606	
763.032	391.32769	
763.429	411.32462	
763.827	351.31585	
764.224	383.8273	
764.622	358.8199	
765.019	376.32606	
765.416	436.3124	
765.814	431.31558	
766.211	376.32606	
766.608	348.81431	
767.005	348.81431	
767.402	428.81704	
767.799	406.32594	
768.196	358.8199	
768.593	448.80281	
768.989	438.81067	
769.386	373.82546	
769.783	413.82381	
770.179	313.78281	
770.576	338.8072	
770.972	403.82647	
771.369	371.32477	
771.765	366.32311	
772.161	361.32106	
772.558	363.82213	
772.954	446.30492	
773.35	431.31558	
773.746	443.80693	
774.142	451.30062	
774.538	411.32462	
774.934	348.81431	
775.33	306.27364	
775.726	381.32698	
776.121	396.32748	
776.517	376.32606	
776.913	348.81431	
777.308	408.82533	
777.704	356.31864	
778.099	393.82763	
778.495	353.81729	
778.89	403.82647	
779.285	373.82546	
779.68	388.82765	
780.076	436.3124	
780.471	426.3184	
780.866	416.32292	
781.261	456.29595	
781.656	358.8199	
782.051	418.82193	
782.445	368.82399	
782.84	403.82647	
783.235	318.78845	
783.63	343.81094	
784.024	443.80693	
784.419	318.78845	
784.813	466.28552	
785.208	378.82657	
785.602	401.3269	
785.996	376.32606	
786.391	398.82723	
786.785	423.81967	
787.179	373.82546	
787.573	441.30884	
787.967	438.81067	
788.361	363.82213	
788.755	441.30884	
789.149	311.27985	
789.543	346.31267	
789.936	378.82657	
790.33	436.3124	
790.724	396.32748	
791.117	346.31267	
791.511	373.82546	
791.904	388.82765	
792.298	383.8273	
792.691	408.82533	
793.084	398.82723	
793.477	371.32477	
793.871	423.81967	
794.264	381.32698	
794.657	478.7704	
795.05	428.81704	
795.443	356.31864	
795.836	351.31585	
796.228	401.3269	
796.621	383.8273	
797.014	348.81431	
797.406	408.82533	
797.799	361.32106	
798.192	391.32769	
798.584	381.32698	
798.976	403.82647	
799.369	328.79858	
799.761	406.32594	
800.153	461.29092	
800.546	416.32292	
800.938	391.32769	
801.33	403.82647	
801.722	348.81431	
802.114	366.32311	
802.506	343.81094	
802.897	391.32769	
803.289	321.29112	
803.681	453.79833	
804.073	363.82213	
804.464	401.3269	
804.856	361.32106	
805.247	381.32698	
805.639	411.32462	
806.03	371.32477	
806.421	466.28552	
806.813	371.32477	
807.204	321.29112	
807.595	346.31267	
807.986	381.32698	
808.377	363.82213	
808.768	416.32292	
809.159	396.32748	
809.55	353.81729	
809.941	446.30492	
810.331	296.26007	
810.722	383.8273	
811.113	308.77679	
811.503	451.30062	
811.894	423.81967	
812.284	408.82533	
812.675	396.32748	
813.065	418.82193	
813.455	386.32752	
813.846	326.29619	
814.236	398.82723	
814.626	368.82399	
815.016	293.75644	
815.406	288.7489	
815.796	328.79858	
816.186	358.8199	
816.575	358.8199	
816.965	396.32748	
817.355	388.82765	
817.745	423.81967	
818.134	398.82723	
818.524	378.82657	
818.913	398.82723	
819.303	418.82193	
819.692	356.31864	
820.081	383.8273	
820.47	368.82399	
820.86	388.82765	
821.249	413.82381	
821.638	353.81729	
822.027	386.32752	
822.416	348.81431	
822.805	438.81067	
823.193	396.32748	
823.582	421.32084	
823.971	458.79348	
824.36	388.82765	
824.748	423.81967	
825.137	398.82723	
825.525	396.32748	
825.914	368.82399	
826.302	363.82213	
826.69	386.32752	
827.079	388.82765	
827.467	413.82381	
827.855	398.82723	
828.243	386.32752	
828.631	283.74097	
829.019	488.75666	
829.407	466.28552	
829.795	398.82723	
830.182	403.82647	
830.57	366.32311	
830.958	403.82647	
831.345	403.82647	
831.733	318.78845	
832.12	391.32769	
832.508	428.81704	
832.895	436.3124	
833.283	416.32292	
833.67	418.82193	
834.057	366.32311	
834.444	403.82647	
834.831	403.82647	
835.218	388.82765	
835.605	398.82723	
835.992	298.76361	
836.379	396.32748	
836.766	356.31864	
837.152	328.79858	
837.539	388.82765	
837.926	388.82765	
838.312	343.81094	
838.699	463.78827	
839.085	338.8072	
839.472	353.81729	
839.858	408.82533	
840.244	296.26007	
840.63	396.32748	
841.017	353.81729	
841.403	346.31267	
841.789	373.82546	
842.175	338.8072	
842.561	318.78845	
842.946	411.32462	
843.332	443.80693	
843.718	336.30519	
844.104	343.81094	
844.489	413.82381	
844.875	366.32311	
845.26	366.32311	
845.646	398.82723	
846.031	386.32752	
846.416	416.32292	
846.802	353.81729	
847.187	333.80308	
847.572	348.81431	
847.957	338.8072	
848.342	333.80308	
848.727	386.32752	
849.112	371.32477	
849.497	413.82381	
849.882	438.81067	
850.266	381.32698	
850.651	353.81729	
851.036	406.32594	
851.42	416.32292	
851.805	363.82213	
852.189	366.32311	
852.574	326.29619	
852.958	368.82399	
853.342	328.79858	
853.726	331.30088	
854.11	373.82546	
854.495	348.81431	
854.879	408.82533	
855.263	353.81729	
855.646	441.30884	
856.03	426.3184	
856.414	453.79833	
856.798	278.73266	
857.181	336.30519	
857.565	481.26711	
857.949	458.79348	
858.332	416.32292	
858.716	358.8199	
859.099	398.82723	
859.482	346.31267	
859.866	323.7937	
860.249	398.82723	
860.632	388.82765	
861.015	328.79858	
861.398	403.82647	
861.781	416.32292	
862.164	433.81404	
862.547	423.81967	
862.929	368.82399	
863.312	371.32477	
863.695	338.8072	
864.077	391.32769	
864.46	416.32292	
864.842	308.77679	
865.225	411.32462	
865.607	358.8199	
865.99	386.32752	
866.372	488.75666	
866.754	368.82399	
867.136	411.32462	
867.518	408.82533	
867.9	368.82399	
868.282	443.80693	
868.664	408.82533	
869.046	366.32311	
869.428	393.82763	
869.809	393.82763	
870.191	436.3124	
870.573	413.82381	
870.954	418.82193	
871.336	356.31864	
871.717	416.32292	
872.099	413.82381	
872.48	401.3269	
872.861	403.82647	
873.242	418.82193	
873.623	358.8199	
874.004	316.28567	
874.385	376.32606	
874.766	341.30912	
875.147	398.82723	
875.528	403.82647	
875.909	368.82399	
876.29	398.82723	
876.67	406.32594	
877.051	368.82399	
877.431	296.26007	
877.812	388.82765	
878.192	423.81967	
878.573	388.82765	
878.953	358.8199	
879.333	353.81729	
879.713	398.82723	
880.093	421.32084	
880.473	423.81967	
880.853	373.82546	
881.233	321.29112	
881.613	373.82546	
881.993	381.32698	
882.373	421.32084	
882.753	386.32752	
883.132	371.32477	
883.512	456.29595	
883.891	401.3269	
884.271	371.32477	
884.65	408.82533	
885.029	451.30062	
885.409	428.81704	
885.788	376.32606	
886.167	366.32311	
886.546	273.72396	
886.925	416.32292	
887.304	428.81704	
887.683	378.82657	
888.062	328.79858	
888.441	321.29112	
888.82	408.82533	
889.198	323.7937	
889.577	398.82723	
889.955	378.82657	
890.334	386.32752	
890.712	368.82399	
891.091	301.26704	
891.469	388.82765	
891.847	473.77673	
892.226	393.82763	
892.604	348.81431	
892.982	356.31864	
893.36	358.8199	
893.738	451.30062	
894.116	426.3184	
894.493	373.82546	
894.871	373.82546	
895.249	428.81704	
895.627	336.30519	
896.004	403.82647	
896.382	376.32606	
896.759	421.32084	
897.137	388.82765	
897.514	393.82763	
897.891	381.32698	
898.269	358.8199	
898.646	411.32462	
899.023	348.81431	
899.4	361.32106	
899.777	336.30519	
900.154	363.82213	
900.531	406.32594	
900.908	368.82399	
901.284	361.32106	
901.661	283.74097	
902.038	411.32462	
902.414	348.81431	
902.791	403.82647	
903.167	396.32748	
903.544	456.29595	
903.92	371.32477	
904.296	378.82657	
904.672	336.30519	
905.049	313.78281	
905.425	443.80693	
905.801	391.32769	
906.177	358.8199	
906.553	408.82533	
906.929	386.32752	
907.304	401.3269	
907.68	401.3269	
908.056	403.82647	
908.431	373.82546	
908.807	323.7937	
909.182	376.32606	
909.558	406.32594	
909.933	361.32106	
910.309	381.32698	
910.684	391.32769	
911.059	358.8199	
911.434	463.78827	
911.809	476.27361	
912.184	406.32594	
912.559	296.26007	
912.934	378.82657	
913.309	456.29595	
913.684	423.81967	
914.058	363.82213	
914.433	313.78281	
914.808	343.81094	
915.182	413.82381	
915.557	381.32698	
915.931	441.30884	
916.305	391.32769	
916.68	416.32292	
917.054	446.30492	
917.428	371.32477	
917.802	381.32698	
918.176	366.32311	
918.55	463.78827	
918.924	353.81729	
919.298	421.32084	
919.672	346.31267	
920.045	413.82381	
920.419	376.32606	
920.793	391.32769	
921.166	426.3184	
921.54	388.82765	
921.913	421.32084	
922.287	363.82213	
922.66	351.31585	
923.033	368.82399	
923.406	478.7704	
923.78	316.28567	
924.153	366.32311	
924.526	396.32748	
924.899	363.82213	
925.271	353.81729	
925.644	368.82399	
926.017	323.7937	
926.39	338.8072	
926.762	426.3184	
927.135	376.32606	
927.508	413.82381	
927.88	391.32769	
928.252	368.82399	
928.625	373.82546	
928.997	303.77039	
929.369	371.32477	
929.741	376.32606	
930.114	398.82723	
930.486	381.32698	
930.858	381.32698	
931.229	311.27985	
931.601	423.81967	
931.973	463.78827	
932.345	346.31267	
932.717	406.32594	
933.088	341.30912	
933.46	381.32698	
933.831	436.3124	
934.203	418.82193	
934.574	413.82381	
934.945	416.32292	
935.317	421.32084	
935.688	343.81094	
936.059	333.80308	
936.43	386.32752	
936.801	418.82193	
937.172	356.31864	
937.543	391.32769	
937.914	471.27975	
938.284	373.82546	
938.655	408.82533	
939.026	333.80308	
939.396	341.30912	
939.767	356.31864	
940.137	336.30519	
940.508	373.82546	
940.878	361.32106	
941.248	446.30492	
941.618	333.80308	
941.989	288.7489	
942.359	391.32769	
942.729	316.28567	
943.099	288.7489	
943.469	351.31585	
943.838	428.81704	
944.208	321.29112	
944.578	383.8273	
944.948	403.82647	
945.317	351.31585	
945.687	353.81729	
946.056	401.3269	
946.426	381.32698	
946.795	371.32477	
947.164	376.32606	
947.533	336.30519	
947.903	376.32606	
948.272	381.32698	
948.641	406.32594	
949.01	423.81967	
949.379	388.82765	
949.748	338.8072	
950.116	441.30884	
950.485	323.7937	
950.854	371.32477	
951.222	288.7489	
951.591	318.78845	
951.959	336.30519	
952.328	381.32698	
952.696	306.27364	
953.065	383.8273	
953.433	428.81704	
953.801	418.82193	
954.169	376.32606	
954.537	288.7489	
954.905	406.32594	
955.273	413.82381	
955.641	393.82763	
956.009	293.75644	
956.377	363.82213	
956.744	398.82723	
957.112	321.29112	
957.479	361.32106	
957.847	416.32292	
958.214	386.32752	
958.582	453.79833	
958.949	371.32477	
959.316	411.32462	
959.684	393.82763	
960.051	363.82213	
960.418	321.29112	
960.785	346.31267	
961.152	361.32106	
961.519	421.32084	
961.885	426.3184	
962.252	331.30088	
962.619	368.82399	
962.986	356.31864	
963.352	381.32698	
963.719	353.81729	
964.085	381.32698	
964.452	388.82765	
964.818	323.7937	
965.184	406.32594	
965.55	366.32311	
965.916	316.28567	
966.283	343.81094	
966.649	466.28552	
967.015	333.80308	
967.38	353.81729	
967.746	398.82723	
968.112	406.32594	
968.478	418.82193	
968.843	381.32698	
969.209	396.32748	
969.575	368.82399	
969.94	368.82399	
970.305	358.8199	
970.671	411.32462	
971.036	408.82533	
971.401	348.81431	
971.766	423.81967	
972.132	333.80308	
972.497	341.30912	
972.862	338.8072	
973.227	423.81967	
973.591	386.32752	
973.956	341.30912	
974.321	351.31585	
974.686	378.82657	
975.05	391.32769	
975.415	348.81431	
975.779	386.32752	
976.144	441.30884	
976.508	393.82763	
976.872	401.3269	
977.236	348.81431	
977.601	368.82399	
977.965	391.32769	
978.329	466.28552	
978.693	461.29092	
979.057	318.78845	
979.421	308.77679	
979.784	396.32748	
980.148	413.82381	
980.512	381.32698	
980.875	383.8273	
981.239	358.8199	
981.602	273.72396	
981.966	391.32769	
982.329	396.32748	
982.692	376.32606	
983.056	388.82765	
983.419	411.32462	
983.782	336.30519	
984.145	408.82533	
984.508	233.64053	
984.871	313.78281	
985.234	431.31558	
985.597	383.8273	
985.959	428.81704	
986.322	456.29595	
986.685	371.32477	
987.047	311.27985	
987.41	356.31864	
987.772	363.82213	
988.134	343.81094	
988.497	331.30088	
988.859	381.32698	
989.221	453.79833	
989.583	366.32311	
989.945	396.32748	
990.307	406.32594	
990.669	381.32698	
991.031	341.30912	
991.393	333.80308	
991.755	388.82765	
992.116	388.82765	
992.478	436.3124	
992.839	341.30912	
993.201	371.32477	
993.562	398.82723	
993.924	323.7937	
994.285	343.81094	
994.646	356.31864	
995.007	401.3269	
995.369	348.81431	
995.73	406.32594	
996.091	416.32292	
996.451	383.8273	
996.812	386.32752	
997.173	338.8072	
997.534	353.81729	
997.895	383.8273	
998.255	341.30912	
998.616	373.82546	
998.976	403.82647	
999.337	381.32698	
999.697	341.30912	
1000.057	371.32477	
1000.418	401.3269	
1000.778	341.30912	
1001.138	431.31558	
1001.498	326.29619	
1001.858	346.31267	
1002.218	316.28567	
1002.578	406.32594	
1002.937	416.32292	
1003.297	373.82546	
1003.657	388.82765	
1004.016	363.82213	
1004.376	403.82647	
1004.735	348.81431	
1005.095	366.32311	
1005.454	398.82723	
1005.813	411.32462	
1006.173	301.26704	
1006.532	348.81431	
1006.891	358.8199	
1007.25	388.82765	
1007.609	376.32606	
1007.968	376.32606	
1008.327	318.78845	
1008.686	388.82765	
1009.044	398.82723	
1009.403	443.80693	
1009.762	393.82763	
1010.12	383.8273	
1010.479	388.82765	
1010.837	398.82723	
1011.195	361.32106	
1011.554	396.32748	
1011.912	291.25272	
1012.27	378.82657	
1012.628	348.81431	
1012.986	341.30912	
1013.344	353.81729	
1013.702	371.32477	
1014.06	303.77039	
1014.418	298.76361	
1014.775	381.32698	
1015.133	401.3269	
1015.491	286.24498	
1015.848	346.31267	
1016.206	348.81431	
1016.563	356.31864	
1016.92	366.32311	
1017.278	383.8273	
1017.635	353.81729	
1017.992	443.80693	
1018.349	413.82381	
1018.706	413.82381	
1019.063	386.32752	
1019.42	416.32292	
1019.777	391.32769	
1020.134	351.31585	
1020.49	366.32311	
1020.847	368.82399	
1021.203	383.8273	
1021.56	301.26704	
1021.916	366.32311	
1022.273	373.82546	
1022.629	388.82765	
1022.985	386.32752	
1023.342	406.32594	
1023.698	353.81729	
1024.054	351.31585	
1024.41	438.81067	
1024.766	318.78845	
1025.122	403.82647	
1025.477	401.3269	
1025.833	421.32084	
1026.189	418.82193	
1026.545	398.82723	
1026.9	401.3269	
1027.256	391.32769	
1027.611	426.3184	
1027.966	403.82647	
1028.322	358.8199	
1028.677	341.30912	
1029.032	376.32606	
1029.387	343.81094	
1029.742	396.32748	
1030.097	348.81431	
1030.452	321.29112	
1030.807	338.8072	
1031.162	371.32477	
1031.517	413.82381	
1031.871	393.82763	
1032.226	376.32606	
1032.581	376.32606	
1032.935	376.32606	
