FLMS05510_1:101		
187.856	52.01242	
188.32	52.01242	
188.785	52.01242	
189.249	-20.91154	
189.713	-68.73605	
190.178	-98.9603	
190.642	-86.36504	
191.106	-13.3637	
191.57	-124.15867	
192.034	-18.39549	
192.498	-98.9603	
192.963	-10.84796	
193.427	-51.11216	
193.89	-5.81679	
194.354	36.93172	
194.818	36.93172	
195.282	36.93172	
195.746	67.08948	
196.21	99.74404	
196.673	54.52552	
197.137	175.0365	
197.601	185.06878	
198.064	149.94891	
198.528	202.62151	
198.991	200.11427	
199.454	270.28026	
199.918	195.0995	
200.381	342.87277	
200.844	247.73518	
201.308	297.82479	
201.771	367.88617	
202.234	325.35777	
202.697	257.75618	
203.16	295.32122	
203.623	320.35263	
204.086	355.38065	
204.549	375.38835	
205.012	365.38525	
205.475	390.39018	
205.938	332.86477	
206.4	345.37453	
206.863	390.39018	
207.326	330.36253	
207.788	357.88194	
208.251	387.89011	
208.714	375.38835	
209.176	327.8602	
209.639	322.85525	
210.101	375.38835	
210.563	340.37091	
211.026	405.38865	
211.488	300.32827	
211.95	347.8762	
212.412	370.38699	
212.874	352.87926	
213.337	350.37778	
213.799	237.71263	
214.261	440.37204	
214.723	342.87277	
215.184	337.86896	
215.646	407.88807	
216.108	355.38065	
216.57	342.87277	
217.032	352.87926	
217.493	300.32827	
217.955	280.2978	
218.417	345.37453	
218.878	317.84992	
219.34	292.81756	
219.801	337.86896	
220.263	272.78479	
220.724	305.33493	
221.185	325.35777	
221.647	297.82479	
222.108	305.33493	
222.569	327.8602	
223.03	370.38699	
223.491	375.38835	
223.952	285.30599	
224.413	350.37778	
224.874	380.38934	
225.335	392.89016	
225.796	385.38995	
226.257	285.30599	
226.718	327.8602	
227.179	257.75618	
227.639	347.8762	
228.1	410.38739	
228.561	265.27092	
229.021	355.38065	
229.482	360.38314	
229.942	290.3138	
230.403	387.89011	
230.863	355.38065	
231.323	280.2978	
231.784	367.88617	
232.244	352.87926	
232.704	420.38376	
233.164	375.38835	
233.625	372.88772	
234.085	360.38314	
234.545	382.88969	
235.005	327.8602	
235.465	315.34711	
235.925	317.84992	
236.384	307.83812	
236.844	327.8602	
237.304	370.38699	
237.764	360.38314	
238.223	395.39005	
238.683	400.38953	
239.143	390.39018	
239.602	332.86477	
240.062	417.88481	
240.521	340.37091	
240.98	387.89011	
241.44	292.81756	
241.899	352.87926	
242.358	405.38865	
242.818	282.80194	
243.277	330.36253	
243.736	382.88969	
244.195	302.83165	
244.654	355.38065	
245.113	347.8762	
245.572	357.88194	
246.031	307.83812	
246.49	362.88424	
246.949	320.35263	
247.408	375.38835	
247.866	365.38525	
248.325	360.38314	
248.784	392.89016	
249.242	362.88424	
249.701	395.39005	
250.159	345.37453	
250.618	382.88969	
251.076	267.77564	
251.534	347.8762	
251.993	360.38314	
252.451	320.35263	
252.909	332.86477	
253.368	380.38934	
253.826	315.34711	
254.284	312.84421	
254.742	317.84992	
255.2	317.84992	
255.658	297.82479	
256.116	340.37091	
256.574	357.88194	
257.031	425.38139	
257.489	350.37778	
257.947	245.22969	
258.405	352.87926	
258.862	335.36691	
259.32	355.38065	
259.777	347.8762	
260.235	265.27092	
260.692	352.87926	
261.15	350.37778	
261.607	370.38699	
262.065	450.36395	
262.522	355.38065	
262.979	297.82479	
263.436	302.83165	
263.893	337.86896	
264.351	342.87277	
264.808	335.36691	
265.265	340.37091	
265.722	317.84992	
266.178	405.38865	
266.635	412.88662	
267.092	330.36253	
267.549	412.88662	
268.006	300.32827	
268.462	305.33493	
268.919	357.88194	
269.376	362.88424	
269.832	297.82479	
270.289	392.89016	
270.745	375.38835	
271.202	385.38995	
271.658	347.8762	
272.114	380.38934	
272.571	377.88889	
273.027	385.38995	
273.483	390.39018	
273.939	330.36253	
274.395	367.88617	
274.851	435.37552	
275.307	355.38065	
275.763	357.88194	
276.219	432.87713	
276.675	380.38934	
277.131	335.36691	
277.587	385.38995	
278.042	410.38739	
278.498	417.88481	
278.954	397.88984	
279.409	360.38314	
279.865	420.38376	
280.32	327.8602	
280.776	275.28922	
281.231	400.38953	
281.687	357.88194	
282.142	367.88617	
282.597	420.38376	
283.052	400.38953	
283.508	412.88662	
283.963	395.39005	
284.418	310.34121	
284.873	377.88889	
285.328	427.88006	
285.783	442.87015	
286.238	405.38865	
286.693	427.88006	
287.147	310.34121	
287.602	355.38065	
288.057	382.88969	
288.512	410.38739	
288.966	460.35439	
289.421	482.8275	
289.875	445.36818	
290.33	422.88262	
290.784	437.87383	
291.239	342.87277	
291.693	452.8617	
292.147	430.37864	
292.602	422.88262	
293.056	465.34906	
293.51	487.82051	
293.964	447.86611	
294.418	482.8275	
294.872	657.36766	
295.326	719.59779	
295.78	828.99107	
296.234	1185.87316	
296.688	1425.34093	
297.142	1255.07273	
297.595	901.00089	
298.049	707.15614	
298.503	502.79736	
298.956	577.63252	
299.41	492.81316	
299.863	387.89011	
300.317	520.26619	
300.77	537.73057	
301.224	843.89549	
301.677	1346.42136	
302.13	1477.08984	
302.584	1494.33213	
303.037	943.18071	
303.49	684.75567	
303.943	647.40574	
304.396	624.98625	
304.849	692.22328	
305.302	833.95955	
305.755	1403.15266	
306.208	2388.59831	
306.661	3228.42235	
307.114	3857.39812	
307.566	4964.46001	
308.019	5721.1722	
308.472	7012.66264	
308.924	7542.82258	
309.377	7738.44975	
309.829	7075.83706	
310.282	6557.81218	
310.734	6032.92138	
311.187	6054.14831	
311.639	7209.10221	
312.091	10485.87801	
312.543	14949.67605	
312.995	16649.72758	
313.448	14324.77988	
313.9	10401.50018	
314.352	7594.08706	
314.804	6858.10359	
315.256	7087.53257	
315.708	6607.12791	
316.159	5406.25516	
316.611	3881.42387	
317.063	3092.97715	
317.515	2517.7136	
317.966	2271.50928	
318.418	2012.40339	
318.87	1997.71454	
319.321	1887.46975	
319.773	1889.92115	
320.224	1698.50161	
320.675	1769.72055	
321.127	1555.88206	
321.578	1607.54843	
322.029	1348.88878	
322.48	1292.11872	
322.932	1094.33565	
323.383	1156.19728	
323.834	1096.81107	
324.285	1072.05317	
324.736	1121.56093	
325.187	1052.24102	
325.638	1351.35612	
326.088	1454.91579	
326.539	1427.80592	
326.99	1378.49183	
327.441	1432.73566	
327.891	1432.73566	
328.342	1376.02533	
328.792	1185.87316	
329.243	1081.9573	
329.693	1222.95202	
330.144	1133.93285	
330.594	1119.0863	
331.044	1138.88106	
331.495	982.85742	
331.945	1141.35504	
332.395	1185.87316	
332.845	1346.42136	
333.295	1754.99051	
333.745	2525.01674	
334.195	2908.8692	
334.645	3390.23992	
335.095	3717.94452	
335.545	4621.28934	
335.995	6642.34158	
336.444	9002.893	
336.894	9882.70885	
337.344	8575.83108	
337.793	5692.79204	
338.243	3667.40851	
338.692	2522.58242	
339.142	1617.38599	
339.591	1193.29035	
340.041	953.10187	
340.49	873.69518	
340.939	836.44366	
341.388	868.72941	
341.838	843.89549	
342.287	878.66061	
342.736	933.25821	
343.185	987.81553	
343.634	1005.16629	
344.083	1027.46852	
344.532	1029.94614	
344.981	1077.0054	
345.429	1178.45526	
345.878	1126.50994	
346.327	1203.17883	
346.776	1237.7786	
347.224	1390.8232	
347.673	1548.49851	
348.121	1754.99051	
348.57	2071.13442	
349.018	2278.8317	
349.467	2237.33025	
349.915	2076.02692	
350.363	1875.21172	
350.811	1730.43475	
351.26	1804.08076	
351.708	2102.93089	
352.156	2534.75337	
352.604	3284.00004	
353.052	3977.47447	
353.5	3917.45265	
353.948	3177.65136	
354.396	2393.47382	
354.843	2261.74515	
355.291	2442.21487	
355.739	3063.9298	
356.186	4090.22762	
356.634	5810.99929	
357.082	7241.81267	
357.529	6677.5454	
357.977	4790.61721	
358.424	2952.50421	
358.871	2098.03986	
359.319	1595.24984	
359.766	1163.61732	
360.213	1057.19454	
360.661	1017.55724	
361.108	987.81553	
361.555	1057.19454	
362.002	1062.14774	
362.449	1316.80636	
362.896	1696.04472	
363.343	2959.77486	
363.79	6855.76033	
364.236	20030.40658	
364.683	30620.89877	
365.13	32188.47632	
365.577	23267.65488	
366.023	16117.31496	
366.47	11304.25855	
366.916	7150.66977	
367.363	4099.81837	
367.809	2391.0361	
368.256	1750.07992	
368.702	1410.54943	
369.148	1531.26764	
369.594	1708.32848	
370.041	2134.71607	
370.487	2410.53607	
370.933	2359.33993	
371.379	1985.47196	
371.825	1823.70897	
372.271	1639.51624	
372.717	1526.34387	
373.163	1664.09853	
373.608	1887.46975	
374.054	2315.43505	
374.5	2940.38528	
374.946	3397.47962	
375.391	3194.57781	
375.837	2522.58242	
376.282	1902.1771	
376.728	1548.49851	
377.173	1427.80592	
377.618	1388.35707	
378.064	1400.68692	
378.509	1560.80406	
378.954	2076.02692	
379.4	2636.92812	
379.845	3141.371	
380.29	2826.39524	
380.735	2186.03769	
381.18	1654.26648	
381.625	1158.6707	
382.07	965.50147	
382.514	814.08359	
382.959	759.39646	
383.404	729.54954	
383.849	786.74522	
384.293	814.08359	
384.738	794.20217	
385.183	975.41965	
385.627	930.77738	
386.072	828.99107	
386.516	749.44888	
386.96	814.08359	
387.405	898.51897	
387.849	891.07272	
388.293	1173.5096	
388.737	1277.30242	
389.181	1279.772	
389.626	1218.00919	
390.07	1119.0863	
390.514	1062.14774	
390.957	985.33652	
391.401	923.33439	
391.845	901.00089	
392.289	1099.28642	
392.733	1185.87316	
393.176	1496.79502	
393.62	1659.18265	
394.064	1705.87187	
394.507	1380.95826	
394.951	1178.45526	
395.394	1151.25018	
395.838	1044.81013	
396.281	982.85742	
396.724	992.7733	
397.168	1138.88106	
397.611	1166.09051	
398.054	1462.30781	
398.497	1777.08462	
398.94	2330.07233	
399.383	2420.28454	
399.826	2337.39009	
400.269	2366.65539	
400.712	2068.68807	
401.155	1919.33254	
401.597	1575.5683	
402.04	1262.48333	
402.483	1124.03547	
402.925	1309.40088	
403.368	2675.82327	
403.811	7148.33192	
404.253	11213.55507	
404.696	11485.49914	
405.138	8233.17957	
405.58	5555.52812	
406.023	3917.45265	
406.465	3008.23241	
406.907	3351.61974	
407.349	3602.39881	
407.791	3679.44304	
408.233	2695.26499	
408.675	1970.77863	
409.117	1654.26648	
409.559	1195.76259	
410.001	1072.05317	
410.443	901.00089	
410.885	714.62139	
411.326	784.2594	
411.768	702.17887	
412.21	769.34267	
412.651	821.53771	
413.093	972.94023	
413.534	948.14146	
413.975	955.58196	
414.417	881.1432	
414.858	836.44366	
415.299	938.21963	
415.741	816.56838	
416.182	858.79685	
416.623	826.5067	
417.064	769.34267	
417.505	766.85625	
417.946	963.02171	
418.387	950.62171	
418.828	1225.42331	
419.269	1474.62635	
419.709	1619.8452	
420.15	1536.19112	
420.591	1449.9874	
421.031	1287.18026	
421.472	1089.38455	
421.913	995.25206	
422.353	833.95955	
422.794	824.02225	
423.234	632.46021	
423.674	687.24496	
424.115	615.01972	
424.555	754.42284	
424.995	774.31526	
425.435	876.17793	
425.875	1042.333	
426.315	1042.333	
426.755	1002.68786	
427.195	923.33439	
427.635	749.44888	
428.075	739.4999	
428.515	644.91504	
428.955	644.91504	
429.394	600.06725	
429.834	587.60441	
430.274	617.51149	
430.713	629.96898	
431.153	694.71231	
431.592	622.49475	
432.031	644.91504	
432.471	724.57384	
432.91	965.50147	
433.349	1314.33794	
433.789	1828.61532	
434.228	3126.85526	
434.667	8446.28469	
435.106	21010.8931	
435.545	28663.71367	
435.984	26070.71852	
436.423	16362.63987	
436.862	10879.73564	
437.301	7608.06473	
437.739	5095.2687	
438.178	3037.29574	
438.617	1833.52139	
439.055	1089.38455	
439.494	908.44614	
439.932	749.44888	
440.371	761.88315	
440.809	699.69011	
441.248	786.74522	
441.686	687.24496	
442.124	642.42425	
442.563	607.54389	
443.001	577.63252	
443.439	585.11157	
443.877	530.24638	
444.315	542.71958	
444.753	540.22512	
445.191	615.01972	
445.629	470.34336	
446.067	512.7801	
446.504	512.7801	
446.942	607.54389	
447.38	605.05177	
447.817	632.46021	
448.255	662.34809	
448.693	567.6592	
449.13	610.03592	
449.568	555.19052	
450.005	642.42425	
450.442	582.61864	
450.88	624.98625	
451.317	557.68443	
451.754	560.17826	
452.191	552.69651	
452.628	512.7801	
453.065	624.98625	
453.502	575.13932	
453.939	517.77092	
454.376	527.75147	
454.813	517.77092	
455.25	520.26619	
455.686	629.96898	
456.123	585.11157	
456.56	565.16564	
456.996	634.95136	
457.433	632.46021	
457.869	517.77092	
458.306	570.15266	
458.742	530.24638	
459.179	545.21395	
459.615	437.87383	
460.051	440.37204	
460.487	412.88662	
460.924	397.88984	
461.36	480.33085	
461.796	505.29318	
462.232	467.84626	
462.668	507.78891	
463.104	525.25647	
463.539	577.63252	
463.975	540.22512	
464.411	540.22512	
464.847	505.29318	
465.282	475.33729	
465.718	530.24638	
466.153	517.77092	
466.589	487.82051	
467.024	465.34906	
467.46	560.17826	
467.895	527.75147	
468.33	520.26619	
468.766	490.31688	
469.201	455.35936	
469.636	502.79736	
470.071	595.08238	
470.506	512.7801	
470.941	522.76138	
471.376	535.23593	
471.811	562.67199	
472.246	565.16564	
472.681	452.8617	
473.115	532.7412	
473.55	495.30935	
473.985	337.86896	
474.419	480.33085	
474.854	477.83412	
475.288	452.8617	
475.723	480.33085	
476.157	540.22512	
476.592	467.84626	
477.026	515.27555	
477.46	512.7801	
477.894	477.83412	
478.329	462.85177	
478.763	440.37204	
479.197	500.30144	
479.631	517.77092	
480.065	595.08238	
480.499	492.81316	
480.932	642.42425	
481.366	532.7412	
481.8	535.23593	
482.234	505.29318	
482.667	512.7801	
483.101	492.81316	
483.535	507.78891	
483.968	460.35439	
484.401	600.06725	
484.835	457.85692	
485.268	542.71958	
485.702	664.83818	
486.135	577.63252	
486.568	607.54389	
487.001	610.03592	
487.434	562.67199	
487.867	555.19052	
488.3	520.26619	
488.733	515.27555	
489.166	487.82051	
489.599	537.73057	
490.032	480.33085	
490.464	567.6592	
490.897	1171.03665	
491.33	1565.72577	
491.762	1575.5683	
492.195	1218.00919	
492.627	933.25821	
493.06	799.17304	
493.492	649.89636	
493.925	510.28455	
494.357	502.79736	
494.789	610.03592	
495.221	527.75147	
495.653	502.79736	
496.086	437.87383	
496.518	547.70823	
496.95	597.57486	
497.382	480.33085	
497.813	532.7412	
498.245	515.27555	
498.677	470.34336	
499.109	525.25647	
499.54	447.86611	
499.972	452.8617	
500.404	500.30144	
500.835	467.84626	
501.267	520.26619	
501.698	435.37552	
502.129	462.85177	
502.561	477.83412	
502.992	490.31688	
503.423	497.80544	
503.855	570.15266	
504.286	522.76138	
504.717	505.29318	
505.148	552.69651	
505.579	475.33729	
506.01	462.85177	
506.441	437.87383	
506.871	475.33729	
507.302	427.88006	
507.733	490.31688	
508.163	502.79736	
508.594	505.29318	
509.025	410.38739	
509.455	450.36395	
509.886	547.70823	
510.316	452.8617	
510.746	480.33085	
511.177	447.86611	
511.607	437.87383	
512.037	515.27555	
512.467	427.88006	
512.898	487.82051	
513.328	465.34906	
513.758	470.34336	
514.188	550.20241	
514.617	480.33085	
515.047	475.33729	
515.477	525.25647	
515.907	447.86611	
516.337	502.79736	
516.766	587.60441	
517.196	505.29318	
517.625	575.13932	
518.055	490.31688	
518.484	542.71958	
518.914	570.15266	
519.343	480.33085	
519.772	540.22512	
520.202	512.7801	
520.631	492.81316	
521.06	517.77092	
521.489	527.75147	
521.918	492.81316	
522.347	482.8275	
522.776	442.87015	
523.205	595.08238	
523.634	545.21395	
524.063	467.84626	
524.491	407.88807	
524.92	437.87383	
525.349	525.25647	
525.777	505.29318	
526.206	540.22512	
526.634	480.33085	
527.063	445.36818	
527.491	415.38576	
527.919	555.19052	
528.348	527.75147	
528.776	462.85177	
529.204	440.37204	
529.632	520.26619	
530.06	450.36395	
530.488	505.29318	
530.916	447.86611	
531.344	422.88262	
531.772	437.87383	
532.2	497.80544	
532.627	485.32405	
533.055	405.38865	
533.483	397.88984	
533.91	430.37864	
534.338	530.24638	
534.765	510.28455	
535.193	510.28455	
535.62	535.23593	
536.048	487.82051	
536.475	472.84037	
536.902	507.78891	
537.329	507.78891	
537.757	520.26619	
538.184	575.13932	
538.611	607.54389	
539.038	615.01972	
539.465	510.28455	
539.892	507.78891	
540.318	515.27555	
540.745	580.12563	
541.172	530.24638	
541.599	522.76138	
542.025	634.95136	
542.452	639.93338	
542.878	682.26629	
543.305	637.44241	
543.731	687.24496	
544.158	873.69518	
544.584	1109.187	
545.01	5636.01193	
545.436	34603.2595	
545.862	54126.86596	
546.289	56927.30241	
546.715	37532.29585	
547.141	21908.43716	
547.567	14304.73546	
547.993	9857.51955	
548.418	6588.34325	
548.844	3891.0327	
549.27	2259.30395	
549.696	1168.56362	
550.121	801.65834	
550.547	724.57384	
550.972	684.75567	
551.398	587.60441	
551.823	592.58982	
552.249	472.84037	
552.674	540.22512	
553.099	485.32405	
553.525	485.32405	
553.95	467.84626	
554.375	472.84037	
554.8	522.76138	
555.225	530.24638	
555.65	525.25647	
556.075	505.29318	
556.5	542.71958	
556.925	442.87015	
557.349	482.8275	
557.774	455.35936	
558.199	515.27555	
558.623	482.8275	
559.048	497.80544	
559.472	507.78891	
559.897	505.29318	
560.321	475.33729	
560.746	457.85692	
561.17	535.23593	
561.594	475.33729	
562.018	475.33729	
562.443	455.35936	
562.867	465.34906	
563.291	415.38576	
563.715	475.33729	
564.139	395.39005	
564.562	505.29318	
564.986	515.27555	
565.41	485.32405	
565.834	500.30144	
566.257	495.30935	
566.681	445.36818	
567.105	525.25647	
567.528	425.38139	
567.952	502.79736	
568.375	430.37864	
568.798	480.33085	
569.222	475.33729	
569.645	440.37204	
570.068	442.87015	
570.491	512.7801	
570.914	412.88662	
571.337	520.26619	
571.76	492.81316	
572.183	472.84037	
572.606	592.58982	
573.029	582.61864	
573.452	592.58982	
573.875	612.52786	
574.297	622.49475	
574.72	702.17887	
575.143	677.28727	
575.565	682.26629	
575.988	1730.43475	
576.41	6991.59751	
576.832	10122.92	
577.255	10371.84187	
577.677	6447.36853	
578.099	5446.5533	
578.521	10463.07819	
578.943	13019.81445	
579.365	12640.40691	
579.787	7819.8734	
580.209	4840.65312	
580.631	3228.42235	
581.053	2269.06835	
581.475	1651.80829	
581.897	1304.46351	
582.318	960.54188	
582.74	761.88315	
583.162	791.7166	
583.583	751.9359	
584.005	771.82901	
584.426	727.06173	
584.847	702.17887	
585.269	682.26629	
585.69	622.49475	
586.111	562.67199	
586.532	545.21395	
586.954	582.61864	
587.375	557.68443	
587.796	562.67199	
588.217	637.44241	
588.637	555.19052	
589.058	632.46021	
589.479	709.64465	
589.9	662.34809	
590.32	674.79763	
590.741	639.93338	
591.162	632.46021	
591.582	482.8275	
592.003	612.52786	
592.423	560.17826	
592.844	532.7412	
593.264	612.52786	
593.684	667.32817	
594.104	562.67199	
594.524	612.52786	
594.945	657.36766	
595.365	552.69651	
595.785	605.05177	
596.205	502.79736	
596.625	567.6592	
597.044	615.01972	
597.464	547.70823	
597.884	639.93338	
598.304	572.64604	
598.723	555.19052	
599.143	615.01972	
599.562	624.98625	
599.982	562.67199	
600.401	632.46021	
600.821	575.13932	
601.24	550.20241	
601.659	600.06725	
602.078	572.64604	
602.498	622.49475	
602.917	615.01972	
603.336	622.49475	
603.755	592.58982	
604.174	532.7412	
604.593	492.81316	
605.011	615.01972	
605.43	557.68443	
605.849	497.80544	
606.268	582.61864	
606.686	557.68443	
607.105	595.08238	
607.523	605.05177	
607.942	460.35439	
608.36	467.84626	
608.779	455.35936	
609.197	485.32405	
609.615	455.35936	
610.033	552.69651	
610.451	520.26619	
610.87	560.17826	
611.288	475.33729	
611.706	580.12563	
612.124	577.63252	
612.541	612.52786	
612.959	532.7412	
613.377	505.29318	
613.795	502.79736	
614.212	515.27555	
614.63	497.80544	
615.048	447.86611	
615.465	475.33729	
615.883	522.76138	
616.3	480.33085	
616.717	445.36818	
617.135	505.29318	
617.552	460.35439	
617.969	462.85177	
618.386	437.87383	
618.803	470.34336	
619.22	465.34906	
619.637	517.77092	
620.054	417.88481	
620.471	475.33729	
620.888	452.8617	
621.305	425.38139	
621.721	465.34906	
622.138	490.31688	
622.555	510.28455	
622.971	552.69651	
623.388	545.21395	
623.804	480.33085	
624.221	537.73057	
624.637	492.81316	
625.053	517.77092	
625.47	485.32405	
625.886	422.88262	
626.302	515.27555	
626.718	462.85177	
627.134	395.39005	
627.55	520.26619	
627.966	472.84037	
628.382	525.25647	
628.797	502.79736	
629.213	475.33729	
629.629	542.71958	
630.045	527.75147	
630.46	490.31688	
630.876	602.55955	
631.291	560.17826	
631.707	537.73057	
632.122	495.30935	
632.537	517.77092	
632.953	532.7412	
633.368	457.85692	
633.783	415.38576	
634.198	325.35777	
634.613	510.28455	
635.028	492.81316	
635.443	440.37204	
635.858	485.32405	
636.273	535.23593	
636.688	567.6592	
637.102	552.69651	
637.517	522.76138	
637.932	560.17826	
638.346	525.25647	
638.761	615.01972	
639.175	537.73057	
639.59	487.82051	
640.004	532.7412	
640.418	535.23593	
640.832	535.23593	
641.247	555.19052	
641.661	465.34906	
642.075	527.75147	
642.489	520.26619	
642.903	540.22512	
643.317	545.21395	
643.731	555.19052	
644.145	525.25647	
644.558	627.47766	
644.972	547.70823	
645.386	585.11157	
645.799	575.13932	
646.213	535.23593	
646.626	585.11157	
647.04	634.95136	
647.453	535.23593	
647.866	425.38139	
648.28	455.35936	
648.693	520.26619	
649.106	415.38576	
649.519	460.35439	
649.932	570.15266	
650.345	555.19052	
650.758	632.46021	
651.171	669.81808	
651.584	657.36766	
651.997	597.57486	
652.41	610.03592	
652.822	627.47766	
653.235	737.01244	
653.647	629.96898	
654.06	699.69011	
654.472	612.52786	
654.885	530.24638	
655.297	799.17304	
655.71	980.37825	
656.122	1079.48139	
656.534	1099.28642	
656.946	891.07272	
657.358	761.88315	
657.77	746.96176	
658.182	741.98728	
658.594	707.15614	
659.006	692.22328	
659.418	781.77349	
659.83	689.73417	
660.241	722.08586	
660.653	699.69011	
661.065	766.85625	
661.476	642.42425	
661.888	692.22328	
662.299	682.26629	
662.71	612.52786	
663.122	624.98625	
663.533	557.68443	
663.944	542.71958	
664.355	542.71958	
664.767	622.49475	
665.178	530.24638	
665.589	580.12563	
666	562.67199	
666.41	582.61864	
666.821	717.10963	
667.232	831.47535	
667.643	965.50147	
668.053	846.37926	
668.464	741.98728	
668.875	814.08359	
669.285	771.82901	
669.696	759.39646	
670.106	724.57384	
670.516	532.7412	
670.927	560.17826	
671.337	527.75147	
671.747	592.58982	
672.157	595.08238	
672.567	447.86611	
672.977	502.79736	
673.387	445.36818	
673.797	507.78891	
674.207	430.37864	
674.617	470.34336	
675.027	542.71958	
675.436	639.93338	
675.846	585.11157	
676.256	612.52786	
676.665	567.6592	
677.075	592.58982	
677.484	582.61864	
677.893	580.12563	
678.303	547.70823	
678.712	560.17826	
679.121	462.85177	
679.53	452.8617	
679.939	432.87713	
680.348	450.36395	
680.757	462.85177	
681.166	437.87383	
681.575	402.88914	
681.984	432.87713	
682.393	422.88262	
682.802	472.84037	
683.21	430.37864	
683.619	487.82051	
684.027	427.88006	
684.436	382.88969	
684.844	387.89011	
685.253	402.88914	
685.661	355.38065	
686.069	485.32405	
686.477	502.79736	
686.886	415.38576	
687.294	547.70823	
687.702	530.24638	
688.11	440.37204	
688.518	347.8762	
688.926	460.35439	
689.333	440.37204	
689.741	542.71958	
690.149	507.78891	
690.557	580.12563	
690.964	622.49475	
691.372	547.70823	
691.779	502.79736	
692.187	460.35439	
692.594	467.84626	
693.001	457.85692	
693.409	420.38376	
693.816	472.84037	
694.223	517.77092	
694.63	445.36818	
695.037	450.36395	
695.444	1079.48139	
695.851	2794.84288	
696.258	3979.87466	
696.665	4190.88956	
697.072	3100.2377	
697.479	2259.30395	
697.885	1651.80829	
698.292	1306.93223	
698.698	1024.99082	
699.105	804.14356	
699.511	622.49475	
699.918	552.69651	
700.324	382.88969	
700.73	370.38699	
701.137	360.38314	
701.543	392.89016	
701.949	367.88617	
702.355	382.88969	
702.761	427.88006	
703.167	442.87015	
703.573	477.83412	
703.979	470.34336	
704.385	397.88984	
704.79	435.37552	
705.196	442.87015	
705.602	769.34267	
706.007	2107.82165	
706.413	3015.49903	
706.818	3276.75247	
707.224	2264.18628	
707.629	1725.52275	
708.034	1526.34387	
708.439	1198.23475	
708.845	945.66112	
709.25	734.5249	
709.655	639.93338	
710.06	470.34336	
710.465	432.87713	
710.87	435.37552	
711.275	470.34336	
711.679	407.88807	
712.084	467.84626	
712.489	447.86611	
712.893	395.39005	
713.298	487.82051	
713.702	480.33085	
714.107	620.00316	
714.511	754.42284	
714.916	699.69011	
715.32	560.17826	
715.724	522.76138	
716.128	532.7412	
716.533	485.32405	
716.937	467.84626	
717.341	447.86611	
717.745	412.88662	
718.149	422.88262	
718.552	450.36395	
718.956	385.38995	
719.36	405.38865	
719.764	327.8602	
720.167	432.87713	
720.571	437.87383	
720.974	400.38953	
721.378	385.38995	
721.781	450.36395	
722.185	422.88262	
722.588	425.38139	
722.991	397.88984	
723.394	510.28455	
723.797	472.84037	
724.2	502.79736	
724.603	515.27555	
725.006	450.36395	
725.409	487.82051	
725.812	437.87383	
726.215	627.47766	
726.618	913.40922	
727.02	1272.36304	
727.423	1111.66195	
727.826	992.7733	
728.228	913.40922	
728.631	724.57384	
729.033	654.87732	
729.435	610.03592	
729.838	465.34906	
730.24	425.38139	
730.642	495.30935	
731.044	510.28455	
731.446	392.89016	
731.848	465.34906	
732.25	430.37864	
732.652	555.19052	
733.054	507.78891	
733.456	507.78891	
733.857	440.37204	
734.259	527.75147	
734.661	550.20241	
735.062	475.33729	
735.464	590.09716	
735.865	622.49475	
736.267	580.12563	
736.668	582.61864	
737.069	789.23096	
737.47	2249.53851	
737.872	4164.53444	
738.273	5028.69321	
738.674	4365.63612	
739.075	3027.60889	
739.476	2293.47479	
739.877	1754.99051	
740.278	1457.37987	
740.678	970.46072	
741.079	771.82901	
741.48	575.13932	
741.88	470.34336	
742.281	555.19052	
742.681	527.75147	
743.082	472.84037	
743.482	495.30935	
743.882	507.78891	
744.283	525.25647	
744.683	510.28455	
745.083	457.85692	
745.483	510.28455	
745.883	600.06725	
746.283	530.24638	
746.683	602.55955	
747.083	624.98625	
747.483	512.7801	
747.883	602.55955	
748.282	652.38688	
748.682	756.9097	
749.082	1850.69043	
749.481	9476.82341	
749.881	17798.23035	
750.28	22262.86005	
750.679	22428.02022	
751.079	19529.24928	
751.478	17439.21666	
751.877	12604.44222	
752.276	8892.22023	
752.675	6075.37159	
753.074	4090.22762	
753.473	2624.77017	
753.872	1641.97479	
754.271	975.41965	
754.67	781.77349	
755.069	605.05177	
755.467	570.15266	
755.866	557.68443	
756.265	440.37204	
756.663	572.64604	
757.062	545.21395	
757.46	497.80544	
757.858	555.19052	
758.257	597.57486	
758.655	542.71958	
759.053	455.35936	
759.451	595.08238	
759.849	560.17826	
760.247	530.24638	
760.645	492.81316	
761.043	565.16564	
761.441	620.00316	
761.839	667.32817	
762.237	1902.1771	
762.634	9214.75873	
763.032	15823.10877	
763.429	18344.0508	
763.827	14335.91483	
764.224	9795.67159	
764.622	7253.49294	
765.019	5380.17273	
765.416	3903.04255	
765.814	2305.67558	
766.211	1467.23545	
766.608	1012.60111	
767.005	769.34267	
767.402	587.60441	
767.799	492.81316	
768.196	560.17826	
768.593	500.30144	
768.989	457.85692	
769.386	515.27555	
769.783	527.75147	
770.179	502.79736	
770.576	507.78891	
770.972	590.09716	
771.369	1885.01828	
771.765	3975.07422	
772.161	5185.56167	
772.558	5149.92787	
772.954	3592.76439	
773.35	2717.13226	
773.746	2022.19459	
774.142	1548.49851	
774.538	1230.36566	
774.934	888.59046	
775.33	647.40574	
775.726	492.81316	
776.121	520.26619	
776.517	485.32405	
776.913	442.87015	
777.308	505.29318	
777.704	487.82051	
778.099	437.87383	
778.495	435.37552	
778.89	407.88807	
779.285	390.39018	
779.68	415.38576	
780.076	420.38376	
780.471	340.37091	
780.866	450.36395	
781.261	367.88617	
781.656	370.38699	
782.051	362.88424	
782.445	367.88617	
782.84	412.88662	
783.235	435.37552	
783.63	392.89016	
784.024	422.88262	
784.419	395.39005	
784.813	452.8617	
785.208	370.38699	
785.602	372.88772	
785.996	447.86611	
786.391	380.38934	
786.785	317.84992	
787.179	452.8617	
787.573	422.88262	
787.967	375.38835	
788.361	442.87015	
788.755	405.38865	
789.149	452.8617	
789.543	387.89011	
789.936	355.38065	
790.33	412.88662	
790.724	370.38699	
791.117	352.87926	
791.511	390.39018	
791.904	365.38525	
792.298	397.88984	
792.691	412.88662	
793.084	392.89016	
793.477	582.61864	
793.871	1934.03451	
794.264	3426.43344	
794.657	4217.2385	
795.05	3616.84881	
795.443	2478.75406	
795.836	1843.33269	
796.228	1422.87587	
796.621	1047.28717	
797.014	861.28012	
797.406	644.91504	
797.799	495.30935	
798.192	397.88984	
798.584	412.88662	
798.976	422.88262	
799.369	605.05177	
799.761	1447.52309	
800.153	2256.86269	
800.546	3717.94452	
800.938	4876.38	
801.33	4764.3994	
801.722	4023.06929	
802.114	2809.40676	
802.506	1992.81771	
802.897	1457.37987	
803.289	1133.93285	
803.681	888.59046	
804.073	679.77682	
804.464	542.71958	
804.856	480.33085	
805.247	445.36818	
805.639	467.84626	
806.03	347.8762	
806.421	477.83412	
806.813	427.88006	
807.204	485.32405	
807.595	415.38576	
807.986	390.39018	
808.377	435.37552	
808.768	500.30144	
809.159	838.92769	
809.55	2578.55591	
809.941	4174.11883	
810.331	5685.69597	
810.722	9564.06506	
811.113	11831.51482	
811.503	12417.74908	
811.894	8947.56816	
812.284	6122.52141	
812.675	4054.25498	
813.065	2789.98777	
813.455	1946.28426	
813.846	1371.0921	
814.236	975.41965	
814.626	754.42284	
815.016	639.93338	
815.406	482.8275	
815.796	360.38314	
816.186	470.34336	
816.575	395.39005	
816.965	372.88772	
817.355	447.86611	
817.745	382.88969	
818.134	397.88984	
818.524	310.34121	
818.913	442.87015	
819.303	420.38376	
819.692	362.88424	
820.081	410.38739	
820.47	372.88772	
820.86	392.89016	
821.249	327.8602	
821.638	407.88807	
822.027	412.88662	
822.416	402.88914	
822.805	412.88662	
823.193	365.38525	
823.582	475.33729	
823.971	397.88984	
824.36	427.88006	
824.748	372.88772	
825.137	415.38576	
825.525	1175.98247	
825.914	2095.59425	
826.302	2670.96224	
826.69	2352.0239	
827.079	1683.75916	
827.467	1218.00919	
827.855	863.7633	
828.243	669.81808	
828.631	580.12563	
829.019	570.15266	
829.407	492.81316	
829.795	525.25647	
830.182	397.88984	
830.57	442.87015	
830.958	457.85692	
831.345	357.88194	
831.733	395.39005	
832.12	385.38995	
832.508	337.86896	
832.895	440.37204	
833.283	375.38835	
833.67	360.38314	
834.057	405.38865	
834.444	375.38835	
834.831	422.88262	
835.218	315.34711	
835.605	392.89016	
835.992	355.38065	
836.379	420.38376	
836.766	377.88889	
837.152	400.38953	
837.539	347.8762	
837.926	330.36253	
838.312	367.88617	
838.699	335.36691	
839.085	432.87713	
839.472	530.24638	
839.858	1395.75521	
840.244	2904.01969	
840.63	3749.2169	
841.017	3780.48027	
841.403	3051.82428	
841.789	4595.03337	
842.175	5538.95131	
842.561	5531.84627	
842.946	3924.65699	
843.332	2568.82375	
843.718	1769.72055	
844.104	1398.2211	
844.489	1091.86014	
844.875	905.96448	
845.26	707.15614	
845.646	577.63252	
846.031	525.25647	
846.416	415.38576	
846.802	465.34906	
847.187	400.38953	
847.572	430.37864	
847.957	395.39005	
848.342	355.38065	
848.727	375.38835	
849.112	402.88914	
849.497	392.89016	
849.882	450.36395	
850.266	400.38953	
850.651	435.37552	
851.036	552.69651	
851.42	1178.45526	
851.805	1597.7097	
852.189	1725.52275	
852.574	1309.40088	
852.958	945.66112	
853.342	786.74522	
853.726	629.96898	
854.11	610.03592	
854.495	500.30144	
854.879	530.24638	
855.263	420.38376	
855.646	407.88807	
856.03	447.86611	
856.414	352.87926	
856.798	457.85692	
857.181	477.83412	
857.565	375.38835	
857.949	355.38065	
858.332	407.88807	
858.716	380.38934	
859.099	405.38865	
859.482	440.37204	
859.866	410.38739	
860.249	420.38376	
860.632	407.88807	
861.015	335.36691	
861.398	372.88772	
861.781	392.89016	
862.164	407.88807	
862.547	425.38139	
862.929	375.38835	
863.312	382.88969	
863.695	372.88772	
864.077	395.39005	
864.46	405.38865	
864.842	430.37864	
865.225	472.84037	
865.607	392.89016	
865.99	505.29318	
866.372	550.20241	
866.754	572.64604	
867.136	557.68443	
867.518	512.7801	
867.9	455.35936	
868.282	452.8617	
868.664	477.83412	
869.046	385.38995	
869.428	477.83412	
869.809	420.38376	
870.191	407.88807	
870.573	410.38739	
870.954	325.35777	
871.336	435.37552	
871.717	367.88617	
872.099	415.38576	
872.48	392.89016	
872.861	345.37453	
873.242	410.38739	
873.623	395.39005	
874.004	365.38525	
874.385	347.8762	
874.766	410.38739	
875.147	392.89016	
875.528	390.39018	
875.909	330.36253	
876.29	405.38865	
876.67	437.87383	
877.051	417.88481	
877.431	302.83165	
877.812	417.88481	
878.192	345.37453	
878.573	380.38934	
878.953	395.39005	
879.333	347.8762	
879.713	360.38314	
880.093	305.33493	
880.473	342.87277	
880.853	305.33493	
881.233	400.38953	
881.613	407.88807	
881.993	305.33493	
882.373	362.88424	
882.753	355.38065	
883.132	447.86611	
883.512	385.38995	
883.891	365.38525	
884.271	392.89016	
884.65	425.38139	
885.029	415.38576	
885.409	375.38835	
885.788	355.38065	
886.167	402.88914	
886.546	410.38739	
886.925	350.37778	
887.304	390.39018	
887.683	410.38739	
888.062	442.87015	
888.441	372.88772	
888.82	297.82479	
889.198	337.86896	
889.577	407.88807	
889.955	457.85692	
890.334	332.86477	
890.712	450.36395	
891.091	420.38376	
891.469	360.38314	
891.847	365.38525	
892.226	442.87015	
892.604	397.88984	
892.982	392.89016	
893.36	372.88772	
893.738	445.36818	
894.116	352.87926	
894.493	355.38065	
894.871	407.88807	
895.249	397.88984	
895.627	340.37091	
896.004	402.88914	
896.382	330.36253	
896.759	400.38953	
897.137	355.38065	
897.514	387.89011	
897.891	397.88984	
898.269	362.88424	
898.646	397.88984	
899.023	355.38065	
899.4	405.38865	
899.777	390.39018	
900.154	447.86611	
900.531	320.35263	
900.908	395.39005	
901.284	385.38995	
901.661	372.88772	
902.038	330.36253	
902.414	382.88969	
902.791	305.33493	
903.167	390.39018	
903.544	317.84992	
903.92	327.8602	
904.296	407.88807	
904.672	385.38995	
905.049	362.88424	
905.425	355.38065	
905.801	305.33493	
906.177	385.38995	
906.553	445.36818	
906.929	382.88969	
907.304	370.38699	
907.68	345.37453	
908.056	365.38525	
908.431	430.37864	
908.807	397.88984	
909.182	427.88006	
909.558	450.36395	
909.933	330.36253	
910.309	417.88481	
910.684	385.38995	
911.059	455.35936	
911.434	741.98728	
911.809	1361.22472	
912.184	2012.40339	
912.559	2036.87937	
912.934	1826.16218	
913.309	1341.4863	
913.684	1136.40699	
914.058	1069.57693	
914.433	853.83007	
914.808	682.26629	
915.182	784.2594	
915.557	627.47766	
915.931	542.71958	
916.305	515.27555	
916.68	412.88662	
917.054	350.37778	
917.428	460.35439	
917.802	382.88969	
918.176	295.32122	
918.55	362.88424	
918.924	357.88194	
919.298	427.88006	
919.672	427.88006	
920.045	400.38953	
920.419	457.85692	
920.793	325.35777	
921.166	305.33493	
921.54	405.38865	
921.913	487.82051	
922.287	580.12563	
922.66	659.85792	
923.033	659.85792	
923.406	565.16564	
923.78	490.31688	
924.153	462.85177	
924.526	472.84037	
924.899	547.70823	
925.271	400.38953	
925.644	407.88807	
926.017	442.87015	
926.39	377.88889	
926.762	450.36395	
927.135	397.88984	
927.508	410.38739	
927.88	367.88617	
928.252	365.38525	
928.625	362.88424	
928.997	340.37091	
929.369	397.88984	
929.741	330.36253	
930.114	420.38376	
930.486	437.87383	
930.858	357.88194	
931.229	335.36691	
931.601	437.87383	
931.973	382.88969	
932.345	380.38934	
932.717	405.38865	
933.088	355.38065	
933.46	400.38953	
933.831	407.88807	
934.203	307.83812	
934.574	385.38995	
934.945	405.38865	
935.317	387.89011	
935.688	355.38065	
936.059	445.36818	
936.43	380.38934	
936.801	350.37778	
937.172	425.38139	
937.543	310.34121	
937.914	390.39018	
938.284	282.80194	
938.655	382.88969	
939.026	415.38576	
939.396	427.88006	
939.767	422.88262	
940.137	427.88006	
940.508	367.88617	
940.878	360.38314	
941.248	285.30599	
941.618	402.88914	
941.989	410.38739	
942.359	380.38934	
942.729	387.89011	
943.099	420.38376	
943.469	302.83165	
943.838	352.87926	
944.208	342.87277	
944.578	355.38065	
944.948	337.86896	
945.317	432.87713	
945.687	452.8617	
946.056	402.88914	
946.426	395.39005	
946.795	360.38314	
947.164	357.88194	
947.533	367.88617	
947.903	422.88262	
948.272	390.39018	
948.641	382.88969	
949.01	370.38699	
949.379	360.38314	
949.748	457.85692	
950.116	472.84037	
950.485	347.8762	
950.854	417.88481	
951.222	282.80194	
951.591	390.39018	
951.959	347.8762	
952.328	410.38739	
952.696	415.38576	
953.065	447.86611	
953.433	352.87926	
953.801	335.36691	
954.169	327.8602	
954.537	365.38525	
954.905	360.38314	
955.273	367.88617	
955.641	360.38314	
956.009	320.35263	
956.377	305.33493	
956.744	427.88006	
957.112	450.36395	
957.479	402.88914	
957.847	397.88984	
958.214	390.39018	
958.582	435.37552	
958.949	432.87713	
959.316	332.86477	
959.684	355.38065	
960.051	352.87926	
960.418	380.38934	
960.785	377.88889	
961.152	412.88662	
961.519	390.39018	
961.885	402.88914	
962.252	422.88262	
962.619	355.38065	
962.986	367.88617	
963.352	292.81756	
963.719	437.87383	
964.085	342.87277	
964.452	390.39018	
964.818	395.39005	
965.184	402.88914	
965.55	305.33493	
965.916	342.87277	
966.283	382.88969	
966.649	425.38139	
967.015	447.86611	
967.38	400.38953	
967.746	472.84037	
968.112	472.84037	
968.478	420.38376	
968.843	430.37864	
969.209	432.87713	
969.575	442.87015	
969.94	397.88984	
970.305	392.89016	
970.671	477.83412	
971.036	407.88807	
971.401	302.83165	
971.766	350.37778	
972.132	337.86896	
972.497	330.36253	
972.862	380.38934	
973.227	352.87926	
973.591	367.88617	
973.956	335.36691	
974.321	322.85525	
974.686	352.87926	
975.05	357.88194	
975.415	360.38314	
975.779	395.39005	
976.144	377.88889	
976.508	302.83165	
976.872	300.32827	
977.236	372.88772	
977.601	330.36253	
977.965	455.35936	
978.329	382.88969	
978.693	397.88984	
979.057	392.89016	
979.421	472.84037	
979.784	365.38525	
980.148	462.85177	
980.512	440.37204	
980.875	382.88969	
981.239	357.88194	
981.602	415.38576	
981.966	377.88889	
982.329	412.88662	
982.692	417.88481	
983.056	400.38953	
983.419	350.37778	
983.782	355.38065	
984.145	362.88424	
984.508	420.38376	
984.871	367.88617	
985.234	377.88889	
985.597	360.38314	
985.959	407.88807	
986.322	362.88424	
986.685	345.37453	
987.047	325.35777	
987.41	422.88262	
987.772	390.39018	
988.134	352.87926	
988.497	340.37091	
988.859	445.36818	
989.221	397.88984	
989.583	317.84992	
989.945	377.88889	
990.307	407.88807	
990.669	350.37778	
991.031	395.39005	
991.393	350.37778	
991.755	400.38953	
992.116	370.38699	
992.478	392.89016	
992.839	450.36395	
993.201	317.84992	
993.562	302.83165	
993.924	412.88662	
994.285	287.80994	
994.646	367.88617	
995.007	410.38739	
995.369	392.89016	
995.73	437.87383	
996.091	365.38525	
996.451	400.38953	
996.812	387.89011	
997.173	367.88617	
997.534	345.37453	
997.895	380.38934	
998.255	372.88772	
998.616	375.38835	
998.976	350.37778	
999.337	375.38835	
999.697	412.88662	
1000.057	407.88807	
1000.418	400.38953	
1000.778	352.87926	
1001.138	425.38139	
1001.498	372.88772	
1001.858	350.37778	
1002.218	352.87926	
1002.578	377.88889	
1002.937	420.38376	
1003.297	357.88194	
1003.657	392.89016	
1004.016	397.88984	
1004.376	380.38934	
1004.735	382.88969	
1005.095	390.39018	
1005.454	377.88889	
1005.813	375.38835	
1006.173	357.88194	
1006.532	462.85177	
1006.891	322.85525	
1007.25	335.36691	
1007.609	375.38835	
1007.968	375.38835	
1008.327	347.8762	
1008.686	352.87926	
1009.044	370.38699	
1009.403	330.36253	
1009.762	410.38739	
1010.12	365.38525	
1010.479	377.88889	
1010.837	382.88969	
1011.195	367.88617	
1011.554	317.84992	
1011.912	335.36691	
1012.27	275.28922	
1012.628	372.88772	
1012.986	345.37453	
1013.344	365.38525	
1013.702	315.34711	
1014.06	355.38065	
1014.418	337.86896	
1014.775	365.38525	
1015.133	510.28455	
1015.491	295.32122	
1015.848	275.28922	
1016.206	350.37778	
1016.563	455.35936	
1016.92	297.82479	
1017.278	345.37453	
1017.635	340.37091	
1017.992	447.86611	
1018.349	365.38525	
1018.706	410.38739	
1019.063	390.39018	
1019.42	372.88772	
1019.777	425.38139	
1020.134	360.38314	
1020.49	427.88006	
1020.847	372.88772	
1021.203	382.88969	
1021.56	395.39005	
1021.916	392.89016	
1022.273	340.37091	
1022.629	452.8617	
1022.985	427.88006	
1023.342	420.38376	
1023.698	372.88772	
1024.054	342.87277	
1024.41	342.87277	
1024.766	400.38953	
1025.122	427.88006	
1025.477	357.88194	
1025.833	402.88914	
1026.189	362.88424	
1026.545	382.88969	
1026.9	415.38576	
1027.256	325.35777	
1027.611	437.87383	
1027.966	362.88424	
1028.322	387.89011	
1028.677	375.38835	
1029.032	300.32827	
1029.387	330.36253	
1029.742	382.88969	
1030.097	370.38699	
1030.452	385.38995	
1030.807	397.88984	
1031.162	332.86477	
1031.517	332.86477	
1031.871	317.84992	
1032.226	340.37091	
1032.581	340.37091	
1032.935	340.37091	
