FLMS05510_1:101		
187.856	-19.339	
188.32	-19.339	
188.785	-19.339	
189.249	-77.23511	
189.713	-89.82848	
190.178	-16.82301	
190.642	-74.71675	
191.106	-49.53884	
191.57	-104.94396	
192.034	-62.1265	
192.498	-39.47058	
192.963	-54.57359	
193.427	-41.98749	
193.89	10.84606	
194.354	-1.72926	
194.818	-41.98749	
195.282	15.87547	
195.746	83.73287	
196.21	123.91009	
196.673	123.91009	
197.137	128.93045	
197.601	91.26804	
198.064	216.72291	
198.528	181.62036	
198.991	136.46025	
199.454	259.32182	
199.918	239.27876	
200.381	276.85444	
200.844	294.38236	
201.308	216.72291	
201.771	234.26703	
202.234	269.34104	
202.697	256.81678	
203.16	326.9218	
203.623	356.94397	
204.086	306.89943	
204.549	299.38948	
205.012	336.9307	
205.475	261.82677	
205.938	321.91678	
206.4	301.89289	
206.863	354.44264	
207.326	321.91678	
207.788	359.4452	
208.251	294.38236	
208.714	374.45062	
209.176	301.89289	
209.639	369.44919	
210.101	354.44264	
210.563	336.9307	
211.026	321.91678	
211.488	309.40256	
211.95	264.33162	
212.412	351.94122	
212.874	286.87097	
213.337	314.40853	
213.799	249.30106	
214.261	376.9512	
214.723	349.4397	
215.184	346.93809	
215.646	371.94995	
216.108	324.41933	
216.57	381.95207	
217.032	319.41412	
217.493	266.83638	
217.955	274.35007	
218.417	336.9307	
218.878	299.38948	
219.34	274.35007	
219.801	241.78448	
220.263	226.7487	
220.724	241.78448	
221.185	274.35007	
221.647	311.90559	
222.108	334.42862	
222.569	306.89943	
223.03	279.35872	
223.491	336.9307	
223.952	284.36698	
224.413	286.87097	
224.874	351.94122	
225.335	269.34104	
225.796	321.91678	
226.257	301.89289	
226.718	241.78448	
227.179	284.36698	
227.639	314.40853	
228.1	309.40256	
228.561	399.45216	
229.021	289.37486	
229.482	296.88596	
229.942	301.89289	
230.403	279.35872	
230.863	239.27876	
231.323	349.4397	
231.784	361.94634	
232.244	229.25491	
232.704	324.41933	
233.164	314.40853	
233.625	294.38236	
234.085	264.33162	
234.545	299.38948	
235.005	371.94995	
235.465	321.91678	
235.925	331.92644	
236.384	406.9508	
236.844	334.42862	
237.304	259.32182	
237.764	319.41412	
238.223	314.40853	
238.683	261.82677	
239.143	291.87866	
239.602	329.42416	
240.062	344.43638	
240.521	316.91138	
240.98	299.38948	
241.44	324.41933	
241.899	344.43638	
242.358	336.9307	
242.818	301.89289	
243.277	369.44919	
243.736	221.736	
244.195	316.91138	
244.654	281.8629	
245.113	399.45216	
245.572	359.4452	
246.031	364.44738	
246.49	321.91678	
246.949	369.44919	
247.408	394.4526	
247.866	349.4397	
248.325	386.95256	
248.784	314.40853	
249.242	274.35007	
249.701	291.87866	
250.159	359.4452	
250.618	321.91678	
251.076	356.94397	
251.534	296.88596	
251.993	334.42862	
252.451	239.27876	
252.909	329.42416	
253.368	231.76102	
253.826	321.91678	
254.284	321.91678	
254.742	294.38236	
255.2	324.41933	
255.658	279.35872	
256.116	359.4452	
256.574	254.31163	
257.031	366.94833	
257.489	286.87097	
257.947	364.44738	
258.405	369.44919	
258.862	396.95243	
259.32	361.94634	
259.777	341.93458	
260.235	291.87866	
260.692	399.45216	
261.15	311.90559	
261.607	249.30106	
262.065	339.43269	
262.522	309.40256	
262.979	299.38948	
263.436	289.37486	
263.893	304.39621	
264.351	334.42862	
264.808	319.41412	
265.265	299.38948	
265.722	324.41933	
266.178	351.94122	
266.635	316.91138	
267.092	309.40256	
267.549	429.44168	
268.006	336.9307	
268.462	329.42416	
268.919	326.9218	
269.376	369.44919	
269.832	314.40853	
270.289	281.8629	
270.745	324.41933	
271.202	356.94397	
271.658	354.44264	
272.114	316.91138	
272.571	364.44738	
273.027	366.94833	
273.483	366.94833	
273.939	341.93458	
274.395	391.95268	
274.851	326.9218	
275.307	311.90559	
275.763	316.91138	
276.219	364.44738	
276.675	379.45168	
277.131	281.8629	
277.587	334.42862	
278.042	406.9508	
278.498	426.94307	
278.954	259.32182	
279.409	369.44919	
279.865	281.8629	
280.32	331.92644	
280.776	341.93458	
281.231	314.40853	
281.687	219.2295	
282.142	314.40853	
282.597	274.35007	
283.052	304.39621	
283.508	286.87097	
283.963	329.42416	
284.418	311.90559	
284.873	346.93809	
285.328	366.94833	
285.783	331.92644	
286.238	364.44738	
286.693	384.45236	
287.147	371.94995	
287.602	366.94833	
288.057	399.45216	
288.512	331.92644	
288.966	321.91678	
289.421	289.37486	
289.875	281.8629	
290.33	274.35007	
290.784	324.41933	
291.239	299.38948	
291.693	424.44436	
292.147	339.43269	
292.602	316.91138	
293.056	321.91678	
293.51	374.45062	
293.964	291.87866	
294.418	339.43269	
294.872	366.94833	
295.326	329.42416	
295.78	386.95256	
296.234	334.42862	
296.688	334.42862	
297.142	346.93809	
297.595	304.39621	
298.049	331.92644	
298.503	366.94833	
298.956	311.90559	
299.41	396.95243	
299.863	276.85444	
300.317	349.4397	
300.77	311.90559	
301.224	314.40853	
301.677	336.9307	
302.13	321.91678	
302.584	299.38948	
303.037	269.34104	
303.49	361.94634	
303.943	361.94634	
304.396	384.45236	
304.849	394.4526	
305.302	314.40853	
305.755	379.45168	
306.208	384.45236	
306.661	301.89289	
307.114	326.9218	
307.566	356.94397	
308.019	239.27876	
308.472	276.85444	
308.924	389.45267	
309.377	351.94122	
309.829	336.9307	
310.282	374.45062	
310.734	361.94634	
311.187	384.45236	
311.639	369.44919	
312.091	396.95243	
312.543	361.94634	
312.995	319.41412	
313.448	276.85444	
313.9	324.41933	
314.352	371.94995	
314.804	359.4452	
315.256	429.44168	
315.708	361.94634	
316.159	326.9218	
316.611	289.37486	
317.063	359.4452	
317.515	354.44264	
317.966	354.44264	
318.418	366.94833	
318.87	359.4452	
319.321	354.44264	
319.773	376.9512	
320.224	431.94021	
320.675	316.91138	
321.127	304.39621	
321.578	351.94122	
322.029	251.8064	
322.48	379.45168	
322.932	346.93809	
323.383	336.9307	
323.834	349.4397	
324.285	324.41933	
324.736	329.42416	
325.187	331.92644	
325.638	316.91138	
326.088	349.4397	
326.539	356.94397	
326.99	364.44738	
327.441	314.40853	
327.891	371.94995	
328.342	369.44919	
328.792	401.9518	
329.243	256.81678	
329.693	356.94397	
330.144	314.40853	
330.594	304.39621	
331.044	354.44264	
331.495	416.94768	
331.945	331.92644	
332.395	271.8456	
332.845	291.87866	
333.295	321.91678	
333.745	416.94768	
334.195	404.45134	
334.645	309.40256	
335.095	414.4486	
335.545	374.45062	
335.995	346.93809	
336.444	351.94122	
336.894	344.43638	
337.344	341.93458	
337.793	351.94122	
338.243	281.8629	
338.692	299.38948	
339.142	391.95268	
339.591	299.38948	
340.041	339.43269	
340.49	374.45062	
340.939	424.44436	
341.388	344.43638	
341.838	329.42416	
342.287	339.43269	
342.736	361.94634	
343.185	376.9512	
343.634	391.95268	
344.083	379.45168	
344.532	324.41933	
344.981	334.42862	
345.429	326.9218	
345.878	319.41412	
346.327	329.42416	
346.776	356.94397	
347.224	311.90559	
347.673	356.94397	
348.121	329.42416	
348.57	354.44264	
349.018	376.9512	
349.467	264.33162	
349.915	406.9508	
350.363	389.45267	
350.811	331.92644	
351.26	371.94995	
351.708	391.95268	
352.156	281.8629	
352.604	339.43269	
353.052	369.44919	
353.5	264.33162	
353.948	294.38236	
354.396	354.44264	
354.843	349.4397	
355.291	349.4397	
355.739	371.94995	
356.186	331.92644	
356.634	376.9512	
357.082	384.45236	
357.529	389.45267	
357.977	359.4452	
358.424	359.4452	
358.871	366.94833	
359.319	411.94942	
359.766	404.45134	
360.213	399.45216	
360.661	389.45267	
361.108	301.89289	
361.555	314.40853	
362.002	346.93809	
362.449	384.45236	
362.896	334.42862	
363.343	339.43269	
363.79	301.89289	
364.236	261.82677	
364.683	371.94995	
365.13	411.94942	
365.577	299.38948	
366.023	344.43638	
366.47	339.43269	
366.916	359.4452	
367.363	344.43638	
367.809	399.45216	
368.256	431.94021	
368.702	339.43269	
369.148	344.43638	
369.594	361.94634	
370.041	299.38948	
370.487	344.43638	
370.933	389.45267	
371.379	371.94995	
371.825	379.45168	
372.271	359.4452	
372.717	436.93697	
373.163	369.44919	
373.608	369.44919	
374.054	389.45267	
374.5	394.4526	
374.946	266.83638	
375.391	414.4486	
375.837	379.45168	
376.282	294.38236	
376.728	316.91138	
377.173	356.94397	
377.618	436.93697	
378.064	324.41933	
378.509	291.87866	
378.954	281.8629	
379.4	406.9508	
379.845	326.9218	
380.29	356.94397	
380.735	324.41933	
381.18	374.45062	
381.625	381.95207	
382.07	326.9218	
382.514	361.94634	
382.959	326.9218	
383.404	396.95243	
383.849	279.35872	
384.293	441.93337	
384.738	399.45216	
385.183	311.90559	
385.627	361.94634	
386.072	344.43638	
386.516	374.45062	
386.96	359.4452	
387.405	304.39621	
387.849	344.43638	
388.293	401.9518	
388.737	341.93458	
389.181	344.43638	
389.626	321.91678	
390.07	401.9518	
390.514	354.44264	
390.957	324.41933	
391.401	351.94122	
391.845	304.39621	
392.289	299.38948	
392.733	301.89289	
393.176	396.95243	
393.62	334.42862	
394.064	321.91678	
394.507	389.45267	
394.951	334.42862	
395.394	286.87097	
395.838	401.9518	
396.281	349.4397	
396.724	344.43638	
397.168	396.95243	
397.611	426.94307	
398.054	324.41933	
398.497	399.45216	
398.94	346.93809	
399.383	296.88596	
399.826	376.9512	
400.269	346.93809	
400.712	419.44666	
401.155	376.9512	
401.597	366.94833	
402.04	341.93458	
402.483	366.94833	
402.925	354.44264	
403.368	361.94634	
403.811	306.89943	
404.253	379.45168	
404.696	426.94307	
405.138	381.95207	
405.58	354.44264	
406.023	401.9518	
406.465	314.40853	
406.907	311.90559	
407.349	349.4397	
407.791	356.94397	
408.233	379.45168	
408.675	276.85444	
409.117	344.43638	
409.559	329.42416	
410.001	356.94397	
410.443	279.35872	
410.885	306.89943	
411.326	366.94833	
411.768	354.44264	
412.21	356.94397	
412.651	374.45062	
413.093	366.94833	
413.534	336.9307	
413.975	331.92644	
414.417	331.92644	
414.858	401.9518	
415.299	371.94995	
415.741	361.94634	
416.182	429.44168	
416.623	339.43269	
417.064	374.45062	
417.505	344.43638	
417.946	304.39621	
418.387	349.4397	
418.828	364.44738	
419.269	326.9218	
419.709	366.94833	
420.15	381.95207	
420.591	389.45267	
421.031	286.87097	
421.472	351.94122	
421.913	406.9508	
422.353	314.40853	
422.794	334.42862	
423.234	306.89943	
423.674	329.42416	
424.115	371.94995	
424.555	351.94122	
424.995	336.9307	
425.435	376.9512	
425.875	394.4526	
426.315	384.45236	
426.755	409.45016	
427.195	341.93458	
427.635	371.94995	
428.075	341.93458	
428.515	386.95256	
428.955	374.45062	
429.394	329.42416	
429.834	359.4452	
430.274	379.45168	
430.713	336.9307	
431.153	386.95256	
431.592	379.45168	
432.031	384.45236	
432.471	339.43269	
432.91	306.89943	
433.349	351.94122	
433.789	389.45267	
434.228	391.95268	
434.667	379.45168	
435.106	351.94122	
435.545	369.44919	
435.984	354.44264	
436.423	379.45168	
436.862	399.45216	
437.301	289.37486	
437.739	444.43143	
438.178	371.94995	
438.617	389.45267	
439.055	364.44738	
439.494	399.45216	
439.932	371.94995	
440.371	369.44919	
440.809	339.43269	
441.248	396.95243	
441.686	374.45062	
442.124	379.45168	
442.563	349.4397	
443.001	419.44666	
443.439	366.94833	
443.877	271.8456	
444.315	374.45062	
444.753	354.44264	
445.191	334.42862	
445.629	371.94995	
446.067	374.45062	
446.504	406.9508	
446.942	431.94021	
447.38	401.9518	
447.817	354.44264	
448.255	386.95256	
448.693	406.9508	
449.13	384.45236	
449.568	264.33162	
450.005	401.9518	
450.442	456.92035	
450.88	431.94021	
451.317	381.95207	
451.754	336.9307	
452.191	349.4397	
452.628	331.92644	
453.065	409.45016	
453.502	374.45062	
453.939	391.95268	
454.376	344.43638	
454.813	399.45216	
455.25	399.45216	
455.686	316.91138	
456.123	354.44264	
456.56	376.9512	
456.996	329.42416	
457.433	294.38236	
457.869	311.90559	
458.306	361.94634	
458.742	376.9512	
459.179	384.45236	
459.615	301.89289	
460.051	414.4486	
460.487	419.44666	
460.924	396.95243	
461.36	296.88596	
461.796	364.44738	
462.232	446.9294	
462.668	379.45168	
463.104	391.95268	
463.539	296.88596	
463.975	381.95207	
464.411	321.91678	
464.847	394.4526	
465.282	304.39621	
465.718	411.94942	
466.153	389.45267	
466.589	409.45016	
467.024	376.9512	
467.46	331.92644	
467.895	364.44738	
468.33	394.4526	
468.766	339.43269	
469.201	406.9508	
469.636	364.44738	
470.071	291.87866	
470.506	361.94634	
470.941	404.45134	
471.376	401.9518	
471.811	336.9307	
472.246	389.45267	
472.681	419.44666	
473.115	386.95256	
473.55	364.44738	
473.985	296.88596	
474.419	344.43638	
474.854	349.4397	
475.288	376.9512	
475.723	391.95268	
476.157	341.93458	
476.592	341.93458	
477.026	414.4486	
477.46	341.93458	
477.894	364.44738	
478.329	334.42862	
478.763	334.42862	
479.197	426.94307	
479.631	414.4486	
480.065	401.9518	
480.499	376.9512	
480.932	376.9512	
481.366	331.92644	
481.8	361.94634	
482.234	394.4526	
482.667	336.9307	
483.101	301.89289	
483.535	329.42416	
483.968	404.45134	
484.401	361.94634	
484.835	346.93809	
485.268	389.45267	
485.702	354.44264	
486.135	361.94634	
486.568	319.41412	
487.001	366.94833	
487.434	409.45016	
487.867	356.94397	
488.3	389.45267	
488.733	344.43638	
489.166	316.91138	
489.599	379.45168	
490.032	316.91138	
490.464	384.45236	
490.897	346.93809	
491.33	311.90559	
491.762	424.44436	
492.195	351.94122	
492.627	326.9218	
493.06	391.95268	
493.492	314.40853	
493.925	326.9218	
494.357	459.41785	
494.789	411.94942	
495.221	369.44919	
495.653	411.94942	
496.086	296.88596	
496.518	334.42862	
496.95	354.44264	
497.382	319.41412	
497.813	319.41412	
498.245	341.93458	
498.677	396.95243	
499.109	306.89943	
499.54	314.40853	
499.972	374.45062	
500.404	349.4397	
500.835	361.94634	
501.267	336.9307	
501.698	381.95207	
502.129	391.95268	
502.561	379.45168	
502.992	329.42416	
503.423	376.9512	
503.855	434.43864	
504.286	329.42416	
504.717	379.45168	
505.148	374.45062	
505.579	411.94942	
506.01	341.93458	
506.441	329.42416	
506.871	399.45216	
507.302	411.94942	
507.733	449.42727	
508.163	419.44666	
508.594	419.44666	
509.025	319.41412	
509.455	354.44264	
509.886	409.45016	
510.316	339.43269	
510.746	354.44264	
511.177	424.44436	
511.607	316.91138	
512.037	309.40256	
512.467	364.44738	
512.898	321.91678	
513.328	321.91678	
513.758	296.88596	
514.188	339.43269	
514.617	346.93809	
515.047	354.44264	
515.477	404.45134	
515.907	331.92644	
516.337	224.2424	
516.766	346.93809	
517.196	376.9512	
517.625	376.9512	
518.055	344.43638	
518.484	376.9512	
518.914	421.94556	
519.343	436.93697	
519.772	386.95256	
520.202	376.9512	
520.631	381.95207	
521.06	319.41412	
521.489	411.94942	
521.918	356.94397	
522.347	341.93458	
522.776	334.42862	
523.205	404.45134	
523.634	354.44264	
524.063	321.91678	
524.491	374.45062	
524.92	321.91678	
525.349	361.94634	
525.777	296.88596	
526.206	364.44738	
526.634	351.94122	
527.063	464.41259	
527.491	344.43638	
527.919	346.93809	
528.348	271.8456	
528.776	334.42862	
529.204	406.9508	
529.632	321.91678	
530.06	311.90559	
530.488	359.4452	
530.916	411.94942	
531.344	351.94122	
531.772	354.44264	
532.2	359.4452	
532.627	354.44264	
533.055	379.45168	
533.483	359.4452	
533.91	386.95256	
534.338	429.44168	
534.765	386.95256	
535.193	394.4526	
535.62	359.4452	
536.048	376.9512	
536.475	394.4526	
536.902	336.9307	
537.329	331.92644	
537.757	409.45016	
538.184	366.94833	
538.611	376.9512	
539.038	396.95243	
539.465	379.45168	
539.892	339.43269	
540.318	346.93809	
540.745	396.95243	
541.172	361.94634	
541.599	354.44264	
542.025	379.45168	
542.452	331.92644	
542.878	336.9307	
543.305	384.45236	
543.731	376.9512	
544.158	309.40256	
544.584	434.43864	
545.01	406.9508	
545.436	386.95256	
545.862	356.94397	
546.289	379.45168	
546.715	311.90559	
547.141	411.94942	
547.567	286.87097	
547.993	371.94995	
548.418	319.41412	
548.844	389.45267	
549.27	329.42416	
549.696	346.93809	
550.121	329.42416	
550.547	314.40853	
550.972	344.43638	
551.398	399.45216	
551.823	346.93809	
552.249	334.42862	
552.674	391.95268	
553.099	311.90559	
553.525	319.41412	
553.95	316.91138	
554.375	346.93809	
554.8	319.41412	
555.225	334.42862	
555.65	359.4452	
556.075	331.92644	
556.5	401.9518	
556.925	359.4452	
557.349	386.95256	
557.774	424.44436	
558.199	359.4452	
558.623	404.45134	
559.048	359.4452	
559.472	336.9307	
559.897	371.94995	
560.321	414.4486	
560.746	356.94397	
561.17	354.44264	
561.594	356.94397	
562.018	394.4526	
562.443	401.9518	
562.867	291.87866	
563.291	341.93458	
563.715	401.9518	
564.139	436.93697	
564.562	364.44738	
564.986	379.45168	
565.41	324.41933	
565.834	409.45016	
566.257	286.87097	
566.681	461.91527	
567.105	379.45168	
567.528	326.9218	
567.952	384.45236	
568.375	331.92644	
568.798	249.30106	
569.222	319.41412	
569.645	371.94995	
570.068	336.9307	
570.491	339.43269	
570.914	394.4526	
571.337	344.43638	
571.76	399.45216	
572.183	351.94122	
572.606	359.4452	
573.029	356.94397	
573.452	361.94634	
573.875	359.4452	
574.297	304.39621	
574.72	324.41933	
575.143	461.91527	
575.565	359.4452	
575.988	409.45016	
576.41	386.95256	
576.832	396.95243	
577.255	419.44666	
577.677	324.41933	
578.099	389.45267	
578.521	411.94942	
578.943	426.94307	
579.365	319.41412	
579.787	396.95243	
580.209	369.44919	
580.631	314.40853	
581.053	356.94397	
581.475	339.43269	
581.897	331.92644	
582.318	359.4452	
582.74	366.94833	
583.162	396.95243	
583.583	384.45236	
584.005	379.45168	
584.426	334.42862	
584.847	331.92644	
585.269	311.90559	
585.69	351.94122	
586.111	489.38075	
586.532	346.93809	
586.954	394.4526	
587.375	329.42416	
587.796	424.44436	
588.217	394.4526	
588.637	396.95243	
589.058	341.93458	
589.479	389.45267	
589.9	421.94556	
590.32	376.9512	
590.741	426.94307	
591.162	389.45267	
591.582	419.44666	
592.003	339.43269	
592.423	441.93337	
592.844	381.95207	
593.264	369.44919	
593.684	404.45134	
594.104	319.41412	
594.524	434.43864	
594.945	359.4452	
595.365	324.41933	
595.785	331.92644	
596.205	359.4452	
596.625	296.88596	
597.044	394.4526	
597.464	336.9307	
597.884	389.45267	
598.304	329.42416	
598.723	271.8456	
599.143	361.94634	
599.562	301.89289	
599.982	429.44168	
600.401	324.41933	
600.821	379.45168	
601.24	299.38948	
601.659	364.44738	
602.078	364.44738	
602.498	316.91138	
602.917	309.40256	
603.336	344.43638	
603.755	371.94995	
604.174	421.94556	
604.593	411.94942	
605.011	299.38948	
605.43	266.83638	
605.849	354.44264	
606.268	419.44666	
606.686	409.45016	
607.105	279.35872	
607.523	391.95268	
607.942	321.91678	
608.36	334.42862	
608.779	434.43864	
609.197	314.40853	
609.615	449.42727	
610.033	384.45236	
610.451	316.91138	
610.87	356.94397	
611.288	351.94122	
611.706	339.43269	
612.124	341.93458	
612.541	396.95243	
612.959	371.94995	
613.377	424.44436	
613.795	329.42416	
614.212	344.43638	
614.63	401.9518	
615.048	289.37486	
615.465	356.94397	
615.883	339.43269	
616.3	391.95268	
616.717	414.4486	
617.135	364.44738	
617.552	331.92644	
617.969	349.4397	
618.386	279.35872	
618.803	361.94634	
619.22	416.94768	
619.637	384.45236	
620.054	409.45016	
620.471	319.41412	
620.888	339.43269	
621.305	331.92644	
621.721	371.94995	
622.138	354.44264	
622.555	369.44919	
622.971	389.45267	
623.388	399.45216	
623.804	379.45168	
624.221	306.89943	
624.637	354.44264	
625.053	364.44738	
625.47	404.45134	
625.886	284.36698	
626.302	321.91678	
626.718	376.9512	
627.134	291.87866	
627.55	411.94942	
627.966	346.93809	
628.382	299.38948	
628.797	331.92644	
629.213	354.44264	
629.629	369.44919	
630.045	321.91678	
630.46	324.41933	
630.876	444.43143	
631.291	371.94995	
631.707	454.42275	
632.122	384.45236	
632.537	321.91678	
632.953	336.9307	
633.368	409.45016	
633.783	341.93458	
634.198	351.94122	
634.613	404.45134	
635.028	396.95243	
635.443	389.45267	
635.858	394.4526	
636.273	359.4452	
636.688	386.95256	
637.102	356.94397	
637.517	294.38236	
637.932	276.85444	
638.346	424.44436	
638.761	476.89782	
639.175	326.9218	
639.59	336.9307	
640.004	341.93458	
640.418	306.89943	
640.832	346.93809	
641.247	336.9307	
641.661	366.94833	
642.075	454.42275	
642.489	361.94634	
642.903	346.93809	
643.317	351.94122	
643.731	321.91678	
644.145	341.93458	
644.558	374.45062	
644.972	406.9508	
645.386	379.45168	
645.799	339.43269	
646.213	374.45062	
646.626	401.9518	
647.04	326.9218	
647.453	284.36698	
647.866	354.44264	
648.28	376.9512	
648.693	334.42862	
649.106	281.8629	
649.519	306.89943	
649.932	376.9512	
650.345	381.95207	
650.758	346.93809	
651.171	364.44738	
651.584	391.95268	
651.997	416.94768	
652.41	349.4397	
652.822	346.93809	
653.235	411.94942	
653.647	379.45168	
654.06	341.93458	
654.472	284.36698	
654.885	331.92644	
655.297	384.45236	
655.71	354.44264	
656.122	389.45267	
656.534	376.9512	
656.946	359.4452	
657.358	366.94833	
657.77	316.91138	
658.182	299.38948	
658.594	316.91138	
659.006	364.44738	
659.418	356.94397	
659.83	416.94768	
660.241	384.45236	
660.653	296.88596	
661.065	356.94397	
661.476	361.94634	
661.888	361.94634	
662.299	361.94634	
662.71	396.95243	
663.122	371.94995	
663.533	299.38948	
663.944	384.45236	
664.355	319.41412	
664.767	366.94833	
665.178	374.45062	
665.589	394.4526	
666	341.93458	
666.41	339.43269	
666.821	316.91138	
667.232	406.9508	
667.643	356.94397	
668.053	414.4486	
668.464	389.45267	
668.875	376.9512	
669.285	426.94307	
669.696	366.94833	
670.106	326.9218	
670.516	359.4452	
670.927	371.94995	
671.337	341.93458	
671.747	331.92644	
672.157	326.9218	
672.567	364.44738	
672.977	314.40853	
673.387	354.44264	
673.797	369.44919	
674.207	356.94397	
674.617	391.95268	
675.027	321.91678	
675.436	341.93458	
675.846	404.45134	
676.256	321.91678	
676.665	369.44919	
677.075	224.2424	
677.484	419.44666	
677.893	396.95243	
678.303	374.45062	
678.712	359.4452	
679.121	336.9307	
679.53	369.44919	
679.939	391.95268	
680.348	401.9518	
680.757	424.44436	
681.166	341.93458	
681.575	389.45267	
681.984	349.4397	
682.393	374.45062	
682.802	381.95207	
683.21	444.43143	
683.619	369.44919	
684.027	264.33162	
684.436	411.94942	
684.844	379.45168	
685.253	326.9218	
685.661	354.44264	
686.069	406.9508	
686.477	354.44264	
686.886	369.44919	
687.294	386.95256	
687.702	416.94768	
688.11	386.95256	
688.518	361.94634	
688.926	294.38236	
689.333	381.95207	
689.741	351.94122	
690.149	396.95243	
690.557	364.44738	
690.964	321.91678	
691.372	329.42416	
691.779	404.45134	
692.187	271.8456	
692.594	331.92644	
693.001	339.43269	
693.409	389.45267	
693.816	276.85444	
694.223	414.4486	
694.63	389.45267	
695.037	309.40256	
695.444	364.44738	
695.851	301.89289	
696.258	366.94833	
696.665	394.4526	
697.072	289.37486	
697.479	431.94021	
697.885	304.39621	
698.292	361.94634	
698.698	386.95256	
699.105	334.42862	
699.511	359.4452	
699.918	346.93809	
700.324	329.42416	
700.73	326.9218	
701.137	316.91138	
701.543	334.42862	
701.949	351.94122	
702.355	404.45134	
702.761	391.95268	
703.167	341.93458	
703.573	356.94397	
703.979	419.44666	
704.385	446.9294	
704.79	294.38236	
705.196	369.44919	
705.602	306.89943	
706.007	334.42862	
706.413	331.92644	
706.818	256.81678	
707.224	334.42862	
707.629	331.92644	
708.034	326.9218	
708.439	314.40853	
708.845	336.9307	
709.25	371.94995	
709.655	339.43269	
710.06	336.9307	
710.465	341.93458	
710.87	371.94995	
711.275	394.4526	
711.679	429.44168	
712.084	316.91138	
712.489	334.42862	
712.893	434.43864	
713.298	301.89289	
713.702	324.41933	
714.107	406.9508	
714.511	296.88596	
714.916	376.9512	
715.32	404.45134	
715.724	346.93809	
716.128	266.83638	
716.533	346.93809	
716.937	346.93809	
717.341	396.95243	
717.745	321.91678	
718.149	411.94942	
718.552	331.92644	
718.956	406.9508	
719.36	396.95243	
719.764	354.44264	
720.167	394.4526	
720.571	374.45062	
720.974	371.94995	
721.378	376.9512	
721.781	351.94122	
722.185	361.94634	
722.588	396.95243	
722.991	314.40853	
723.394	451.92506	
723.797	324.41933	
724.2	334.42862	
724.603	386.95256	
725.006	346.93809	
725.409	364.44738	
725.812	356.94397	
726.215	336.9307	
726.618	371.94995	
727.02	301.89289	
727.423	291.87866	
727.826	391.95268	
728.228	391.95268	
728.631	379.45168	
729.033	344.43638	
729.435	384.45236	
729.838	319.41412	
730.24	354.44264	
730.642	439.43522	
731.044	306.89943	
731.446	336.9307	
731.848	379.45168	
732.25	386.95256	
732.652	354.44264	
733.054	296.88596	
733.456	321.91678	
733.857	294.38236	
734.259	326.9218	
734.661	426.94307	
735.062	306.89943	
735.464	369.44919	
735.865	331.92644	
736.267	471.904	
736.668	346.93809	
737.069	366.94833	
737.47	384.45236	
737.872	319.41412	
738.273	339.43269	
738.674	396.95243	
739.075	296.88596	
739.476	311.90559	
739.877	379.45168	
740.278	414.4486	
740.678	426.94307	
741.079	406.9508	
741.48	344.43638	
741.88	339.43269	
742.281	371.94995	
742.681	396.95243	
743.082	276.85444	
743.482	291.87866	
743.882	354.44264	
744.283	289.37486	
744.683	341.93458	
745.083	331.92644	
745.483	379.45168	
745.883	301.89289	
746.283	419.44666	
746.683	429.44168	
747.083	339.43269	
747.483	324.41933	
747.883	349.4397	
748.282	334.42862	
748.682	319.41412	
749.082	364.44738	
749.481	361.94634	
749.881	419.44666	
750.28	346.93809	
750.679	389.45267	
751.079	411.94942	
751.478	364.44738	
751.877	299.38948	
752.276	366.94833	
752.675	374.45062	
753.074	449.42727	
753.473	336.9307	
753.872	329.42416	
754.271	346.93809	
754.67	286.87097	
755.069	284.36698	
755.467	466.90982	
755.866	314.40853	
756.265	361.94634	
756.663	446.9294	
757.062	381.95207	
757.46	381.95207	
757.858	311.90559	
758.257	349.4397	
758.655	376.9512	
759.053	364.44738	
759.451	414.4486	
759.849	334.42862	
760.247	314.40853	
760.645	346.93809	
761.043	311.90559	
761.441	316.91138	
761.839	376.9512	
762.237	396.95243	
762.634	411.94942	
763.032	359.4452	
763.429	386.95256	
763.827	361.94634	
764.224	466.90982	
764.622	354.44264	
765.019	289.37486	
765.416	336.9307	
765.814	379.45168	
766.211	316.91138	
766.608	321.91678	
767.005	374.45062	
767.402	301.89289	
767.799	349.4397	
768.196	371.94995	
768.593	354.44264	
768.989	356.94397	
769.386	334.42862	
769.783	259.32182	
770.179	344.43638	
770.576	336.9307	
770.972	341.93458	
771.369	341.93458	
771.765	339.43269	
772.161	316.91138	
772.558	356.94397	
772.954	349.4397	
773.35	334.42862	
773.746	324.41933	
774.142	386.95256	
774.538	311.90559	
774.934	329.42416	
775.33	301.89289	
775.726	431.94021	
776.121	331.92644	
776.517	374.45062	
776.913	369.44919	
777.308	389.45267	
777.704	339.43269	
778.099	379.45168	
778.495	281.8629	
778.89	354.44264	
779.285	414.4486	
779.68	404.45134	
780.076	389.45267	
780.471	349.4397	
780.866	401.9518	
781.261	421.94556	
781.656	396.95243	
782.051	344.43638	
782.445	344.43638	
782.84	309.40256	
783.235	349.4397	
783.63	371.94995	
784.024	281.8629	
784.419	386.95256	
784.813	314.40853	
785.208	339.43269	
785.602	324.41933	
785.996	334.42862	
786.391	391.95268	
786.785	326.9218	
787.179	434.43864	
787.573	321.91678	
787.967	241.78448	
788.361	339.43269	
788.755	311.90559	
789.149	361.94634	
789.543	369.44919	
789.936	364.44738	
790.33	359.4452	
790.724	319.41412	
791.117	309.40256	
791.511	359.4452	
791.904	351.94122	
792.298	229.25491	
792.691	324.41933	
793.084	349.4397	
793.477	389.45267	
793.871	374.45062	
794.264	294.38236	
794.657	316.91138	
795.05	274.35007	
795.443	314.40853	
795.836	376.9512	
796.228	266.83638	
796.621	371.94995	
797.014	291.87866	
797.406	406.9508	
797.799	396.95243	
798.192	346.93809	
798.584	399.45216	
798.976	364.44738	
799.369	376.9512	
799.761	341.93458	
800.153	406.9508	
800.546	324.41933	
800.938	376.9512	
801.33	421.94556	
801.722	354.44264	
802.114	286.87097	
802.506	336.9307	
802.897	371.94995	
803.289	379.45168	
803.681	456.92035	
804.073	306.89943	
804.464	386.95256	
804.856	344.43638	
805.247	339.43269	
805.639	331.92644	
806.03	416.94768	
806.421	411.94942	
806.813	371.94995	
807.204	289.37486	
807.595	384.45236	
807.986	366.94833	
808.377	354.44264	
808.768	394.4526	
809.159	344.43638	
809.55	291.87866	
809.941	351.94122	
810.331	376.9512	
810.722	336.9307	
811.113	291.87866	
811.503	389.45267	
811.894	339.43269	
812.284	376.9512	
812.675	361.94634	
813.065	369.44919	
813.455	354.44264	
813.846	289.37486	
814.236	331.92644	
814.626	404.45134	
815.016	464.41259	
815.406	366.94833	
815.796	399.45216	
816.186	399.45216	
816.575	301.89289	
816.965	281.8629	
817.355	336.9307	
817.745	404.45134	
818.134	359.4452	
818.524	399.45216	
818.913	314.40853	
819.303	311.90559	
819.692	376.9512	
820.081	379.45168	
820.47	359.4452	
820.86	321.91678	
821.249	334.42862	
821.638	366.94833	
822.027	364.44738	
822.416	404.45134	
822.805	374.45062	
823.193	336.9307	
823.582	301.89289	
823.971	341.93458	
824.36	401.9518	
824.748	321.91678	
825.137	391.95268	
825.525	394.4526	
825.914	369.44919	
826.302	269.34104	
826.69	354.44264	
827.079	339.43269	
827.467	346.93809	
827.855	354.44264	
828.243	389.45267	
828.631	361.94634	
829.019	424.44436	
829.407	331.92644	
829.795	331.92644	
830.182	349.4397	
830.57	379.45168	
830.958	396.95243	
831.345	394.4526	
831.733	344.43638	
832.12	419.44666	
832.508	409.45016	
832.895	391.95268	
833.283	366.94833	
833.67	296.88596	
834.057	299.38948	
834.444	374.45062	
834.831	354.44264	
835.218	296.88596	
835.605	366.94833	
835.992	349.4397	
836.379	346.93809	
836.766	336.9307	
837.152	341.93458	
837.539	356.94397	
837.926	394.4526	
838.312	306.89943	
838.699	381.95207	
839.085	274.35007	
839.472	321.91678	
839.858	381.95207	
840.244	391.95268	
840.63	309.40256	
841.017	431.94021	
841.403	379.45168	
841.789	329.42416	
842.175	309.40256	
842.561	324.41933	
842.946	304.39621	
843.332	314.40853	
843.718	259.32182	
844.104	414.4486	
844.489	341.93458	
844.875	386.95256	
845.26	356.94397	
845.646	354.44264	
846.031	246.79563	
846.416	364.44738	
846.802	411.94942	
847.187	361.94634	
847.572	346.93809	
847.957	331.92644	
848.342	406.9508	
848.727	309.40256	
849.112	324.41933	
849.497	316.91138	
849.882	314.40853	
850.266	306.89943	
850.651	324.41933	
851.036	331.92644	
851.42	341.93458	
851.805	371.94995	
852.189	301.89289	
852.574	296.88596	
852.958	359.4452	
853.342	349.4397	
853.726	344.43638	
854.11	419.44666	
854.495	306.89943	
854.879	314.40853	
855.263	389.45267	
855.646	401.9518	
856.03	384.45236	
856.414	306.89943	
856.798	431.94021	
857.181	369.44919	
857.565	349.4397	
857.949	386.95256	
858.332	301.89289	
858.716	284.36698	
859.099	384.45236	
859.482	319.41412	
859.866	401.9518	
860.249	379.45168	
860.632	356.94397	
861.015	361.94634	
861.398	304.39621	
861.781	324.41933	
862.164	334.42862	
862.547	366.94833	
862.929	339.43269	
863.312	376.9512	
863.695	336.9307	
864.077	361.94634	
864.46	366.94833	
864.842	319.41412	
865.225	366.94833	
865.607	331.92644	
865.99	469.40696	
866.372	401.9518	
866.754	254.31163	
867.136	361.94634	
867.518	354.44264	
867.9	404.45134	
868.282	339.43269	
868.664	321.91678	
869.046	369.44919	
869.428	346.93809	
869.809	321.91678	
870.191	354.44264	
870.573	379.45168	
870.954	464.41259	
871.336	351.94122	
871.717	354.44264	
872.099	436.93697	
872.48	314.40853	
872.861	306.89943	
873.242	379.45168	
873.623	341.93458	
874.004	311.90559	
874.385	356.94397	
874.766	301.89289	
875.147	289.37486	
875.528	334.42862	
875.909	349.4397	
876.29	396.95243	
876.67	384.45236	
877.051	419.44666	
877.431	411.94942	
877.812	339.43269	
878.192	376.9512	
878.573	341.93458	
878.953	349.4397	
879.333	339.43269	
879.713	369.44919	
880.093	311.90559	
880.473	334.42862	
880.853	319.41412	
881.233	314.40853	
881.613	299.38948	
881.993	289.37486	
882.373	371.94995	
882.753	319.41412	
883.132	366.94833	
883.512	384.45236	
883.891	294.38236	
884.271	404.45134	
884.65	309.40256	
885.029	246.79563	
885.409	296.88596	
885.788	351.94122	
886.167	371.94995	
886.546	329.42416	
886.925	356.94397	
887.304	426.94307	
887.683	349.4397	
888.062	344.43638	
888.441	364.44738	
888.82	391.95268	
889.198	396.95243	
889.577	319.41412	
889.955	361.94634	
890.334	316.91138	
890.712	389.45267	
891.091	316.91138	
891.469	309.40256	
891.847	379.45168	
892.226	391.95268	
892.604	344.43638	
892.982	391.95268	
893.36	314.40853	
893.738	364.44738	
894.116	364.44738	
894.493	351.94122	
894.871	419.44666	
895.249	331.92644	
895.627	361.94634	
896.004	396.95243	
896.382	264.33162	
896.759	274.35007	
897.137	334.42862	
897.514	414.4486	
897.891	321.91678	
898.269	426.94307	
898.646	326.9218	
899.023	326.9218	
899.4	291.87866	
899.777	399.45216	
900.154	346.93809	
900.531	381.95207	
900.908	331.92644	
901.284	364.44738	
901.661	339.43269	
902.038	326.9218	
902.414	359.4452	
902.791	329.42416	
903.167	351.94122	
903.544	419.44666	
903.92	246.79563	
904.296	299.38948	
904.672	339.43269	
905.049	389.45267	
905.425	374.45062	
905.801	366.94833	
906.177	339.43269	
906.553	324.41933	
906.929	344.43638	
907.304	411.94942	
907.68	411.94942	
908.056	339.43269	
908.431	416.94768	
908.807	336.9307	
909.182	314.40853	
909.558	344.43638	
909.933	334.42862	
910.309	301.89289	
910.684	321.91678	
911.059	326.9218	
911.434	341.93458	
911.809	416.94768	
912.184	369.44919	
912.559	334.42862	
912.934	406.9508	
913.309	319.41412	
913.684	351.94122	
914.058	359.4452	
914.433	336.9307	
914.808	396.95243	
915.182	414.4486	
915.557	404.45134	
915.931	369.44919	
916.305	391.95268	
916.68	311.90559	
917.054	391.95268	
917.428	391.95268	
917.802	374.45062	
918.176	374.45062	
918.55	369.44919	
918.924	409.45016	
919.298	384.45236	
919.672	256.81678	
920.045	351.94122	
920.419	419.44666	
920.793	449.42727	
921.166	316.91138	
921.54	316.91138	
921.913	379.45168	
922.287	339.43269	
922.66	339.43269	
923.033	351.94122	
923.406	361.94634	
923.78	404.45134	
924.153	339.43269	
924.526	319.41412	
924.899	369.44919	
925.271	314.40853	
925.644	286.87097	
926.017	349.4397	
926.39	349.4397	
926.762	344.43638	
927.135	371.94995	
927.508	366.94833	
927.88	369.44919	
928.252	404.45134	
928.625	311.90559	
928.997	339.43269	
929.369	371.94995	
929.741	309.40256	
930.114	346.93809	
930.486	349.4397	
930.858	329.42416	
931.229	404.45134	
931.601	394.4526	
931.973	351.94122	
932.345	314.40853	
932.717	334.42862	
933.088	361.94634	
933.46	311.90559	
933.831	319.41412	
934.203	366.94833	
934.574	341.93458	
934.945	354.44264	
935.317	364.44738	
935.688	379.45168	
936.059	321.91678	
936.43	349.4397	
936.801	321.91678	
937.172	386.95256	
937.543	379.45168	
937.914	374.45062	
938.284	369.44919	
938.655	354.44264	
939.026	316.91138	
939.396	364.44738	
939.767	391.95268	
940.137	404.45134	
940.508	286.87097	
940.878	406.9508	
941.248	386.95256	
941.618	429.44168	
941.989	341.93458	
942.359	271.8456	
942.729	326.9218	
943.099	351.94122	
943.469	414.4486	
943.838	394.4526	
944.208	319.41412	
944.578	281.8629	
944.948	314.40853	
945.317	311.90559	
945.687	316.91138	
946.056	319.41412	
946.426	319.41412	
946.795	301.89289	
947.164	394.4526	
947.533	301.89289	
947.903	369.44919	
948.272	334.42862	
948.641	334.42862	
949.01	401.9518	
949.379	324.41933	
949.748	349.4397	
950.116	401.9518	
950.485	351.94122	
950.854	399.45216	
951.222	306.89943	
951.591	359.4452	
951.959	354.44264	
952.328	364.44738	
952.696	309.40256	
953.065	356.94397	
953.433	374.45062	
953.801	401.9518	
954.169	331.92644	
954.537	334.42862	
954.905	351.94122	
955.273	351.94122	
955.641	294.38236	
956.009	344.43638	
956.377	376.9512	
956.744	339.43269	
957.112	424.44436	
957.479	326.9218	
957.847	331.92644	
958.214	296.88596	
958.582	329.42416	
958.949	326.9218	
959.316	351.94122	
959.684	314.40853	
960.051	311.90559	
960.418	354.44264	
960.785	296.88596	
961.152	374.45062	
961.519	356.94397	
961.885	434.43864	
962.252	261.82677	
962.619	296.88596	
962.986	266.83638	
963.352	366.94833	
963.719	386.95256	
964.085	379.45168	
964.452	381.95207	
964.818	381.95207	
965.184	336.9307	
965.55	406.9508	
965.916	384.45236	
966.283	324.41933	
966.649	389.45267	
967.015	301.89289	
967.38	401.9518	
967.746	311.90559	
968.112	321.91678	
968.478	289.37486	
968.843	424.44436	
969.209	319.41412	
969.575	384.45236	
969.94	344.43638	
970.305	359.4452	
970.671	316.91138	
971.036	374.45062	
971.401	351.94122	
971.766	366.94833	
972.132	319.41412	
972.497	321.91678	
972.862	351.94122	
973.227	359.4452	
973.591	331.92644	
973.956	349.4397	
974.321	364.44738	
974.686	389.45267	
975.05	359.4452	
975.415	369.44919	
975.779	344.43638	
976.144	306.89943	
976.508	384.45236	
976.872	319.41412	
977.236	374.45062	
977.601	271.8456	
977.965	336.9307	
978.329	296.88596	
978.693	374.45062	
979.057	336.9307	
979.421	384.45236	
979.784	396.95243	
980.148	351.94122	
980.512	366.94833	
980.875	371.94995	
981.239	396.95243	
981.602	396.95243	
981.966	424.44436	
982.329	371.94995	
982.692	284.36698	
983.056	356.94397	
983.419	291.87866	
983.782	351.94122	
984.145	319.41412	
984.508	321.91678	
984.871	471.904	
985.234	304.39621	
985.597	379.45168	
985.959	369.44919	
986.322	274.35007	
986.685	279.35872	
987.047	316.91138	
987.41	284.36698	
987.772	374.45062	
988.134	361.94634	
988.497	384.45236	
988.859	351.94122	
989.221	321.91678	
989.583	316.91138	
989.945	379.45168	
990.307	361.94634	
990.669	384.45236	
991.031	354.44264	
991.393	336.9307	
991.755	329.42416	
992.116	399.45216	
992.478	376.9512	
992.839	406.9508	
993.201	291.87866	
993.562	314.40853	
993.924	334.42862	
994.285	346.93809	
994.646	306.89943	
995.007	379.45168	
995.369	396.95243	
995.73	371.94995	
996.091	381.95207	
996.451	416.94768	
996.812	379.45168	
997.173	356.94397	
997.534	374.45062	
997.895	354.44264	
998.255	426.94307	
998.616	384.45236	
998.976	291.87866	
999.337	371.94995	
999.697	321.91678	
1000.057	371.94995	
1000.418	336.9307	
1000.778	339.43269	
1001.138	364.44738	
1001.498	314.40853	
1001.858	364.44738	
1002.218	331.92644	
1002.578	344.43638	
1002.937	321.91678	
1003.297	326.9218	
1003.657	361.94634	
1004.016	334.42862	
1004.376	316.91138	
1004.735	344.43638	
1005.095	351.94122	
1005.454	294.38236	
1005.813	351.94122	
1006.173	316.91138	
1006.532	366.94833	
1006.891	389.45267	
1007.25	301.89289	
1007.609	339.43269	
1007.968	356.94397	
1008.327	251.8064	
1008.686	374.45062	
1009.044	319.41412	
1009.403	334.42862	
1009.762	371.94995	
1010.12	259.32182	
1010.479	346.93809	
1010.837	399.45216	
1011.195	401.9518	
1011.554	299.38948	
1011.912	369.44919	
1012.27	326.9218	
1012.628	359.4452	
1012.986	369.44919	
1013.344	364.44738	
1013.702	349.4397	
1014.06	281.8629	
1014.418	354.44264	
1014.775	374.45062	
1015.133	391.95268	
1015.491	429.44168	
1015.848	359.4452	
1016.206	346.93809	
1016.563	331.92644	
1016.92	359.4452	
1017.278	319.41412	
1017.635	359.4452	
1017.992	376.9512	
1018.349	314.40853	
1018.706	294.38236	
1019.063	314.40853	
1019.42	379.45168	
1019.777	296.88596	
1020.134	321.91678	
1020.49	346.93809	
1020.847	356.94397	
1021.203	294.38236	
1021.56	336.9307	
1021.916	254.31163	
1022.273	346.93809	
1022.629	341.93458	
1022.985	386.95256	
1023.342	291.87866	
1023.698	401.9518	
1024.054	421.94556	
1024.41	314.40853	
1024.766	396.95243	
1025.122	319.41412	
1025.477	294.38236	
1025.833	329.42416	
1026.189	301.89289	
1026.545	311.90559	
1026.9	374.45062	
1027.256	361.94634	
1027.611	344.43638	
1027.966	369.44919	
1028.322	389.45267	
1028.677	376.9512	
1029.032	339.43269	
1029.387	416.94768	
1029.742	374.45062	
1030.097	424.44436	
1030.452	291.87866	
1030.807	324.41933	
1031.162	371.94995	
1031.517	346.93809	
1031.871	371.94995	
1032.226	309.40256	
1032.581	309.40256	
1032.935	309.40256	
