FLMS05510_1:101		
187.856	14.46099	
188.32	14.46099	
188.785	14.46099	
189.249	-131.56269	
189.713	-113.92057	
190.178	-118.96065	
190.642	-53.47221	
191.106	-68.57868	
191.57	-96.28359	
192.034	-40.88633	
192.498	-58.50728	
192.963	-71.09678	
193.427	37.08883	
193.89	-58.50728	
194.354	-76.13331	
194.818	72.27139	
195.282	4.40153	
195.746	145.08705	
196.21	157.63303	
196.673	117.47718	
197.137	107.43424	
197.601	-3.14414	
198.064	202.77821	
198.528	195.25621	
198.991	240.37502	
199.454	235.36338	
199.918	235.36338	
200.381	297.98126	
200.844	267.93218	
201.308	255.40765	
201.771	328.01659	
202.234	318.00634	
202.697	400.54576	
203.16	335.52329	
203.623	207.79238	
204.086	360.53946	
204.549	385.54621	
205.012	345.53089	
205.475	338.02533	
205.938	330.51892	
206.4	305.49138	
206.863	353.0356	
207.326	313.00064	
207.788	280.45431	
208.251	425.53756	
208.714	393.04641	
209.176	328.01659	
209.639	277.95007	
210.101	380.54561	
210.563	398.04607	
211.026	333.02115	
211.488	360.53946	
211.95	330.51892	
212.412	400.54576	
212.874	265.42746	
213.337	363.04056	
213.799	380.54561	
214.261	340.52728	
214.723	370.54329	
215.184	363.04056	
215.646	328.01659	
216.108	355.53698	
216.57	360.53946	
217.032	325.51417	
217.493	323.01166	
217.955	365.54156	
218.417	338.02533	
218.878	330.51892	
219.34	277.95007	
219.801	292.97404	
220.263	323.01166	
220.724	350.53412	
221.185	345.53089	
221.647	340.52728	
222.108	338.02533	
222.569	313.00064	
223.03	365.54156	
223.491	373.04401	
223.952	350.53412	
224.413	435.53167	
224.874	363.04056	
225.335	323.01166	
225.796	297.98126	
226.257	315.50354	
226.718	323.01166	
227.179	343.02913	
227.639	318.00634	
228.1	375.54464	
228.561	363.04056	
229.021	453.01781	
229.482	323.01166	
229.942	335.52329	
230.403	272.94132	
230.863	348.03255	
231.323	318.00634	
231.784	353.0356	
232.244	398.04607	
232.704	277.95007	
233.164	365.54156	
233.625	345.53089	
234.085	353.0356	
234.545	340.52728	
235.005	360.53946	
235.465	313.00064	
235.925	323.01166	
236.384	348.03255	
236.844	320.50905	
237.304	325.51417	
237.764	333.02115	
238.223	348.03255	
238.683	300.48473	
239.143	305.49138	
239.602	287.96643	
240.062	338.02533	
240.521	320.50905	
240.98	305.49138	
241.44	343.02913	
241.899	290.47028	
242.358	380.54561	
242.818	420.53994	
243.277	358.03827	
243.736	353.0356	
244.195	335.52329	
244.654	435.53167	
245.113	325.51417	
245.572	380.54561	
246.031	383.04596	
246.49	237.86925	
246.949	383.04596	
247.408	338.02533	
247.866	345.53089	
248.325	348.03255	
248.784	365.54156	
249.242	338.02533	
249.701	310.49765	
250.159	328.01659	
250.618	365.54156	
251.076	373.04401	
251.534	375.54464	
251.993	340.52728	
252.451	355.53698	
252.909	343.02913	
253.368	368.04247	
253.826	323.01166	
254.284	385.54621	
254.742	403.04536	
255.2	338.02533	
255.658	345.53089	
256.116	307.99456	
256.574	302.9881	
257.031	383.04596	
257.489	355.53698	
257.947	313.00064	
258.405	285.46249	
258.862	333.02115	
259.32	393.04641	
259.777	348.03255	
260.235	323.01166	
260.692	313.00064	
261.15	433.03328	
261.607	373.04401	
262.065	365.54156	
262.522	438.02997	
262.979	388.04637	
263.436	348.03255	
263.893	368.04247	
264.351	368.04247	
264.808	305.49138	
265.265	305.49138	
265.722	330.51892	
266.178	345.53089	
266.635	385.54621	
267.092	358.03827	
267.549	343.02913	
268.006	390.54644	
268.462	277.95007	
268.919	428.03622	
269.376	340.52728	
269.832	373.04401	
270.289	360.53946	
270.745	420.53994	
271.202	395.54629	
271.658	370.54329	
272.114	318.00634	
272.571	315.50354	
273.027	375.54464	
273.483	373.04401	
273.939	350.53412	
274.395	410.5436	
274.851	302.9881	
275.307	333.02115	
275.763	358.03827	
276.219	330.51892	
276.675	410.5436	
277.131	368.04247	
277.587	318.00634	
278.042	395.54629	
278.498	430.5348	
278.954	455.51546	
279.409	360.53946	
279.865	375.54464	
280.32	358.03827	
280.776	340.52728	
281.231	388.04637	
281.687	400.54576	
282.142	318.00634	
282.597	310.49765	
283.052	325.51417	
283.508	375.54464	
283.963	305.49138	
284.418	355.53698	
284.873	350.53412	
285.328	343.02913	
285.783	358.03827	
286.238	363.04056	
286.693	393.04641	
287.147	340.52728	
287.602	307.99456	
288.057	425.53756	
288.512	297.98126	
288.966	333.02115	
289.421	365.54156	
289.875	345.53089	
290.33	403.04536	
290.784	400.54576	
291.239	282.95845	
291.693	408.04428	
292.147	388.04637	
292.602	348.03255	
293.056	365.54156	
293.51	403.04536	
293.964	365.54156	
294.418	370.54329	
294.872	295.4777	
295.326	368.04247	
295.78	383.04596	
296.234	383.04596	
296.688	390.54644	
297.142	398.04607	
297.595	365.54156	
298.049	318.00634	
298.503	368.04247	
298.956	335.52329	
299.41	370.54329	
299.863	373.04401	
300.317	420.53994	
300.77	375.54464	
301.224	297.98126	
301.677	435.53167	
302.13	338.02533	
302.584	375.54464	
303.037	393.04641	
303.49	525.41241	
303.943	363.04056	
304.396	375.54464	
304.849	328.01659	
305.302	373.04401	
305.755	343.02913	
306.208	458.01302	
306.661	338.02533	
307.114	405.54487	
307.566	368.04247	
308.019	388.04637	
308.472	400.54576	
308.924	360.53946	
309.377	388.04637	
309.829	385.54621	
310.282	395.54629	
310.734	345.53089	
311.187	335.52329	
311.639	365.54156	
312.091	413.04282	
312.543	302.9881	
312.995	398.04607	
313.448	363.04056	
313.9	418.04099	
314.352	448.02223	
314.804	413.04282	
315.256	380.54561	
315.708	328.01659	
316.159	360.53946	
316.611	365.54156	
317.063	398.04607	
317.515	390.54644	
317.966	370.54329	
318.418	365.54156	
318.87	378.04517	
319.321	380.54561	
319.773	435.53167	
320.224	375.54464	
320.675	343.02913	
321.127	350.53412	
321.578	390.54644	
322.029	378.04517	
322.48	378.04517	
322.932	313.00064	
323.383	400.54576	
323.834	365.54156	
324.285	350.53412	
324.736	290.47028	
325.187	318.00634	
325.638	350.53412	
326.088	403.04536	
326.539	365.54156	
326.99	340.52728	
327.441	310.49765	
327.891	335.52329	
328.342	343.02913	
328.792	418.04099	
329.243	410.5436	
329.693	350.53412	
330.144	262.92265	
330.594	373.04401	
331.044	345.53089	
331.495	395.54629	
331.945	335.52329	
332.395	398.04607	
332.845	343.02913	
333.295	338.02533	
333.745	313.00064	
334.195	383.04596	
334.645	400.54576	
335.095	403.04536	
335.545	300.48473	
335.995	363.04056	
336.444	453.01781	
336.894	500.45744	
337.344	482.98354	
337.793	420.53994	
338.243	413.04282	
338.692	398.04607	
339.142	365.54156	
339.591	423.03879	
340.041	365.54156	
340.49	353.0356	
340.939	455.51546	
341.388	517.92688	
341.838	597.73064	
342.287	463.00786	
342.736	418.04099	
343.185	393.04641	
343.634	415.54196	
344.083	550.3583	
344.532	617.66722	
344.981	620.15889	
345.429	682.42188	
345.878	702.33442	
346.327	689.88974	
346.776	679.93242	
347.224	679.93242	
347.673	602.71532	
348.121	403.04536	
348.57	525.41241	
349.018	455.51546	
349.467	440.52817	
349.915	433.03328	
350.363	507.94489	
350.811	448.02223	
351.26	582.77445	
351.708	555.34639	
352.156	677.44287	
352.604	460.51048	
353.052	415.54196	
353.5	358.03827	
353.948	418.04099	
354.396	325.51417	
354.843	375.54464	
355.291	373.04401	
355.739	395.54629	
356.186	340.52728	
356.634	492.96917	
357.082	313.00064	
357.529	443.02628	
357.977	343.02913	
358.424	485.48008	
358.871	667.48379	
359.319	662.50373	
359.766	607.69964	
360.213	492.96917	
360.661	438.02997	
361.108	410.5436	
361.555	363.04056	
362.002	330.51892	
362.449	423.03879	
362.896	390.54644	
363.343	380.54561	
363.79	297.98126	
364.236	360.53946	
364.683	373.04401	
365.13	365.54156	
365.577	390.54644	
366.023	355.53698	
366.47	350.53412	
366.916	388.04637	
367.363	413.04282	
367.809	400.54576	
368.256	418.04099	
368.702	365.54156	
369.148	460.51048	
369.594	413.04282	
370.041	455.51546	
370.487	435.53167	
370.933	398.04607	
371.379	400.54576	
371.825	348.03255	
372.271	413.04282	
372.717	343.02913	
373.163	420.53994	
373.608	365.54156	
374.054	380.54561	
374.5	482.98354	
374.946	383.04596	
375.391	360.53946	
375.837	358.03827	
376.282	375.54464	
376.728	418.04099	
377.173	388.04637	
377.618	410.5436	
378.064	390.54644	
378.509	408.04428	
378.954	340.52728	
379.4	375.54464	
379.845	330.51892	
380.29	355.53698	
380.735	385.54621	
381.18	375.54464	
381.625	403.04536	
382.07	385.54621	
382.514	363.04056	
382.959	458.01302	
383.404	428.03622	
383.849	383.04596	
384.293	383.04596	
384.738	398.04607	
385.183	340.52728	
385.627	455.51546	
386.072	408.04428	
386.516	378.04517	
386.96	420.53994	
387.405	355.53698	
387.849	398.04607	
388.293	290.47028	
388.737	310.49765	
389.181	365.54156	
389.626	398.04607	
390.07	355.53698	
390.514	390.54644	
390.957	365.54156	
391.401	368.04247	
391.845	390.54644	
392.289	307.99456	
392.733	365.54156	
393.176	262.92265	
393.62	380.54561	
394.064	365.54156	
394.507	400.54576	
394.951	443.02628	
395.394	388.04637	
395.838	390.54644	
396.281	348.03255	
396.724	425.53756	
397.168	433.03328	
397.611	400.54576	
398.054	420.53994	
398.497	365.54156	
398.94	413.04282	
399.383	307.99456	
399.826	445.5243	
400.269	365.54156	
400.712	353.0356	
401.155	472.99643	
401.597	360.53946	
402.04	403.04536	
402.483	343.02913	
402.925	323.01166	
403.368	358.03827	
403.811	420.53994	
404.253	373.04401	
404.696	353.0356	
405.138	343.02913	
405.58	420.53994	
406.023	385.54621	
406.465	343.02913	
406.907	393.04641	
407.349	378.04517	
407.791	415.54196	
408.233	388.04637	
408.675	353.0356	
409.117	338.02533	
409.559	440.52817	
410.001	368.04247	
410.443	305.49138	
410.885	368.04247	
411.326	345.53089	
411.768	340.52728	
412.21	320.50905	
412.651	353.0356	
413.093	405.54487	
413.534	353.0356	
413.975	340.52728	
414.417	395.54629	
414.858	333.02115	
415.299	373.04401	
415.741	318.00634	
416.182	380.54561	
416.623	423.03879	
417.064	403.04536	
417.505	418.04099	
417.946	425.53756	
418.387	325.51417	
418.828	423.03879	
419.269	307.99456	
419.709	475.49334	
420.15	363.04056	
420.591	358.03827	
421.031	353.0356	
421.472	365.54156	
421.913	328.01659	
422.353	438.02997	
422.794	425.53756	
423.234	343.02913	
423.674	383.04596	
424.115	350.53412	
424.555	420.53994	
424.995	383.04596	
425.435	393.04641	
425.875	353.0356	
426.315	390.54644	
426.755	325.51417	
427.195	408.04428	
427.635	398.04607	
428.075	448.02223	
428.515	335.52329	
428.955	403.04536	
429.394	400.54576	
429.834	400.54576	
430.274	400.54576	
430.713	458.01302	
431.153	358.03827	
431.592	380.54561	
432.031	355.53698	
432.471	360.53946	
432.91	435.53167	
433.349	405.54487	
433.789	355.53698	
434.228	323.01166	
434.667	410.5436	
435.106	353.0356	
435.545	353.0356	
435.984	463.00786	
436.423	348.03255	
436.862	355.53698	
437.301	408.04428	
437.739	413.04282	
438.178	353.0356	
438.617	365.54156	
439.055	438.02997	
439.494	415.54196	
439.932	373.04401	
440.371	388.04637	
440.809	358.03827	
441.248	330.51892	
441.686	373.04401	
442.124	438.02997	
442.563	375.54464	
443.001	350.53412	
443.439	365.54156	
443.877	297.98126	
444.315	365.54156	
444.753	418.04099	
445.191	370.54329	
445.629	363.04056	
446.067	525.41241	
446.504	418.04099	
446.942	385.54621	
447.38	405.54487	
447.817	388.04637	
448.255	393.04641	
448.693	405.54487	
449.13	328.01659	
449.568	318.00634	
450.005	410.5436	
450.442	383.04596	
450.88	413.04282	
451.317	385.54621	
451.754	440.52817	
452.191	305.49138	
452.628	403.04536	
453.065	323.01166	
453.502	423.03879	
453.939	325.51417	
454.376	373.04401	
454.813	398.04607	
455.25	418.04099	
455.686	323.01166	
456.123	388.04637	
456.56	398.04607	
456.996	440.52817	
457.433	350.53412	
457.869	378.04517	
458.306	400.54576	
458.742	360.53946	
459.179	365.54156	
459.615	395.54629	
460.051	435.53167	
460.487	305.49138	
460.924	445.5243	
461.36	323.01166	
461.796	398.04607	
462.232	418.04099	
462.668	343.02913	
463.104	398.04607	
463.539	408.04428	
463.975	420.53994	
464.411	355.53698	
464.847	403.04536	
465.282	400.54576	
465.718	470.49942	
466.153	460.51048	
466.589	433.03328	
467.024	358.03827	
467.46	380.54561	
467.895	370.54329	
468.33	390.54644	
468.766	373.04401	
469.201	385.54621	
469.636	445.5243	
470.071	460.51048	
470.506	420.53994	
470.941	388.04637	
471.376	383.04596	
471.811	423.03879	
472.246	370.54329	
472.681	380.54561	
473.115	380.54561	
473.55	423.03879	
473.985	353.0356	
474.419	415.54196	
474.854	470.49942	
475.288	375.54464	
475.723	353.0356	
476.157	353.0356	
476.592	368.04247	
477.026	450.52007	
477.46	443.02628	
477.894	348.03255	
478.329	393.04641	
478.763	375.54464	
479.197	445.5243	
479.631	433.03328	
480.065	395.54629	
480.499	393.04641	
480.932	383.04596	
481.366	413.04282	
481.8	338.02533	
482.234	403.04536	
482.667	403.04536	
483.101	423.03879	
483.535	423.03879	
483.968	345.53089	
484.401	343.02913	
484.835	358.03827	
485.268	438.02997	
485.702	453.01781	
486.135	443.02628	
486.568	383.04596	
487.001	430.5348	
487.434	430.5348	
487.867	403.04536	
488.3	368.04247	
488.733	373.04401	
489.166	370.54329	
489.599	360.53946	
490.032	378.04517	
490.464	400.54576	
490.897	388.04637	
491.33	365.54156	
491.762	410.5436	
492.195	340.52728	
492.627	395.54629	
493.06	350.53412	
493.492	307.99456	
493.925	390.54644	
494.357	395.54629	
494.789	393.04641	
495.221	380.54561	
495.653	375.54464	
496.086	405.54487	
496.518	353.0356	
496.95	393.04641	
497.382	310.49765	
497.813	438.02997	
498.245	353.0356	
498.677	353.0356	
499.109	358.03827	
499.54	365.54156	
499.972	360.53946	
500.404	348.03255	
500.835	492.96917	
501.267	420.53994	
501.698	307.99456	
502.129	380.54561	
502.561	430.5348	
502.992	418.04099	
503.423	475.49334	
503.855	455.51546	
504.286	475.49334	
504.717	470.49942	
505.148	440.52817	
505.579	418.04099	
506.01	403.04536	
506.441	448.02223	
506.871	405.54487	
507.302	395.54629	
507.733	430.5348	
508.163	453.01781	
508.594	450.52007	
509.025	428.03622	
509.455	343.02913	
509.886	420.53994	
510.316	428.03622	
510.746	430.5348	
511.177	440.52817	
511.607	482.98354	
512.037	450.52007	
512.467	430.5348	
512.898	475.49334	
513.328	365.54156	
513.758	323.01166	
514.188	445.5243	
514.617	515.43152	
515.047	433.03328	
515.477	373.04401	
515.907	378.04517	
516.337	413.04282	
516.766	438.02997	
517.196	418.04099	
517.625	428.03622	
518.055	385.54621	
518.484	348.03255	
518.914	410.5436	
519.343	350.53412	
519.772	420.53994	
520.202	453.01781	
520.631	400.54576	
521.06	365.54156	
521.489	380.54561	
521.918	400.54576	
522.347	468.00233	
522.776	445.5243	
523.205	313.00064	
523.634	370.54329	
524.063	400.54576	
524.491	410.5436	
524.92	428.03622	
525.349	363.04056	
525.777	390.54644	
526.206	365.54156	
526.634	370.54329	
527.063	345.53089	
527.491	353.0356	
527.919	340.52728	
528.348	338.02533	
528.776	405.54487	
529.204	368.04247	
529.632	403.04536	
530.06	410.5436	
530.488	375.54464	
530.916	363.04056	
531.344	320.50905	
531.772	403.04536	
532.2	485.48008	
532.627	552.85239	
533.055	657.52331	
533.483	664.9938	
533.91	911.08282	
534.338	697.35681	
534.765	592.7456	
535.193	500.45744	
535.62	472.99643	
536.048	502.95335	
536.475	435.53167	
536.902	358.03827	
537.329	420.53994	
537.757	333.02115	
538.184	398.04607	
538.611	388.04637	
539.038	425.53756	
539.465	784.41477	
539.892	861.43532	
540.318	829.14634	
540.745	600.22303	
541.172	487.97654	
541.599	477.99017	
542.025	433.03328	
542.452	395.54629	
542.878	390.54644	
543.305	390.54644	
543.731	420.53994	
544.158	358.03827	
544.584	363.04056	
545.01	345.53089	
545.436	380.54561	
545.862	345.53089	
546.289	365.54156	
546.715	373.04401	
547.141	358.03827	
547.567	420.53994	
547.993	368.04247	
548.418	438.02997	
548.844	302.9881	
549.27	375.54464	
549.696	365.54156	
550.121	315.50354	
550.547	335.52329	
550.972	388.04637	
551.398	373.04401	
551.823	403.04536	
552.249	408.04428	
552.674	363.04056	
553.099	355.53698	
553.525	328.01659	
553.95	343.02913	
554.375	325.51417	
554.8	438.02997	
555.225	408.04428	
555.65	400.54576	
556.075	423.03879	
556.5	433.03328	
556.925	395.54629	
557.349	415.54196	
557.774	400.54576	
558.199	343.02913	
558.623	363.04056	
559.048	363.04056	
559.472	297.98126	
559.897	380.54561	
560.321	463.00786	
560.746	368.04247	
561.17	348.03255	
561.594	390.54644	
562.018	460.51048	
562.443	378.04517	
562.867	380.54561	
563.291	370.54329	
563.715	320.50905	
564.139	360.53946	
564.562	355.53698	
564.986	405.54487	
565.41	425.53756	
565.834	475.49334	
566.257	415.54196	
566.681	418.04099	
567.105	472.99643	
567.528	487.97654	
567.952	338.02533	
568.375	453.01781	
568.798	485.48008	
569.222	443.02628	
569.645	440.52817	
570.068	390.54644	
570.491	438.02997	
570.914	363.04056	
571.337	448.02223	
571.76	540.38103	
572.183	430.5348	
572.606	370.54329	
573.029	428.03622	
573.452	400.54576	
573.875	475.49334	
574.297	525.41241	
574.72	535.39185	
575.143	550.3583	
575.565	669.97369	
575.988	1079.63613	
576.41	1242.87459	
576.832	1109.34169	
577.255	749.60432	
577.677	669.97369	
578.099	572.80187	
578.521	505.44916	
578.943	522.91732	
579.365	475.49334	
579.787	495.46535	
580.209	612.68361	
580.631	507.94489	
581.053	567.81504	
581.475	791.87195	
581.897	1005.32119	
582.318	925.97053	
582.74	799.32837	
583.162	664.9938	
583.583	622.65047	
584.005	1151.40479	
584.426	9924.06078	
584.847	24983.79525	
585.269	29895.89093	
585.69	23131.08425	
586.111	12390.88029	
586.532	7659.44871	
586.954	5285.42823	
587.375	6759.79592	
587.796	10791.18402	
588.217	11515.07144	
588.637	8749.27516	
589.058	4735.94046	
589.479	3054.39682	
589.9	2376.56082	
590.32	1858.20082	
590.741	1452.60564	
591.162	1186.0277	
591.582	839.08294	
592.003	652.54254	
592.423	622.65047	
592.844	645.07072	
593.264	953.25688	
593.684	6778.55501	
594.104	15732.4918	
594.524	18568.5645	
594.945	14057.49904	
595.365	7636.16106	
595.785	4874.14739	
596.205	3141.5222	
596.625	3182.63891	
597.044	5351.86098	
597.464	5983.52518	
597.884	5380.32094	
598.304	3039.86866	
598.723	2093.30142	
599.143	1526.49774	
599.562	1069.7317	
599.982	928.45153	
600.401	692.37885	
600.821	612.68361	
601.24	612.68361	
601.659	522.91732	
602.078	1496.94895	
602.498	4437.52142	
602.917	5640.89251	
603.336	5271.18786	
603.755	3119.74784	
604.174	1966.03338	
604.593	1521.57369	
605.011	1173.66416	
605.43	1020.19005	
605.849	844.05073	
606.268	1188.50017	
606.686	7344.70828	
607.105	14692.06504	
607.523	16612.33669	
607.942	11800.02712	
608.36	7127.43542	
608.779	11029.85053	
609.197	20538.32203	
609.615	23519.24047	
610.033	18575.16296	
610.451	10132.20549	
610.87	6412.24701	
611.288	4246.12545	
611.706	2972.04289	
612.124	2452.1123	
612.541	2361.93089	
612.959	2276.54351	
613.377	8001.29249	
613.795	26807.00643	
614.212	34235.40732	
614.63	30894.61695	
615.048	16702.84087	
615.465	12519.13524	
615.883	14569.75245	
616.3	14278.14578	
616.717	11494.69689	
617.135	6658.91794	
617.552	4303.57807	
617.969	2797.42206	
618.386	1870.46126	
618.803	1418.0996	
619.22	1044.96494	
619.637	799.32837	
620.054	657.52331	
620.471	747.11721	
620.888	3900.7908	
621.305	8926.95952	
621.721	10540.72498	
622.138	8080.22989	
622.555	4697.78565	
622.971	3097.96883	
623.388	2169.08645	
623.804	1610.16164	
624.221	1292.27304	
624.637	992.92822	
625.053	816.72368	
625.47	1240.40385	
625.886	8525.09769	
626.302	15783.40691	
626.718	17349.01071	
627.134	12050.62158	
627.55	6963.65155	
627.966	4633.37106	
628.382	3114.90846	
628.797	2232.59911	
629.213	1848.39121	
629.629	3682.0002	
630.045	6785.58895	
630.46	7747.90334	
630.876	6051.93734	
631.291	3655.5231	
631.707	2598.16929	
632.122	2359.49234	
632.537	9694.96552	
632.953	24360.39639	
633.368	29322.04425	
633.783	23817.14633	
634.198	13561.81332	
634.613	8661.49856	
635.028	5799.3314	
635.443	4001.62406	
635.858	2843.53243	
636.273	2032.13768	
636.688	1573.26156	
637.102	2213.06148	
637.517	13999.51124	
637.932	24769.2851	
638.346	28003.75445	
638.761	19738.20484	
639.175	20353.66666	
639.59	51241.49319	
640.004	63805.1727	
640.418	61112.69723	
640.832	36970.24017	
641.247	23056.12792	
641.661	15200.62552	
642.075	9855.37252	
642.489	6682.38515	
642.903	4564.14515	
643.317	2828.97359	
643.731	1580.64289	
644.145	1052.39582	
644.558	684.91125	
644.972	669.97369	
645.386	580.28144	
645.799	530.40231	
646.213	547.86412	
646.626	507.94489	
647.04	500.45744	
647.453	495.46535	
647.866	535.39185	
648.28	480.4869	
648.693	625.14196	
649.106	704.82309	
649.519	3022.91649	
649.932	19034.75865	
650.345	29030.7195	
650.758	30389.706	
651.171	19091.92198	
651.584	11806.80528	
651.997	8351.50165	
652.41	9642.21908	
652.822	12665.26856	
653.235	13300.04513	
653.647	9784.3584	
654.06	5846.58689	
654.472	3898.38889	
654.885	2612.76269	
655.297	1863.1052	
655.71	1361.37891	
656.122	1195.9171	
656.534	980.5332	
656.946	722.24136	
657.358	530.40231	
657.77	490.4729	
658.182	570.3085	
658.594	747.11721	
659.006	4724.01842	
659.418	10111.63373	
659.83	12149.84508	
660.241	9364.38788	
660.653	5846.58689	
661.065	3936.81325	
661.476	2734.28855	
661.888	2054.16147	
662.299	1445.21273	
662.71	1151.40479	
663.122	776.95681	
663.533	560.33412	
663.944	567.81504	
664.355	507.94489	
664.767	572.80187	
665.178	535.39185	
665.589	575.29515	
666	625.14196	
666.41	719.7533	
666.821	5147.70041	
667.232	16082.07524	
667.643	20806.54016	
668.053	18933.61821	
668.464	11485.64065	
668.875	7715.32187	
669.285	5280.68163	
669.696	3768.60726	
670.106	2734.28855	
670.516	2787.71186	
670.927	8448.7438	
671.337	12809.02836	
671.747	13443.28115	
672.157	9125.13111	
672.567	5905.6307	
672.977	3963.22224	
673.387	2947.8083	
673.797	2103.08373	
674.207	1504.33715	
674.617	1049.91894	
675.027	757.06512	
675.436	605.20753	
675.846	487.97654	
676.256	418.04099	
676.665	497.96144	
677.075	485.48008	
677.484	413.04282	
677.893	415.54196	
678.303	375.54464	
678.712	390.54644	
679.121	383.04596	
679.53	428.03622	
679.939	433.03328	
680.348	418.04099	
680.757	350.53412	
681.166	358.03827	
681.575	425.53756	
681.984	338.02533	
682.393	425.53756	
682.802	430.5348	
683.21	450.52007	
683.619	353.0356	
684.027	335.52329	
684.436	388.04637	
684.844	355.53698	
685.253	410.5436	
685.661	373.04401	
686.069	353.0356	
686.477	335.52329	
686.886	393.04641	
687.294	400.54576	
687.702	423.03879	
688.11	448.02223	
688.518	363.04056	
688.926	433.03328	
689.333	445.5243	
689.741	418.04099	
690.149	365.54156	
690.557	512.93606	
690.964	517.92688	
691.372	562.82785	
691.779	2242.36636	
692.187	10620.4644	
692.594	15785.6204	
693.001	15986.97669	
693.409	10374.2661	
693.816	6832.47185	
694.223	4988.40284	
694.63	3619.40746	
695.037	2527.60313	
695.444	1683.91274	
695.851	1274.98712	
696.258	841.56688	
696.665	557.8403	
697.072	525.41241	
697.479	463.00786	
697.885	510.44052	
698.292	482.98354	
698.698	525.41241	
699.105	487.97654	
699.511	507.94489	
699.918	420.53994	
700.324	448.02223	
700.73	597.73064	
701.137	759.55188	
701.543	1358.91188	
701.949	3730.12378	
702.355	20641.64749	
702.761	34510.30708	
703.167	39357.66022	
703.573	28299.30641	
703.979	17712.49063	
704.385	12541.62573	
704.79	9060.64254	
705.196	6623.70891	
705.602	4423.17786	
706.007	2797.42206	
706.413	1777.23803	
706.818	1005.32119	
707.224	717.26515	
707.629	497.96144	
708.034	557.8403	
708.439	515.43152	
708.845	425.53756	
709.25	390.54644	
709.655	370.54329	
710.06	440.52817	
710.465	302.9881	
710.87	438.02997	
711.275	450.52007	
711.679	385.54621	
712.084	370.54329	
712.489	403.04536	
712.893	370.54329	
713.298	430.5348	
713.702	418.04099	
714.107	385.54621	
714.511	443.02628	
714.916	450.52007	
715.32	415.54196	
715.724	405.54487	
716.128	672.46351	
716.533	2264.33885	
716.937	3566.41586	
717.341	3684.40689	
717.745	2911.44541	
718.149	1990.52223	
718.552	1457.53387	
718.956	1270.04759	
719.36	1000.36425	
719.764	757.06512	
720.167	610.19167	
720.571	458.01302	
720.974	497.96144	
721.378	413.04282	
721.781	455.51546	
722.185	420.53994	
722.588	415.54196	
722.991	565.32149	
723.394	3172.96587	
723.797	10993.50776	
724.2	14776.53254	
724.603	14587.54761	
725.006	9058.3388	
725.409	6235.75509	
725.812	4712.09517	
726.215	3556.7782	
726.618	2456.9845	
727.02	1627.37607	
727.423	965.65645	
727.826	647.56141	
728.228	515.43152	
728.631	532.89713	
729.033	445.5243	
729.435	365.54156	
729.838	380.54561	
730.24	393.04641	
730.642	383.04596	
731.044	368.04247	
731.446	388.04637	
731.848	390.54644	
732.25	393.04641	
732.652	393.04641	
733.054	385.54621	
733.456	365.54156	
733.857	395.54629	
734.259	393.04641	
734.661	403.04536	
735.062	323.01166	
735.464	368.04247	
735.865	373.04401	
736.267	318.00634	
736.668	313.00064	
737.069	313.00064	
737.47	345.53089	
737.872	383.04596	
738.273	300.48473	
738.674	423.03879	
739.075	388.04637	
739.476	418.04099	
739.877	398.04607	
740.278	365.54156	
740.678	423.03879	
741.079	285.46249	
741.48	375.54464	
741.88	335.52329	
742.281	428.03622	
742.681	816.72368	
743.082	2741.57527	
743.482	4006.42335	
743.882	4198.22596	
744.283	3078.6058	
744.683	2002.76411	
745.083	1575.72208	
745.483	1289.80386	
745.883	948.29647	
746.283	821.693	
746.683	650.05202	
747.083	542.87548	
747.483	468.00233	
747.883	744.63001	
748.282	1153.87837	
748.682	1270.04759	
749.082	1059.82597	
749.481	863.9185	
749.881	692.37885	
750.28	650.05202	
750.679	567.81504	
751.079	463.00786	
751.478	433.03328	
751.877	423.03879	
752.276	480.4869	
752.675	759.55188	
753.074	1059.82597	
753.473	1292.27304	
753.872	1307.08652	
754.271	1017.71211	
754.67	918.52705	
755.069	717.26515	
755.467	605.20753	
755.866	472.99643	
756.265	385.54621	
756.663	445.5243	
757.062	385.54621	
757.46	393.04641	
757.858	458.01302	
758.257	383.04596	
758.655	378.04517	
759.053	403.04536	
759.451	343.02913	
759.849	380.54561	
760.247	343.02913	
760.645	365.54156	
761.043	343.02913	
761.441	373.04401	
761.839	370.54329	
762.237	418.04099	
762.634	403.04536	
763.032	373.04401	
763.429	388.04637	
763.827	395.54629	
764.224	385.54621	
764.622	383.04596	
765.019	373.04401	
765.416	400.54576	
765.814	388.04637	
766.211	388.04637	
766.608	373.04401	
767.005	368.04247	
767.402	355.53698	
767.799	325.51417	
768.196	330.51892	
768.593	428.03622	
768.989	390.54644	
769.386	388.04637	
769.783	393.04641	
770.179	360.53946	
770.576	355.53698	
770.972	385.54621	
771.369	430.5348	
771.765	413.04282	
772.161	360.53946	
772.558	287.96643	
772.954	408.04428	
773.35	395.54629	
773.746	428.03622	
774.142	405.54487	
774.538	325.51417	
774.934	335.52329	
775.33	333.02115	
775.726	440.52817	
776.121	383.04596	
776.517	378.04517	
776.913	408.04428	
777.308	393.04641	
777.704	435.53167	
778.099	388.04637	
778.495	395.54629	
778.89	410.5436	
779.285	373.04401	
779.68	348.03255	
780.076	420.53994	
780.471	338.02533	
780.866	425.53756	
781.261	378.04517	
781.656	415.54196	
782.051	355.53698	
782.445	310.49765	
782.84	323.01166	
783.235	400.54576	
783.63	333.02115	
784.024	418.04099	
784.419	365.54156	
784.813	358.03827	
785.208	365.54156	
785.602	408.04428	
785.996	360.53946	
786.391	363.04056	
786.785	360.53946	
787.179	468.00233	
787.573	365.54156	
787.967	415.54196	
788.361	282.95845	
788.755	310.49765	
789.149	375.54464	
789.543	383.04596	
789.936	348.03255	
790.33	373.04401	
790.724	350.53412	
791.117	388.04637	
791.511	388.04637	
791.904	375.54464	
792.298	413.04282	
792.691	325.51417	
793.084	405.54487	
793.477	495.46535	
793.871	482.98354	
794.264	413.04282	
794.657	438.02997	
795.05	338.02533	
795.443	398.04607	
795.836	338.02533	
796.228	408.04428	
796.621	365.54156	
797.014	405.54487	
797.406	355.53698	
797.799	330.51892	
798.192	380.54561	
798.584	328.01659	
798.976	358.03827	
799.369	353.0356	
799.761	400.54576	
800.153	435.53167	
800.546	385.54621	
800.938	315.50354	
801.33	433.03328	
801.722	370.54329	
802.114	408.04428	
802.506	368.04247	
802.897	398.04607	
803.289	282.95845	
803.681	415.54196	
804.073	355.53698	
804.464	320.50905	
804.856	390.54644	
805.247	323.01166	
805.639	393.04641	
806.03	353.0356	
806.421	345.53089	
806.813	385.54621	
807.204	443.02628	
807.595	537.88649	
807.986	472.99643	
808.377	438.02997	
808.768	443.02628	
809.159	418.04099	
809.55	435.53167	
809.941	348.03255	
810.331	395.54629	
810.722	373.04401	
811.113	415.54196	
811.503	358.03827	
811.894	395.54629	
812.284	433.03328	
812.675	482.98354	
813.065	403.04536	
813.455	555.34639	
813.846	438.02997	
814.236	393.04641	
814.626	343.02913	
815.016	418.04099	
815.406	398.04607	
815.796	370.54329	
816.186	373.04401	
816.575	487.97654	
816.965	375.54464	
817.355	365.54156	
817.745	355.53698	
818.134	403.04536	
818.524	415.54196	
818.913	343.02913	
819.303	378.04517	
819.692	403.04536	
820.081	413.04282	
820.47	388.04637	
820.86	358.03827	
821.249	345.53089	
821.638	408.04428	
822.027	428.03622	
822.416	405.54487	
822.805	360.53946	
823.193	418.04099	
823.582	320.50905	
823.971	445.5243	
824.36	443.02628	
824.748	375.54464	
825.137	430.5348	
825.525	435.53167	
825.914	428.03622	
826.302	453.01781	
826.69	418.04099	
827.079	560.33412	
827.467	398.04607	
827.855	395.54629	
828.243	368.04247	
828.631	360.53946	
829.019	450.52007	
829.407	615.17546	
829.795	717.26515	
830.182	600.22303	
830.57	540.38103	
830.958	450.52007	
831.345	428.03622	
831.733	430.5348	
832.12	475.49334	
832.508	435.53167	
832.895	365.54156	
833.283	405.54487	
833.67	345.53089	
834.057	348.03255	
834.444	383.04596	
834.831	353.0356	
835.218	313.00064	
835.605	398.04607	
835.992	415.54196	
836.379	502.95335	
836.766	806.78402	
837.152	1321.89723	
837.539	1615.08041	
837.926	1494.48607	
838.312	1074.68408	
838.699	809.26906	
839.085	704.82309	
839.472	547.86412	
839.858	487.97654	
840.244	400.54576	
840.63	415.54196	
841.017	552.85239	
841.403	575.29515	
841.789	600.22303	
842.175	610.19167	
842.561	472.99643	
842.946	418.04099	
843.332	458.01302	
843.718	405.54487	
844.104	445.5243	
844.489	448.02223	
844.875	400.54576	
845.26	400.54576	
845.646	333.02115	
846.031	328.01659	
846.416	395.54629	
846.802	380.54561	
847.187	385.54621	
847.572	358.03827	
847.957	330.51892	
848.342	378.04517	
848.727	694.86787	
849.112	940.85524	
849.497	1062.30253	
849.882	834.11481	
850.266	605.20753	
850.651	512.93606	
851.036	497.96144	
851.42	428.03622	
851.805	477.99017	
852.189	388.04637	
852.574	353.0356	
852.958	460.51048	
853.342	415.54196	
853.726	345.53089	
854.11	425.53756	
854.495	408.04428	
854.879	395.54629	
855.263	423.03879	
855.646	353.0356	
856.03	292.97404	
856.414	380.54561	
856.798	403.04536	
857.181	373.04401	
857.565	343.02913	
857.949	433.03328	
858.332	490.4729	
858.716	577.78834	
859.099	517.92688	
859.482	522.91732	
859.866	492.96917	
860.249	455.51546	
860.632	310.49765	
861.015	475.49334	
861.398	408.04428	
861.781	453.01781	
862.164	358.03827	
862.547	395.54629	
862.929	612.68361	
863.312	560.33412	
863.695	517.92688	
864.077	545.36984	
864.46	567.81504	
864.842	692.37885	
865.225	789.38631	
865.607	630.12468	
865.99	522.91732	
866.372	460.51048	
866.754	403.04536	
867.136	475.49334	
867.518	455.51546	
867.9	542.87548	
868.282	485.48008	
868.664	443.02628	
869.046	413.04282	
869.428	438.02997	
869.809	443.02628	
870.191	413.04282	
870.573	433.03328	
870.954	463.00786	
871.336	380.54561	
871.717	398.04607	
872.099	443.02628	
872.48	358.03827	
872.861	408.04428	
873.242	385.54621	
873.623	345.53089	
874.004	388.04637	
874.385	360.53946	
874.766	360.53946	
875.147	353.0356	
875.528	368.04247	
875.909	375.54464	
876.29	430.5348	
876.67	410.5436	
877.051	438.02997	
877.431	570.3085	
877.812	722.24136	
878.192	729.70503	
878.573	620.15889	
878.953	465.50514	
879.333	520.42214	
879.713	413.04282	
880.093	365.54156	
880.473	390.54644	
880.853	408.04428	
881.233	470.49942	
881.613	348.03255	
881.993	403.04536	
882.373	370.54329	
882.753	385.54621	
883.132	365.54156	
883.512	335.52329	
883.891	348.03255	
884.271	405.54487	
884.65	443.02628	
885.029	408.04428	
885.409	443.02628	
885.788	420.53994	
886.167	472.99643	
886.546	438.02997	
886.925	430.5348	
887.304	408.04428	
887.683	390.54644	
888.062	433.03328	
888.441	410.5436	
888.82	380.54561	
889.198	355.53698	
889.577	385.54621	
889.955	378.04517	
890.334	395.54629	
890.712	400.54576	
891.091	403.04536	
891.469	408.04428	
891.847	365.54156	
892.226	423.03879	
892.604	380.54561	
892.982	388.04637	
893.36	450.52007	
893.738	378.04517	
894.116	363.04056	
894.493	365.54156	
894.871	415.54196	
895.249	370.54329	
895.627	305.49138	
896.004	398.04607	
896.382	393.04641	
896.759	318.00634	
897.137	370.54329	
897.514	338.02533	
897.891	395.54629	
898.269	318.00634	
898.646	440.52817	
899.023	475.49334	
899.4	405.54487	
899.777	373.04401	
900.154	415.54196	
900.531	370.54329	
900.908	368.04247	
901.284	323.01166	
901.661	302.9881	
902.038	307.99456	
902.414	405.54487	
902.791	345.53089	
903.167	363.04056	
903.544	343.02913	
903.92	320.50905	
904.296	272.94132	
904.672	353.0356	
905.049	403.04536	
905.425	448.02223	
905.801	355.53698	
906.177	302.9881	
906.553	398.04607	
906.929	348.03255	
907.304	340.52728	
907.68	433.03328	
908.056	363.04056	
908.431	390.54644	
908.807	355.53698	
909.182	355.53698	
909.558	368.04247	
909.933	403.04536	
910.309	360.53946	
910.684	398.04607	
911.059	348.03255	
911.434	385.54621	
911.809	338.02533	
912.184	355.53698	
912.559	370.54329	
912.934	360.53946	
913.309	373.04401	
913.684	375.54464	
914.058	388.04637	
914.433	440.52817	
914.808	420.53994	
915.182	363.04056	
915.557	403.04536	
915.931	375.54464	
916.305	345.53089	
916.68	370.54329	
917.054	358.03827	
917.428	307.99456	
917.802	418.04099	
918.176	458.01302	
918.55	375.54464	
918.924	390.54644	
919.298	385.54621	
919.672	345.53089	
920.045	400.54576	
920.419	413.04282	
920.793	385.54621	
921.166	428.03622	
921.54	368.04247	
921.913	345.53089	
922.287	388.04637	
922.66	403.04536	
923.033	325.51417	
923.406	435.53167	
923.78	453.01781	
924.153	395.54629	
924.526	368.04247	
924.899	302.9881	
925.271	383.04596	
925.644	343.02913	
926.017	348.03255	
926.39	410.5436	
926.762	323.01166	
927.135	338.02533	
927.508	353.0356	
927.88	390.54644	
928.252	360.53946	
928.625	348.03255	
928.997	340.52728	
929.369	398.04607	
929.741	405.54487	
930.114	400.54576	
930.486	370.54329	
930.858	375.54464	
931.229	420.53994	
931.601	413.04282	
931.973	440.52817	
932.345	290.47028	
932.717	353.0356	
933.088	400.54576	
933.46	418.04099	
933.831	315.50354	
934.203	355.53698	
934.574	343.02913	
934.945	400.54576	
935.317	360.53946	
935.688	443.02628	
936.059	413.04282	
936.43	318.00634	
936.801	365.54156	
937.172	350.53412	
937.543	338.02533	
937.914	393.04641	
938.284	330.51892	
938.655	368.04247	
939.026	320.50905	
939.396	440.52817	
939.767	363.04056	
940.137	395.54629	
940.508	360.53946	
940.878	400.54576	
941.248	350.53412	
941.618	468.00233	
941.989	438.02997	
942.359	375.54464	
942.729	385.54621	
943.099	405.54487	
943.469	355.53698	
943.838	350.53412	
944.208	383.04596	
944.578	458.01302	
944.948	328.01659	
945.317	353.0356	
945.687	380.54561	
946.056	408.04428	
946.426	320.50905	
946.795	410.5436	
947.164	373.04401	
947.533	400.54576	
947.903	315.50354	
948.272	365.54156	
948.641	420.53994	
949.01	433.03328	
949.379	435.53167	
949.748	408.04428	
950.116	378.04517	
950.485	365.54156	
950.854	282.95845	
951.222	393.04641	
951.591	410.5436	
951.959	325.51417	
952.328	318.00634	
952.696	333.02115	
953.065	368.04247	
953.433	310.49765	
953.801	257.91274	
954.169	340.52728	
954.537	333.02115	
954.905	350.53412	
955.273	385.54621	
955.641	400.54576	
956.009	425.53756	
956.377	388.04637	
956.744	310.49765	
957.112	368.04247	
957.479	430.5348	
957.847	418.04099	
958.214	425.53756	
958.582	380.54561	
958.949	345.53089	
959.316	375.54464	
959.684	395.54629	
960.051	388.04637	
960.418	465.50514	
960.785	363.04056	
961.152	323.01166	
961.519	358.03827	
961.885	375.54464	
962.252	418.04099	
962.619	423.03879	
962.986	368.04247	
963.352	325.51417	
963.719	333.02115	
964.085	385.54621	
964.452	383.04596	
964.818	440.52817	
965.184	343.02913	
965.55	388.04637	
965.916	378.04517	
966.283	343.02913	
966.649	380.54561	
967.015	292.97404	
967.38	350.53412	
967.746	285.46249	
968.112	413.04282	
968.478	400.54576	
968.843	297.98126	
969.209	445.5243	
969.575	393.04641	
969.94	388.04637	
970.305	365.54156	
970.671	355.53698	
971.036	403.04536	
971.401	363.04056	
971.766	430.5348	
972.132	313.00064	
972.497	418.04099	
972.862	393.04641	
973.227	348.03255	
973.591	305.49138	
973.956	358.03827	
974.321	340.52728	
974.686	307.99456	
975.05	355.53698	
975.415	443.02628	
975.779	315.50354	
976.144	450.52007	
976.508	380.54561	
976.872	373.04401	
977.236	358.03827	
977.601	403.04536	
977.965	310.49765	
978.329	400.54576	
978.693	368.04247	
979.057	335.52329	
979.421	318.00634	
979.784	345.53089	
980.148	360.53946	
980.512	305.49138	
980.875	343.02913	
981.239	335.52329	
981.602	403.04536	
981.966	395.54629	
982.329	277.95007	
982.692	482.98354	
983.056	403.04536	
983.419	403.04536	
983.782	393.04641	
984.145	345.53089	
984.508	403.04536	
984.871	368.04247	
985.234	338.02533	
985.597	323.01166	
985.959	343.02913	
986.322	448.02223	
986.685	345.53089	
987.047	335.52329	
987.41	297.98126	
987.772	343.02913	
988.134	365.54156	
988.497	393.04641	
988.859	398.04607	
989.221	365.54156	
989.583	438.02997	
989.945	318.00634	
990.307	413.04282	
990.669	400.54576	
991.031	358.03827	
991.393	365.54156	
991.755	320.50905	
992.116	368.04247	
992.478	360.53946	
992.839	385.54621	
993.201	333.02115	
993.562	400.54576	
993.924	335.52329	
994.285	380.54561	
994.646	287.96643	
995.007	368.04247	
995.369	440.52817	
995.73	318.00634	
996.091	360.53946	
996.451	315.50354	
996.812	275.44574	
997.173	380.54561	
997.534	375.54464	
997.895	360.53946	
998.255	368.04247	
998.616	307.99456	
998.976	320.50905	
999.337	358.03827	
999.697	370.54329	
1000.057	420.53994	
1000.418	355.53698	
1000.778	405.54487	
1001.138	335.52329	
1001.498	400.54576	
1001.858	350.53412	
1002.218	343.02913	
1002.578	388.04637	
1002.937	353.0356	
1003.297	390.54644	
1003.657	380.54561	
1004.016	398.04607	
1004.376	375.54464	
1004.735	433.03328	
1005.095	390.54644	
1005.454	360.53946	
1005.813	355.53698	
1006.173	328.01659	
1006.532	333.02115	
1006.891	410.5436	
1007.25	300.48473	
1007.609	318.00634	
1007.968	380.54561	
1008.327	353.0356	
1008.686	355.53698	
1009.044	335.52329	
1009.403	365.54156	
1009.762	355.53698	
1010.12	348.03255	
1010.479	398.04607	
1010.837	393.04641	
1011.195	313.00064	
1011.554	378.04517	
1011.912	315.50354	
1012.27	365.54156	
1012.628	313.00064	
1012.986	257.91274	
1013.344	385.54621	
1013.702	398.04607	
1014.06	358.03827	
1014.418	353.0356	
1014.775	465.50514	
1015.133	388.04637	
1015.491	435.53167	
1015.848	370.54329	
1016.206	302.9881	
1016.563	363.04056	
1016.92	385.54621	
1017.278	438.02997	
1017.635	320.50905	
1017.992	353.0356	
1018.349	383.04596	
1018.706	338.02533	
1019.063	375.54464	
1019.42	360.53946	
1019.777	388.04637	
1020.134	338.02533	
1020.49	305.49138	
1020.847	302.9881	
1021.203	340.52728	
1021.56	335.52329	
1021.916	390.54644	
1022.273	368.04247	
1022.629	333.02115	
1022.985	360.53946	
1023.342	368.04247	
1023.698	355.53698	
1024.054	325.51417	
1024.41	338.02533	
1024.766	395.54629	
1025.122	435.53167	
1025.477	433.03328	
1025.833	328.01659	
1026.189	355.53698	
1026.545	378.04517	
1026.9	348.03255	
1027.256	423.03879	
1027.611	330.51892	
1027.966	363.04056	
1028.322	365.54156	
1028.677	415.54196	
1029.032	418.04099	
1029.387	380.54561	
1029.742	393.04641	
1030.097	368.04247	
1030.452	458.01302	
1030.807	320.50905	
1031.162	320.50905	
1031.517	398.04607	
1031.871	325.51417	
1032.226	330.51892	
1032.581	330.51892	
1032.935	330.51892	
